                  10                   0                   0             25.0178             24.4318             49.4496
                  10                  10                   0             26.0298             24.4318             50.4616
                  10                  20                   0             26.6335             22.7273             49.3608
                  10                  30                   0             27.4148             22.1591             49.5739
                  10                  40                   0              28.054             21.5909             49.6449
                  10                  50                   0             28.7997             20.4545             49.2543
                  10                  60                   0             29.5099             19.8864             49.3963
                  10                  70                   0             30.2557             19.3182             49.5739
                  10                  80                   0             31.2855             19.8864             51.1719
                  10                  90                   0             32.2798               18.75             51.0298
                  10                 100                   0             33.2209             17.6136             50.8345
                  10                 110                   0             34.2152             17.0455             51.2607
                  10                 120                   0             35.2628             16.4773             51.7401
                  10                 130                   0             36.2393             16.4773             52.7166
                  10                 140                   0             37.3224             16.4773             53.7997
                  10                 150                   0             38.4055             14.7727             53.1783
                  10                 160                   0             39.5064             14.2045             53.7109
                  10                 170                   0             40.7138             14.2045             54.9183
                  10                 180                   0             42.0099             14.2045             56.2145
                  10                 190                   0             43.0575             13.6364             56.6939
                  10                 200                   0             44.5312                12.5             57.0312
                  10                 210                   0              46.733             11.9318             58.6648
                  10                 220                   0             48.2422             11.9318              60.174
                  10                 230                   0             49.7337             11.9318             61.6655
                  10                 240                   0             51.1541             11.3636             62.5178
                  10                 250                   0             52.1129             11.3636             63.4766
                  10                 260                   0             53.5689             11.3636             64.9325
                  10                 270                   0             55.1491             10.7955             65.9446
                  10                 280                   0             56.0014             10.2273             66.2287
                  10                 290                   0             57.6527             8.52273             66.1754
                  10                 300                   0             58.4872             8.52273             67.0099
                  10                 310                   0              59.375             8.52273             67.8977
                  10                 320                   0             60.6889             8.52273             69.2116
                  10                 330                   0              61.701             8.52273             70.2237
                  10                 340                   0             63.1214             8.52273             71.6442
                  10                 350                   0             64.3288             8.52273             72.8516
                  10                 360                   0             65.1989             8.52273             73.7216
                  10                 370                   0             66.6016             8.52273             75.1243
                  10                 380                   0             67.4183             8.52273             75.9411
                  10                 390                   0             68.4837             8.52273             77.0064
                  10                 400                   0              69.407             8.52273             77.9297
                  10                 410                   0             70.5433             8.52273             79.0661
                  10                 420                   0             71.0582             8.52273              79.581
                  10                 430                   0             72.1946             8.52273             80.7173
                  10                 440                   0             72.9581             8.52273             81.4808
                  10                 450                   0             73.4375             8.52273             81.9602
                  10                 460                   0             74.3963             8.52273              82.919
                  10                 470                   0             75.3374             8.52273             83.8601
                  10                 480                   0             78.0362             7.38636             85.4226
                  10                 490                   0             78.7287             7.38636             86.1151
                  10                 500                   0             79.1193             7.38636             86.5057
                  10                 510                   0             79.4212             7.38636             86.8075
                  10                 520                   0             80.2024             7.38636             87.5888
                  10                 530                   0             80.6286             7.38636             88.0149
                  10                 540                   0             81.1967             7.38636             88.5831
                  10                 550                   0              81.392             7.38636             88.7784
                  10                 560                   0             81.8714             7.38636             89.2578
                  10                 570                   0             81.9425             7.38636             89.3288
                  10                 580                   0               82.12             7.38636             89.5064
                  10                 590                   0             82.4574             7.38636             89.8438
                  10                 600                   0             82.7947             7.38636             90.1811
                  10                 610                   0             82.9545             7.38636             90.3409
                  10                 620                   0             82.9901             7.38636             90.3764
                  10                 630                   0             83.2919             7.38636             90.6783
                  10                 640                   0             83.7358             7.38636             91.1222
                  10                 650                   0             89.5952             1.13636             90.7315
                  10                 660                   0             89.7195             1.13636             90.8558
                  10                 670                   0              89.897             1.13636             91.0334
                  10                 680                   0             90.9091             1.13636             92.0455
                  10                 690                   0             91.0866             1.13636              92.223
                  10                 700                   0             91.1932             1.13636             92.3295
                  10                 710                   0             91.2464             1.13636             92.3828
                  10                 720                   0             91.5661             1.13636             92.7024
                  10                 730                   0             91.7791             1.13636             92.9155
                  10                 740                   0             92.0455             1.13636             93.1818
                  10                 750                   0             92.0987             1.13636             93.2351
                  10                 760                   0             92.1697             1.13636             93.3061
                  10                 770                   0             92.2585             1.13636             93.3949
                  10                 780                   0             92.3651             1.13636             93.5014
                  10                 790                   0             92.4893            0.568182             93.0575
                  10                 800                   0             92.6136            0.568182             93.1818
                  10                 810                   0             92.9155            0.568182             93.4837
                  10                 820                   0             93.0398            0.568182              93.608
                  10                 830                   0             93.1463            0.568182             93.7145
                  10                 840                   0             93.2884            0.568182             93.8565
                  10                 850                   0             93.5902            0.568182             94.1584
                  10                 860                   0             93.6967            0.568182             94.2649
                  10                 870                   0             93.7145            0.568182             94.2827
                  10                 880                   0             94.1406            0.568182             94.7088
                  10                 890                   0             94.1406            0.568182             94.7088
                  10                 900                   0             94.2116            0.568182             94.7798
                  10                 910                   0             94.3537            0.568182             94.9219
                  10                 920                   0             94.5668            0.568182             95.1349
                  10                 930                   0             94.7798            0.568182              95.348
                  10                 940                   0             94.8331            0.568182             95.4013
                  10                 950                   0             94.8864            0.568182             95.4545
                  10                 960                   0             94.9396            0.568182             95.5078
                  10                 970                   0             94.9574            0.568182             95.5256
                  10                 980                   0             94.9574            0.568182             95.5256
                  10                 990                   0             94.9751            0.568182             95.5433
                  10                1000                   0             94.9929            0.568182             95.5611
