                  35                   0                   0             68.3771             8.52273             76.8999
                  35                  10                   0             70.8807             7.95455             78.8352
                  35                  20                   0              71.946             7.95455             79.9006
                  35                  30                   0             72.9048             7.95455             80.8594
                  35                  40                   0             74.3963             7.95455             82.3509
                  35                  50                   0             75.4439             7.95455             83.3984
                  35                  60                   0             76.3849             7.95455             84.3395
                  35                  70                   0             77.4148             7.95455             85.3693
                  35                  80                   0             78.1428             7.95455             86.0973
                  35                  90                   0             78.9773             7.95455             86.9318
                  35                 100                   0             79.5099             7.38636             86.8963
                  35                 110                   0             80.3445             7.38636             87.7308
                  35                 120                   0             81.0014             6.81818             87.8196
                  35                 130                   0             81.4631             6.81818             88.2812
                  35                 140                   0             81.8892             6.81818             88.7074
                  35                 150                   0             82.4574             6.81818             89.2756
                  35                 160                   0             82.8125             6.81818             89.6307
                  35                 170                   0             83.2031             6.81818             90.0213
                  35                 180                   0             83.3274             6.81818             90.1456
                  35                 190                   0             83.8246             6.81818             90.6428
                  35                 200                   0              84.446             6.81818             91.2642
                  35                 210                   0             84.6768             6.81818              91.495
                  35                 220                   0             85.5646             6.81818             92.3828
                  35                 230                   0             87.0384             6.81818             93.8565
                  35                 240                   0             87.5355             6.81818             94.3537
                  35                 250                   0             87.8906             6.81818             94.7088
                  35                 260                   0               88.37             6.81818             95.1882
                  35                 270                   0             89.7905             2.27273             92.0632
                  35                 280                   0             91.5661             2.27273             93.8388
                  35                 290                   0             91.9212             2.27273             94.1939
                  35                 300                   0             92.4361             2.27273             94.7088
                  35                 310                   0             92.5071             2.27273             94.7798
                  35                 320                   0             92.7557             2.27273             95.0284
                  35                 330                   0             93.1996             2.27273             95.4723
                  35                 340                   0             93.4482             2.27273             95.7209
                  35                 350                   0             93.6967            0.568182             94.2649
                  35                 360                   0             93.8033            0.568182             94.3714
                  35                 370                   0             93.9808            0.568182              94.549
                  35                 380                   0             94.3537            0.568182             94.9219
                  35                 390                   0             94.5845            0.568182             95.1527
                  35                 400                   0             94.7976            0.568182             95.3658
                  35                 410                   0             94.9574            0.568182             95.5256
                  35                 420                   0             95.1172            0.568182             95.6854
                  35                 430                   0             95.1882            0.568182             95.7564
                  35                 440                   0              95.348            0.568182             95.9162
                  35                 450                   0             95.5788            0.568182              96.147
                  35                 460                   0             95.6499            0.568182              96.218
                  35                 470                   0             95.7741            0.568182             96.3423
                  35                 480                   0             95.8629            0.568182             96.4311
                  35                 490                   0             95.8807            0.568182             96.4489
                  35                 500                   0             95.9162            0.568182             96.4844
                  35                 510                   0             95.9517            0.568182             96.5199
                  35                 520                   0             95.9517            0.568182             96.5199
                  35                 530                   0             95.9695            0.568182             96.5376
                  35                 540                   0              96.005            0.568182             96.5732
                  35                 550                   0              96.005            0.568182             96.5732
                  35                 560                   0             96.0227            0.568182             96.5909
                  35                 570                   0             96.0582            0.568182             96.6264
                  35                 580                   0             96.1293            0.568182             96.6974
                  35                 590                   0             96.3423            0.568182             96.9105
                  35                 600                   0             96.4134            0.568182             96.9815
                  35                 610                   0             96.4134            0.568182             96.9815
                  35                 620                   0             96.4134            0.568182             96.9815
                  35                 630                   0             96.4134            0.568182             96.9815
                  35                 640                   0             96.4311            0.568182             96.9993
                  35                 650                   0             96.4311            0.568182             96.9993
                  35                 660                   0             96.4311            0.568182             96.9993
                  35                 670                   0             96.5909            0.568182             97.1591
                  35                 680                   0             96.5909            0.568182             97.1591
                  35                 690                   0             96.5909            0.568182             97.1591
                  35                 700                   0             96.6264            0.568182             97.1946
                  35                 710                   0             96.6442            0.568182             97.2124
                  35                 720                   0             96.6442            0.568182             97.2124
                  35                 730                   0             96.6442            0.568182             97.2124
                  35                 740                   0             96.6442            0.568182             97.2124
                  35                 750                   0             97.7983            0.568182             98.3665
                  35                 760                   0             97.8161            0.568182             98.3842
                  35                 770                   0             97.8161            0.568182             98.3842
                  35                 780                   0             97.8871            0.568182             98.4553
                  35                 790                   0             97.8871            0.568182             98.4553
                  35                 800                   0             97.8871            0.568182             98.4553
                  35                 810                   0             97.9048            0.568182              98.473
                  35                 820                   0             97.9048            0.568182              98.473
                  35                 830                   0             97.9048            0.568182              98.473
                  35                 840                   0             97.9048            0.568182              98.473
                  35                 850                   0             97.9048            0.568182              98.473
                  35                 860                   0             97.9048            0.568182              98.473
                  35                 870                   0             97.9048            0.568182              98.473
                  35                 880                   0             97.9048            0.568182              98.473
                  35                 890                   0             97.9048            0.568182              98.473
                  35                 900                   0             97.9048            0.568182              98.473
                  35                 910                   0             97.9226            0.568182             98.4908
                  35                 920                   0             97.9226            0.568182             98.4908
                  35                 930                   0             97.9226            0.568182             98.4908
                  35                 940                   0             97.9226            0.568182             98.4908
                  35                 950                   0             97.9226            0.568182             98.4908
                  35                 960                   0             97.9226            0.568182             98.4908
                  35                 970                   0             97.9226            0.568182             98.4908
                  35                 980                   0             97.9226            0.568182             98.4908
                  35                 990                   0             97.9226            0.568182             98.4908
                  35                1000                   0             97.9226            0.568182             98.4908
