                  40                   0                   0             73.2777             7.95455             81.2322
                  40                  10                   0             76.4205             7.95455              84.375
                  40                  20                   0             77.5213             7.38636             84.9077
                  40                  30                   0             78.2315             7.38636             85.6179
                  40                  40                   0             79.0128             7.38636             86.3991
                  40                  50                   0             79.6165             6.81818             86.4347
                  40                  60                   0             80.2912             6.81818             87.1094
                  40                  70                   0             80.8416             6.81818             87.6598
                  40                  80                   0             81.7294             6.81818             88.5476
                  40                  90                   0             82.2266             6.81818             89.0447
                  40                 100                   0             82.6882             6.81818             89.5064
                  40                 110                   0             82.9723             6.81818             89.7905
                  40                 120                   0             83.2919             6.81818             90.1101
                  40                 130                   0             83.8246             6.81818             90.6428
                  40                 140                   0             84.0909             6.81818             90.9091
                  40                 150                   0             84.7479             6.81818             91.5661
                  40                 160                   0              85.245             6.81818             92.0632
                  40                 170                   0             85.6534             6.81818             92.4716
                  40                 180                   0             86.0263             6.81818             92.8445
                  40                 190                   0              86.772             6.81818             93.5902
                  40                 200                   0             87.3757             6.81818             94.1939
                  40                 210                   0             88.1392             6.81818             94.9574
                  40                 220                   0             88.6541             6.81818             95.4723
                  40                 230                   0             89.6662             2.27273             91.9389
                  40                 240                   0             90.5362             2.27273             92.8089
                  40                 250                   0             91.3175             2.27273             93.5902
                  40                 260                   0             92.7379             2.27273             95.0107
                  40                 270                   0             93.3239             2.27273             95.5966
                  40                 280                   0             93.5369             2.27273             95.8097
                  40                 290                   0             93.8565             2.27273             96.1293
                  40                 300                   0             94.2116             2.27273             96.4844
                  40                 310                   0             94.4425             2.27273             96.7152
                  40                 320                   0             94.5845             2.27273             96.8572
                  40                 330                   0             94.7976            0.568182             95.3658
                  40                 340                   0             94.9041            0.568182             95.4723
                  40                 350                   0             94.9219            0.568182             95.4901
                  40                 360                   0             95.0107            0.568182             95.5788
                  40                 370                   0              95.277            0.568182             95.8452
                  40                 380                   0             96.1648            0.568182              96.733
                  40                 390                   0             96.3778            0.568182              96.946
                  40                 400                   0             96.4489            0.568182              97.017
                  40                 410                   0             96.5554            0.568182             97.1236
                  40                 420                   0             96.6264            0.568182             97.1946
                  40                 430                   0             96.7862            0.568182             97.3544
                  40                 440                   0             97.1236            0.568182             97.6918
                  40                 450                   0             97.1946            0.568182             97.7628
                  40                 460                   0             97.2656            0.568182             97.8338
                  40                 470                   0             97.2834            0.568182             97.8516
                  40                 480                   0             97.4254            0.568182             97.9936
                  40                 490                   0             97.4254            0.568182             97.9936
                  40                 500                   0             97.4254            0.568182             97.9936
                  40                 510                   0             97.4254            0.568182             97.9936
                  40                 520                   0             97.4254            0.568182             97.9936
                  40                 530                   0             97.4254            0.568182             97.9936
                  40                 540                   0             97.7273            0.568182             98.2955
                  40                 550                   0             97.7273            0.568182             98.2955
                  40                 560                   0             97.7273            0.568182             98.2955
                  40                 570                   0             97.7273            0.568182             98.2955
                  40                 580                   0             97.7273            0.568182             98.2955
                  40                 590                   0             97.7273            0.568182             98.2955
                  40                 600                   0             97.7273            0.568182             98.2955
                  40                 610                   0              97.745            0.568182             98.3132
                  40                 620                   0              97.745            0.568182             98.3132
                  40                 630                   0              97.745            0.568182             98.3132
                  40                 640                   0              97.745            0.568182             98.3132
                  40                 650                   0             97.7983            0.568182             98.3665
                  40                 660                   0             97.8161            0.568182             98.3842
                  40                 670                   0             97.8516            0.568182             98.4197
                  40                 680                   0             97.8516            0.568182             98.4197
                  40                 690                   0             97.8516            0.568182             98.4197
                  40                 700                   0             97.8516            0.568182             98.4197
                  40                 710                   0             97.9226            0.568182             98.4908
                  40                 720                   0             97.9226            0.568182             98.4908
                  40                 730                   0             97.9226            0.568182             98.4908
                  40                 740                   0             97.9226            0.568182             98.4908
                  40                 750                   0             97.9226            0.568182             98.4908
                  40                 760                   0             97.9226            0.568182             98.4908
                  40                 770                   0             97.9226            0.568182             98.4908
                  40                 780                   0             97.9226            0.568182             98.4908
                  40                 790                   0             97.9403            0.568182             98.5085
                  40                 800                   0             97.9403            0.568182             98.5085
                  40                 810                   0             97.9403            0.568182             98.5085
                  40                 820                   0             97.9403            0.568182             98.5085
                  40                 830                   0             97.9403            0.568182             98.5085
                  40                 840                   0             97.9403            0.568182             98.5085
                  40                 850                   0             97.9403            0.568182             98.5085
                  40                 860                   0             97.9403            0.568182             98.5085
                  40                 870                   0             97.9403            0.568182             98.5085
                  40                 880                   0             97.9403            0.568182             98.5085
                  40                 890                   0             97.9403            0.568182             98.5085
                  40                 900                   0             97.9403            0.568182             98.5085
                  40                 910                   0             97.9403            0.568182             98.5085
                  40                 920                   0             97.9403            0.568182             98.5085
                  40                 930                   0             97.9403            0.568182             98.5085
                  40                 940                   0             97.9403            0.568182             98.5085
                  40                 950                   0             97.9403            0.568182             98.5085
                  40                 960                   0             97.9403            0.568182             98.5085
                  40                 970                   0             97.9403            0.568182             98.5085
                  40                 980                   0             97.9403            0.568182             98.5085
                  40                 990                   0             97.9403            0.568182             98.5085
                  40                1000                   0             97.9403            0.568182             98.5085
