                  50                   0                   0             80.0249             6.81818              86.843
                  50                  10                   0             82.5817             6.81818             89.3999
                  50                  20                   0             82.9013             6.81818             89.7195
                  50                  30                   0             83.3629             6.81818             90.1811
                  50                  40                   0             83.8778             6.81818              90.696
                  50                  50                   0             84.2507             6.81818             91.0689
                  50                  60                   0             84.5881             6.81818             91.4062
                  50                  70                   0             84.9254             6.81818             91.7436
                  50                  80                   0             85.4048             6.81818              92.223
                  50                  90                   0             85.6889             6.81818             92.5071
                  50                 100                   0             86.4347             6.81818             93.2528
                  50                 110                   0             86.8253             6.81818             93.6435
                  50                 120                   0             87.3047             6.81818             94.1229
                  50                 130                   0             87.9972             6.81818             94.8153
                  50                 140                   0             88.8849             6.81818             95.7031
                  50                 150                   0              89.968                6.25              96.218
                  50                 160                   0             90.7848             5.11364             95.8984
                  50                 170                   0             91.4595             2.27273             93.7322
                  50                 180                   0              92.081             2.27273             94.3537
                  50                 190                   0             92.6136             2.27273             94.8864
                  50                 200                   0             92.8622             2.27273             95.1349
                  50                 210                   0             93.5192             2.27273             95.7919
                  50                 220                   0             93.9808             2.27273             96.2536
                  50                 230                   0              94.549             2.27273             96.8217
                  50                 240                   0             94.7443             2.27273              97.017
                  50                 250                   0             94.8509             2.27273             97.1236
                  50                 260                   0             94.9041             2.27273             97.1768
                  50                 270                   0             95.5611             2.27273             97.8338
                  50                 280                   0             95.8629             2.27273             98.1357
                  50                 290                   0             96.5909            0.568182             97.1591
                  50                 300                   0             96.7685            0.568182             97.3366
                  50                 310                   0             96.8928            0.568182             97.4609
                  50                 320                   0             96.9283            0.568182             97.4964
                  50                 330                   0             97.1058            0.568182              97.674
                  50                 340                   0             97.1591            0.568182             97.7273
                  50                 350                   0             97.1768            0.568182              97.745
                  50                 360                   0             97.2656            0.568182             97.8338
                  50                 370                   0             97.3189            0.568182             97.8871
                  50                 380                   0             97.3722            0.568182             97.9403
                  50                 390                   0             97.3899            0.568182             97.9581
                  50                 400                   0             97.4432            0.568182             98.0114
                  50                 410                   0             97.4787            0.568182             98.0469
                  50                 420                   0              97.532            0.568182             98.1001
                  50                 430                   0              97.532            0.568182             98.1001
                  50                 440                   0             97.5675            0.568182             98.1357
                  50                 450                   0             97.6918            0.568182             98.2599
                  50                 460                   0             97.6918            0.568182             98.2599
                  50                 470                   0             97.6918            0.568182             98.2599
                  50                 480                   0             97.6918            0.568182             98.2599
                  50                 490                   0             97.7273            0.568182             98.2955
                  50                 500                   0             97.7273            0.568182             98.2955
                  50                 510                   0             97.7273            0.568182             98.2955
                  50                 520                   0             97.7273            0.568182             98.2955
                  50                 530                   0             97.7273            0.568182             98.2955
                  50                 540                   0             97.7628            0.568182              98.331
                  50                 550                   0             97.7805            0.568182             98.3487
                  50                 560                   0             97.7983            0.568182             98.3665
                  50                 570                   0             97.8693            0.568182             98.4375
                  50                 580                   0             97.8693            0.568182             98.4375
                  50                 590                   0             97.8693            0.568182             98.4375
                  50                 600                   0             97.8693            0.568182             98.4375
                  50                 610                   0             97.8693            0.568182             98.4375
                  50                 620                   0             97.9226            0.568182             98.4908
                  50                 630                   0             97.9226            0.568182             98.4908
                  50                 640                   0             97.9226            0.568182             98.4908
                  50                 650                   0             97.9226            0.568182             98.4908
                  50                 660                   0             97.9226            0.568182             98.4908
                  50                 670                   0             97.9226            0.568182             98.4908
                  50                 680                   0             97.9226            0.568182             98.4908
                  50                 690                   0             97.9581            0.568182             98.5263
                  50                 700                   0             97.9581            0.568182             98.5263
                  50                 710                   0             97.9581            0.568182             98.5263
                  50                 720                   0             97.9759            0.568182              98.544
                  50                 730                   0             97.9759            0.568182              98.544
                  50                 740                   0             97.9759            0.568182              98.544
                  50                 750                   0             97.9936            0.568182             98.5618
                  50                 760                   0             97.9936            0.568182             98.5618
                  50                 770                   0             97.9936            0.568182             98.5618
                  50                 780                   0             97.9936            0.568182             98.5618
                  50                 790                   0             97.9936            0.568182             98.5618
                  50                 800                   0             97.9936            0.568182             98.5618
                  50                 810                   0             97.9936            0.568182             98.5618
                  50                 820                   0             97.9936            0.568182             98.5618
                  50                 830                   0             97.9936            0.568182             98.5618
                  50                 840                   0             97.9936            0.568182             98.5618
                  50                 850                   0             97.9936            0.568182             98.5618
                  50                 860                   0             97.9936            0.568182             98.5618
                  50                 870                   0             97.9936            0.568182             98.5618
                  50                 880                   0             97.9936            0.568182             98.5618
                  50                 890                   0             98.0646            0.568182             98.6328
                  50                 900                   0             98.0646            0.568182             98.6328
                  50                 910                   0             98.0646            0.568182             98.6328
                  50                 920                   0             98.0646            0.568182             98.6328
                  50                 930                   0             98.0646            0.568182             98.6328
                  50                 940                   0             98.0646            0.568182             98.6328
                  50                 950                   0             98.0646            0.568182             98.6328
                  50                 960                   0             98.0646            0.568182             98.6328
                  50                 970                   0             98.0646            0.568182             98.6328
                  50                 980                   0             98.0646            0.568182             98.6328
                  50                 990                   0             98.0646            0.568182             98.6328
                  50                1000                   0             98.0646            0.568182             98.6328
