                  85                   0                   0             91.2287             6.81818             98.0469
                  85                  10                   0             95.5788            0.568182              96.147
                  85                  20                   0             95.8452            0.568182             96.4134
                  85                  30                   0             96.0938            0.568182             96.6619
                  85                  40                   0             96.4134            0.568182             96.9815
                  85                  50                   0             96.6087            0.568182             97.1768
                  85                  60                   0             96.9815            0.568182             97.5497
                  85                  70                   0             97.1413            0.568182             97.7095
                  85                  80                   0             97.2479            0.568182             97.8161
                  85                  90                   0             97.6207            0.568182             98.1889
                  85                 100                   0             97.7805            0.568182             98.3487
                  85                 110                   0             97.9048            0.568182              98.473
                  85                 120                   0             98.1001            0.568182             98.6683
                  85                 130                   0             98.3132            0.568182             98.8814
                  85                 140                   0              98.402            0.568182             98.9702
                  85                 150                   0             98.6151            0.568182             99.1832
                  85                 160                   0             98.8459            0.568182             99.4141
                  85                 170                   0               99.13            0.568182             99.6982
                  85                 180                   0             99.2188            0.568182             99.7869
                  85                 190                   0             99.2898            0.568182              99.858
                  85                 200                   0              99.343            0.568182             99.9112
                  85                 210                   0             99.3786            0.568182             99.9467
                  85                 220                   0             99.3963            0.568182             99.9645
                  85                 230                   0             99.5561            0.568182             100.124
                  85                 240                   0             99.6626            0.568182             100.231
                  85                 250                   0             99.7337            0.568182             100.302
                  85                 260                   0             99.7514            0.568182              100.32
                  85                 270                   0             99.7514            0.568182              100.32
                  85                 280                   0             99.7692            0.568182             100.337
                  85                 290                   0             99.7869            0.568182             100.355
                  85                 300                   0             99.7869            0.568182             100.355
                  85                 310                   0             99.8224            0.568182             100.391
                  85                 320                   0             99.8224            0.568182             100.391
                  85                 330                   0             99.8402            0.568182             100.408
                  85                 340                   0             99.8402                   0             99.8402
                  85                 350                   0             99.8402                   0             99.8402
                  85                 360                   0             99.8402                   0             99.8402
                  85                 370                   0             99.8757                   0             99.8757
                  85                 380                   0             99.8935                   0             99.8935
                  85                 390                   0             99.8935                   0             99.8935
                  85                 400                   0             99.8935                   0             99.8935
                  85                 410                   0             99.8935                   0             99.8935
                  85                 420                   0             99.8935                   0             99.8935
                  85                 430                   0             99.9645                   0             99.9645
                  85                 440                   0             99.9645                   0             99.9645
                  85                 450                   0             99.9822                   0             99.9822
                  85                 460                   0             99.9822                   0             99.9822
                  85                 470                   0             99.9822                   0             99.9822
                  85                 480                   0             99.9822                   0             99.9822
                  85                 490                   0             99.9822                   0             99.9822
                  85                 500                   0             99.9822                   0             99.9822
                  85                 510                   0             99.9822                   0             99.9822
                  85                 520                   0             99.9822                   0             99.9822
                  85                 530                   0             99.9822                   0             99.9822
                  85                 540                   0             99.9822                   0             99.9822
                  85                 550                   0             99.9822                   0             99.9822
                  85                 560                   0             99.9822                   0             99.9822
                  85                 570                   0             99.9822                   0             99.9822
                  85                 580                   0             99.9822                   0             99.9822
                  85                 590                   0             99.9822                   0             99.9822
                  85                 600                   0             99.9822                   0             99.9822
                  85                 610                   0             99.9822                   0             99.9822
                  85                 620                   0             99.9822                   0             99.9822
                  85                 630                   0             99.9822                   0             99.9822
                  85                 640                   0             99.9822                   0             99.9822
                  85                 650                   0             99.9822                   0             99.9822
                  85                 660                   0             99.9822                   0             99.9822
                  85                 670                   0             99.9822                   0             99.9822
                  85                 680                   0             99.9822                   0             99.9822
                  85                 690                   0             99.9822                   0             99.9822
                  85                 700                   0             99.9822                   0             99.9822
                  85                 710                   0             99.9822                   0             99.9822
                  85                 720                   0             99.9822                   0             99.9822
                  85                 730                   0             99.9822                   0             99.9822
                  85                 740                   0             99.9822                   0             99.9822
                  85                 750                   0             99.9822                   0             99.9822
                  85                 760                   0             99.9822                   0             99.9822
                  85                 770                   0             99.9822                   0             99.9822
                  85                 780                   0             99.9822                   0             99.9822
                  85                 790                   0             99.9822                   0             99.9822
                  85                 800                   0             99.9822                   0             99.9822
                  85                 810                   0             99.9822                   0             99.9822
                  85                 820                   0             99.9822                   0             99.9822
                  85                 830                   0             99.9822                   0             99.9822
                  85                 840                   0             99.9822                   0             99.9822
                  85                 850                   0             99.9822                   0             99.9822
                  85                 860                   0             99.9822                   0             99.9822
                  85                 870                   0             99.9822                   0             99.9822
                  85                 880                   0             99.9822                   0             99.9822
                  85                 890                   0             99.9822                   0             99.9822
                  85                 900                   0             99.9822                   0             99.9822
                  85                 910                   0             99.9822                   0             99.9822
                  85                 920                   0             99.9822                   0             99.9822
                  85                 930                   0             99.9822                   0             99.9822
                  85                 940                   0             99.9822                   0             99.9822
                  85                 950                   0             99.9822                   0             99.9822
                  85                 960                   0             99.9822                   0             99.9822
                  85                 970                   0             99.9822                   0             99.9822
                  85                 980                   0             99.9822                   0             99.9822
                  85                 990                   0             99.9822                   0             99.9822
                  85                1000                   0             99.9822                   0             99.9822
