                  45                   0                   0             77.1129             6.81818             83.9311
                  45                  10                   0             80.2734             6.81818             87.0916
                  45                  20                   0             80.8239             6.81818              87.642
                  45                  30                   0             81.4098             6.81818              88.228
                  45                  40                   0             81.8892             6.81818             88.7074
                  45                  50                   0             82.2621             6.81818             89.0803
                  45                  60                   0             82.9368             6.81818              89.755
                  45                  70                   0             83.2741             6.81818             90.0923
                  45                  80                   0             83.7536             6.81818             90.5717
                  45                  90                   0             84.1797             6.81818             90.9979
                  45                 100                   0             84.4993             6.81818             91.3175
                  45                 110                   0             84.9787             6.81818             91.7969
                  45                 120                   0             85.2983             6.81818             92.1165
                  45                 130                   0             85.8665             6.81818             92.6847
                  45                 140                   0             86.1506             6.81818             92.9688
                  45                 150                   0             86.4702             6.81818             93.2884
                  45                 160                   0              87.429             6.81818             94.2472
                  45                 170                   0             87.9616             6.81818             94.7798
                  45                 180                   0             88.6896             6.81818             95.5078
                  45                 190                   0             89.4709             6.81818             96.2891
                  45                 200                   0             90.3409                6.25             96.5909
                  45                 210                   0              90.696             3.97727             94.6733
                  45                 220                   0             92.0277             2.27273             94.3004
                  45                 230                   0             92.8977             2.27273             95.1705
                  45                 240                   0             93.3594             2.27273             95.6321
                  45                 250                   0             93.6967             2.27273             95.9695
                  45                 260                   0             93.9276             2.27273             96.2003
                  45                 270                   0              94.478             2.27273             96.7507
                  45                 280                   0             94.5312             2.27273              96.804
                  45                 290                   0             94.7266             2.27273             96.9993
                  45                 300                   0             95.3125            0.568182             95.8807
                  45                 310                   0             95.6321            0.568182             96.2003
                  45                 320                   0              96.147            0.568182             96.7152
                  45                 330                   0             96.2536            0.568182             96.8217
                  45                 340                   0             96.5732            0.568182             97.1413
                  45                 350                   0             96.6087            0.568182             97.1768
                  45                 360                   0             96.6974            0.568182             97.2656
                  45                 370                   0             96.8217            0.568182             97.3899
                  45                 380                   0              96.875            0.568182             97.4432
                  45                 390                   0             96.9638            0.568182              97.532
                  45                 400                   0              97.017            0.568182             97.5852
                  45                 410                   0             97.0881            0.568182             97.6562
                  45                 420                   0             97.4254            0.568182             97.9936
                  45                 430                   0             97.4609            0.568182             98.0291
                  45                 440                   0              97.532            0.568182             98.1001
                  45                 450                   0              97.532            0.568182             98.1001
                  45                 460                   0             97.5675            0.568182             98.1357
                  45                 470                   0             97.6918            0.568182             98.2599
                  45                 480                   0             97.6918            0.568182             98.2599
                  45                 490                   0             97.6918            0.568182             98.2599
                  45                 500                   0             97.6918            0.568182             98.2599
                  45                 510                   0             97.6918            0.568182             98.2599
                  45                 520                   0             97.7273            0.568182             98.2955
                  45                 530                   0             97.7273            0.568182             98.2955
                  45                 540                   0             97.7273            0.568182             98.2955
                  45                 550                   0             97.7273            0.568182             98.2955
                  45                 560                   0             97.7273            0.568182             98.2955
                  45                 570                   0             97.7273            0.568182             98.2955
                  45                 580                   0              97.745            0.568182             98.3132
                  45                 590                   0             97.7805            0.568182             98.3487
                  45                 600                   0             97.7983            0.568182             98.3665
                  45                 610                   0             97.7983            0.568182             98.3665
                  45                 620                   0             97.7983            0.568182             98.3665
                  45                 630                   0             97.7983            0.568182             98.3665
                  45                 640                   0             97.8871            0.568182             98.4553
                  45                 650                   0             97.9226            0.568182             98.4908
                  45                 660                   0             97.9226            0.568182             98.4908
                  45                 670                   0             97.9226            0.568182             98.4908
                  45                 680                   0             97.9226            0.568182             98.4908
                  45                 690                   0             97.9226            0.568182             98.4908
                  45                 700                   0             97.9226            0.568182             98.4908
                  45                 710                   0             97.9226            0.568182             98.4908
                  45                 720                   0             97.9226            0.568182             98.4908
                  45                 730                   0             97.9226            0.568182             98.4908
                  45                 740                   0             97.9226            0.568182             98.4908
                  45                 750                   0             97.9226            0.568182             98.4908
                  45                 760                   0             97.9226            0.568182             98.4908
                  45                 770                   0             97.9403            0.568182             98.5085
                  45                 780                   0             97.9403            0.568182             98.5085
                  45                 790                   0             97.9403            0.568182             98.5085
                  45                 800                   0             97.9403            0.568182             98.5085
                  45                 810                   0             97.9403            0.568182             98.5085
                  45                 820                   0             97.9403            0.568182             98.5085
                  45                 830                   0             97.9403            0.568182             98.5085
                  45                 840                   0             97.9403            0.568182             98.5085
                  45                 850                   0             97.9403            0.568182             98.5085
                  45                 860                   0             97.9403            0.568182             98.5085
                  45                 870                   0             97.9403            0.568182             98.5085
                  45                 880                   0             97.9403            0.568182             98.5085
                  45                 890                   0             97.9759            0.568182              98.544
                  45                 900                   0             97.9759            0.568182              98.544
                  45                 910                   0             97.9759            0.568182              98.544
                  45                 920                   0             97.9936            0.568182             98.5618
                  45                 930                   0             97.9936            0.568182             98.5618
                  45                 940                   0             97.9936            0.568182             98.5618
                  45                 950                   0             97.9936            0.568182             98.5618
                  45                 960                   0             97.9936            0.568182             98.5618
                  45                 970                   0             97.9936            0.568182             98.5618
                  45                 980                   0             97.9936            0.568182             98.5618
                  45                 990                   0             97.9936            0.568182             98.5618
                  45                1000                   0             97.9936            0.568182             98.5618
