                  65                   0                   0             86.0618             6.81818               92.88
                  65                  10                   0             89.5597             6.81818             96.3778
                  65                  20                   0             89.9858             6.81818              96.804
                  65                  30                   0             90.3587             6.81818             97.1768
                  65                  40                   0              90.696             6.81818             97.5142
                  65                  50                   0             91.0511             6.81818             97.8693
                  65                  60                   0              91.424             6.81818             98.2422
                  65                  70                   0             91.7436             6.81818             98.5618
                  65                  80                   0             92.0987             5.11364             97.2124
                  65                  90                   0             92.4893             2.84091             95.3303
                  65                 100                   0              92.951             2.27273             95.2237
                  65                 110                   0             93.3416             2.27273             95.6143
                  65                 120                   0             93.8565             2.27273             96.1293
                  65                 130                   0             94.7266             2.27273             96.9993
                  65                 140                   0             95.0639             2.27273             97.3366
                  65                 150                   0             95.8629            0.568182             96.4311
                  65                 160                   0              96.218            0.568182             96.7862
                  65                 170                   0             96.3956            0.568182             96.9638
                  65                 180                   0             96.6442            0.568182             97.2124
                  65                 190                   0             96.7685            0.568182             97.3366
                  65                 200                   0             96.9993            0.568182             97.5675
                  65                 210                   0             97.0348            0.568182              97.603
                  65                 220                   0             97.2834            0.568182             97.8516
                  65                 230                   0             98.0114            0.568182             98.5795
                  65                 240                   0             98.2244            0.568182             98.7926
                  65                 250                   0             98.3842            0.568182             98.9524
                  65                 260                   0             98.4375            0.568182             99.0057
                  65                 270                   0             98.7393            0.568182             99.3075
                  65                 280                   0             98.8281            0.568182             99.3963
                  65                 290                   0             98.8281            0.568182             99.3963
                  65                 300                   0             98.8991            0.568182             99.4673
                  65                 310                   0             98.9702            0.568182             99.5384
                  65                 320                   0             99.0412            0.568182             99.6094
                  65                 330                   0             99.0589            0.568182             99.6271
                  65                 340                   0             99.0767            0.568182             99.6449
                  65                 350                   0             99.0767            0.568182             99.6449
                  65                 360                   0             99.1122            0.568182             99.6804
                  65                 370                   0             99.2543            0.568182             99.8224
                  65                 380                   0             99.2898            0.568182              99.858
                  65                 390                   0             99.2898            0.568182              99.858
                  65                 400                   0             99.2898            0.568182              99.858
                  65                 410                   0             99.4496            0.568182             100.018
                  65                 420                   0             99.4673            0.568182             100.036
                  65                 430                   0             99.4673            0.568182             100.036
                  65                 440                   0             99.4673            0.568182             100.036
                  65                 450                   0             99.4673            0.568182             100.036
                  65                 460                   0             99.4673            0.568182             100.036
                  65                 470                   0             99.4673            0.568182             100.036
                  65                 480                   0             99.4673            0.568182             100.036
                  65                 490                   0             99.4673            0.568182             100.036
                  65                 500                   0             99.4673            0.568182             100.036
                  65                 510                   0             99.4673            0.568182             100.036
                  65                 520                   0             99.4673            0.568182             100.036
                  65                 530                   0             99.4673            0.568182             100.036
                  65                 540                   0             99.4673            0.568182             100.036
                  65                 550                   0             99.4673            0.568182             100.036
                  65                 560                   0             99.4673            0.568182             100.036
                  65                 570                   0             99.4673            0.568182             100.036
                  65                 580                   0             99.4673            0.568182             100.036
                  65                 590                   0             99.4673            0.568182             100.036
                  65                 600                   0             99.4673            0.568182             100.036
                  65                 610                   0             99.4673            0.568182             100.036
                  65                 620                   0             99.4673            0.568182             100.036
                  65                 630                   0             99.4673            0.568182             100.036
                  65                 640                   0             99.4673            0.568182             100.036
                  65                 650                   0             99.4673            0.568182             100.036
                  65                 660                   0             99.4673            0.568182             100.036
                  65                 670                   0             99.4673            0.568182             100.036
                  65                 680                   0             99.4673            0.568182             100.036
                  65                 690                   0             99.4851            0.568182             100.053
                  65                 700                   0             99.4851            0.568182             100.053
                  65                 710                   0             99.4851            0.568182             100.053
                  65                 720                   0             99.4851            0.568182             100.053
                  65                 730                   0             99.4851            0.568182             100.053
                  65                 740                   0             99.4851            0.568182             100.053
                  65                 750                   0             99.4851            0.568182             100.053
                  65                 760                   0             99.4851            0.568182             100.053
                  65                 770                   0             99.4851            0.568182             100.053
                  65                 780                   0             99.4851            0.568182             100.053
                  65                 790                   0             99.4851            0.568182             100.053
                  65                 800                   0             99.4851            0.568182             100.053
                  65                 810                   0             99.4851            0.568182             100.053
                  65                 820                   0             99.4851            0.568182             100.053
                  65                 830                   0             99.4851            0.568182             100.053
                  65                 840                   0             99.4851            0.568182             100.053
                  65                 850                   0             99.4851                   0             99.4851
                  65                 860                   0             99.4851                   0             99.4851
                  65                 870                   0             99.4851                   0             99.4851
                  65                 880                   0             99.4851                   0             99.4851
                  65                 890                   0             99.4851                   0             99.4851
                  65                 900                   0             99.4851                   0             99.4851
                  65                 910                   0             99.4851                   0             99.4851
                  65                 920                   0             99.4851                   0             99.4851
                  65                 930                   0             99.4851                   0             99.4851
                  65                 940                   0             99.5028                   0             99.5028
                  65                 950                   0             99.5028                   0             99.5028
                  65                 960                   0             99.5028                   0             99.5028
                  65                 970                   0             99.5028                   0             99.5028
                  65                 980                   0             99.5028                   0             99.5028
                  65                 990                   0             99.5028                   0             99.5028
                  65                1000                   0             99.5028                   0             99.5028
