                  90                   0                   0             92.6136             6.81818             99.4318
                  90                  10                   0             96.3423            0.568182             96.9105
                  90                  20                   0             96.5909            0.568182             97.1591
                  90                  30                   0             96.9105            0.568182             97.4787
                  90                  40                   0             97.1058            0.568182              97.674
                  90                  50                   0             97.3189            0.568182             97.8871
                  90                  60                   0             97.4609            0.568182             98.0291
                  90                  70                   0             97.5675            0.568182             98.1357
                  90                  80                   0             97.7805            0.568182             98.3487
                  90                  90                   0             97.9403            0.568182             98.5085
                  90                 100                   0             98.0646            0.568182             98.6328
                  90                 110                   0             98.2244            0.568182             98.7926
                  90                 120                   0              98.331            0.568182             98.8991
                  90                 130                   0             98.4908            0.568182             99.0589
                  90                 140                   0             98.7571            0.568182             99.3253
                  90                 150                   0             99.0589            0.568182             99.6271
                  90                 160                   0             99.2188            0.568182             99.7869
                  90                 170                   0             99.2365            0.568182             99.8047
                  90                 180                   0             99.3608            0.568182              99.929
                  90                 190                   0             99.3786            0.568182             99.9467
                  90                 200                   0             99.5384            0.568182             100.107
                  90                 210                   0             99.6449                   0             99.6449
                  90                 220                   0             99.6449                   0             99.6449
                  90                 230                   0             99.7159                   0             99.7159
                  90                 240                   0             99.7514                   0             99.7514
                  90                 250                   0             99.7514                   0             99.7514
                  90                 260                   0             99.7692                   0             99.7692
                  90                 270                   0             99.7692                   0             99.7692
                  90                 280                   0             99.7869                   0             99.7869
                  90                 290                   0             99.7869                   0             99.7869
                  90                 300                   0             99.8224                   0             99.8224
                  90                 310                   0             99.8224                   0             99.8224
                  90                 320                   0             99.8402                   0             99.8402
                  90                 330                   0              99.858                   0              99.858
                  90                 340                   0              99.858                   0              99.858
                  90                 350                   0             99.9112                   0             99.9112
                  90                 360                   0             99.9112                   0             99.9112
                  90                 370                   0             99.9112                   0             99.9112
                  90                 380                   0             99.9112                   0             99.9112
                  90                 390                   0             99.9112                   0             99.9112
                  90                 400                   0             99.9822                   0             99.9822
                  90                 410                   0             99.9822                   0             99.9822
                  90                 420                   0             99.9822                   0             99.9822
                  90                 430                   0             99.9822                   0             99.9822
                  90                 440                   0             99.9822                   0             99.9822
                  90                 450                   0             99.9822                   0             99.9822
                  90                 460                   0             99.9822                   0             99.9822
                  90                 470                   0             99.9822                   0             99.9822
                  90                 480                   0             99.9822                   0             99.9822
                  90                 490                   0             99.9822                   0             99.9822
                  90                 500                   0             99.9822                   0             99.9822
                  90                 510                   0             99.9822                   0             99.9822
                  90                 520                   0             99.9822                   0             99.9822
                  90                 530                   0             99.9822                   0             99.9822
                  90                 540                   0             99.9822                   0             99.9822
                  90                 550                   0             99.9822                   0             99.9822
                  90                 560                   0             99.9822                   0             99.9822
                  90                 570                   0             99.9822                   0             99.9822
                  90                 580                   0             99.9822                   0             99.9822
                  90                 590                   0             99.9822                   0             99.9822
                  90                 600                   0             99.9822                   0             99.9822
                  90                 610                   0             99.9822                   0             99.9822
                  90                 620                   0             99.9822                   0             99.9822
                  90                 630                   0             99.9822                   0             99.9822
                  90                 640                   0             99.9822                   0             99.9822
                  90                 650                   0             99.9822                   0             99.9822
                  90                 660                   0             99.9822                   0             99.9822
                  90                 670                   0             99.9822                   0             99.9822
                  90                 680                   0             99.9822                   0             99.9822
                  90                 690                   0             99.9822                   0             99.9822
                  90                 700                   0             99.9822                   0             99.9822
                  90                 710                   0             99.9822                   0             99.9822
                  90                 720                   0             99.9822                   0             99.9822
                  90                 730                   0             99.9822                   0             99.9822
                  90                 740                   0             99.9822                   0             99.9822
                  90                 750                   0             99.9822                   0             99.9822
                  90                 760                   0             99.9822                   0             99.9822
                  90                 770                   0             99.9822                   0             99.9822
                  90                 780                   0             99.9822                   0             99.9822
                  90                 790                   0             99.9822                   0             99.9822
                  90                 800                   0             99.9822                   0             99.9822
                  90                 810                   0             99.9822                   0             99.9822
                  90                 820                   0             99.9822                   0             99.9822
                  90                 830                   0             99.9822                   0             99.9822
                  90                 840                   0             99.9822                   0             99.9822
                  90                 850                   0             99.9822                   0             99.9822
                  90                 860                   0             99.9822                   0             99.9822
                  90                 870                   0             99.9822                   0             99.9822
                  90                 880                   0             99.9822                   0             99.9822
                  90                 890                   0             99.9822                   0             99.9822
                  90                 900                   0             99.9822                   0             99.9822
                  90                 910                   0             99.9822                   0             99.9822
                  90                 920                   0             99.9822                   0             99.9822
                  90                 930                   0             99.9822                   0             99.9822
                  90                 940                   0             99.9822                   0             99.9822
                  90                 950                   0             99.9822                   0             99.9822
                  90                 960                   0             99.9822                   0             99.9822
                  90                 970                   0             99.9822                   0             99.9822
                  90                 980                   0             99.9822                   0             99.9822
                  90                 990                   0             99.9822                   0             99.9822
                  90                1000                   0             99.9822                   0             99.9822
