                  55                   0                   0             82.1378             6.81818              88.956
                  55                  10                   0              84.517             6.81818             91.3352
                  55                  20                   0             84.9787             6.81818             91.7969
                  55                  30                   0              85.245             6.81818             92.0632
                  55                  40                   0             85.6889             6.81818             92.5071
                  55                  50                   0             86.1328             6.81818              92.951
                  55                  60                   0             86.5589             6.81818             93.3771
                  55                  70                   0             87.2514             6.81818             94.0696
                  55                  80                   0             87.8551             6.81818             94.6733
                  55                  90                   0             88.7784             6.81818             95.5966
                  55                 100                   0             89.5241             6.81818             96.3423
                  55                 110                   0             90.1989             6.81818              97.017
                  55                 120                   0             90.5362             6.81818             97.3544
                  55                 130                   0             90.9624                6.25             97.2124
                  55                 140                   0             91.2464             5.11364             96.3601
                  55                 150                   0             91.7614             2.27273             94.0341
                  55                 160                   0             92.9688             2.27273             95.2415
                  55                 170                   0             93.4304             2.27273             95.7031
                  55                 180                   0             94.2827             2.27273             96.5554
                  55                 190                   0             94.3892             2.27273             96.6619
                  55                 200                   0             94.8153             2.27273             97.0881
                  55                 210                   0             95.1705            0.568182             95.7386
                  55                 220                   0             95.3835            0.568182             95.9517
                  55                 230                   0             95.7209            0.568182             96.2891
                  55                 240                   0             95.9517            0.568182             96.5199
                  55                 250                   0             96.4311            0.568182             96.9993
                  55                 260                   0             96.5554            0.568182             97.1236
                  55                 270                   0             96.6974            0.568182             97.2656
                  55                 280                   0              96.946            0.568182             97.5142
                  55                 290                   0              97.017            0.568182             97.5852
                  55                 300                   0             97.0526            0.568182             97.6207
                  55                 310                   0             97.1768            0.568182              97.745
                  55                 320                   0             97.1946            0.568182             97.7628
                  55                 330                   0             97.3011            0.568182             97.8693
                  55                 340                   0             97.3189            0.568182             97.8871
                  55                 350                   0             97.3544            0.568182             97.9226
                  55                 360                   0             97.3899            0.568182             97.9581
                  55                 370                   0             97.4077            0.568182             97.9759
                  55                 380                   0              97.603            0.568182             98.1712
                  55                 390                   0             97.6385            0.568182             98.2067
                  55                 400                   0             97.6385            0.568182             98.2067
                  55                 410                   0              97.674            0.568182             98.2422
                  55                 420                   0              97.674            0.568182             98.2422
                  55                 430                   0             97.6918            0.568182             98.2599
                  55                 440                   0             97.8161            0.568182             98.3842
                  55                 450                   0             97.8161            0.568182             98.3842
                  55                 460                   0             97.8161            0.568182             98.3842
                  55                 470                   0             97.8516            0.568182             98.4197
                  55                 480                   0             97.8516            0.568182             98.4197
                  55                 490                   0             97.8871            0.568182             98.4553
                  55                 500                   0             97.9048            0.568182              98.473
                  55                 510                   0             97.9759            0.568182              98.544
                  55                 520                   0             97.9759            0.568182              98.544
                  55                 530                   0             97.9759            0.568182              98.544
                  55                 540                   0             97.9936            0.568182             98.5618
                  55                 550                   0             97.9936            0.568182             98.5618
                  55                 560                   0             97.9936            0.568182             98.5618
                  55                 570                   0             97.9936            0.568182             98.5618
                  55                 580                   0             97.9936            0.568182             98.5618
                  55                 590                   0             97.9936            0.568182             98.5618
                  55                 600                   0             98.0469            0.568182             98.6151
                  55                 610                   0             98.0469            0.568182             98.6151
                  55                 620                   0             98.0469            0.568182             98.6151
                  55                 630                   0             98.0469            0.568182             98.6151
                  55                 640                   0             98.0469            0.568182             98.6151
                  55                 650                   0             98.0469            0.568182             98.6151
                  55                 660                   0             98.0469            0.568182             98.6151
                  55                 670                   0             98.0469            0.568182             98.6151
                  55                 680                   0             98.0469            0.568182             98.6151
                  55                 690                   0             98.0469            0.568182             98.6151
                  55                 700                   0             98.0469            0.568182             98.6151
                  55                 710                   0             98.0469            0.568182             98.6151
                  55                 720                   0             98.0469            0.568182             98.6151
                  55                 730                   0             98.0646            0.568182             98.6328
                  55                 740                   0             98.0646            0.568182             98.6328
                  55                 750                   0             98.0646            0.568182             98.6328
                  55                 760                   0             98.0646            0.568182             98.6328
                  55                 770                   0             98.0646            0.568182             98.6328
                  55                 780                   0             98.0646            0.568182             98.6328
                  55                 790                   0             98.0646            0.568182             98.6328
                  55                 800                   0             98.0646            0.568182             98.6328
                  55                 810                   0             98.0646            0.568182             98.6328
                  55                 820                   0             98.0646            0.568182             98.6328
                  55                 830                   0             98.0646            0.568182             98.6328
                  55                 840                   0             98.0646            0.568182             98.6328
                  55                 850                   0             98.0646            0.568182             98.6328
                  55                 860                   0             98.0646            0.568182             98.6328
                  55                 870                   0             98.0646            0.568182             98.6328
                  55                 880                   0             98.0646            0.568182             98.6328
                  55                 890                   0             98.0646            0.568182             98.6328
                  55                 900                   0             98.0646            0.568182             98.6328
                  55                 910                   0             98.0646            0.568182             98.6328
                  55                 920                   0             98.0646            0.568182             98.6328
                  55                 930                   0             98.0646            0.568182             98.6328
                  55                 940                   0             98.0646            0.568182             98.6328
                  55                 950                   0             98.0646            0.568182             98.6328
                  55                 960                   0             98.0646            0.568182             98.6328
                  55                 970                   0             98.0646            0.568182             98.6328
                  55                 980                   0             98.0646            0.568182             98.6328
                  55                 990                   0             98.0824            0.568182             98.6506
                  55                1000                   0             98.0824            0.568182             98.6506
