                  80                   0                   0             90.0213             6.81818             96.8395
                  80                  10                   0             94.7088             2.27273             96.9815
                  80                  20                   0             95.0284             2.27273             97.3011
                  80                  30                   0             95.2592             1.70455             96.9638
                  80                  40                   0             95.4723             1.13636             96.6087
                  80                  50                   0             95.8097             1.13636              96.946
                  80                  60                   0              96.076            0.568182             96.6442
                  80                  70                   0             96.3246            0.568182             96.8928
                  80                  80                   0             96.6797            0.568182             97.2479
                  80                  90                   0             96.9283            0.568182             97.4964
                  80                 100                   0             97.1591            0.568182             97.7273
                  80                 110                   0             97.2834            0.568182             97.8516
                  80                 120                   0             97.6562            0.568182             98.2244
                  80                 130                   0             97.8161            0.568182             98.3842
                  80                 140                   0             97.9581            0.568182             98.5263
                  80                 150                   0             98.1889            0.568182             98.7571
                  80                 160                   0             98.4375            0.568182             99.0057
                  80                 170                   0             98.6151            0.568182             99.1832
                  80                 180                   0             98.8991            0.568182             99.4673
                  80                 190                   0               99.13            0.568182             99.6982
                  80                 200                   0             99.2188            0.568182             99.7869
                  80                 210                   0             99.2543            0.568182             99.8224
                  80                 220                   0             99.3253            0.568182             99.8935
                  80                 230                   0             99.3608            0.568182              99.929
                  80                 240                   0             99.4141            0.568182             99.9822
                  80                 250                   0             99.5739            0.568182             100.142
                  80                 260                   0             99.6626            0.568182             100.231
                  80                 270                   0             99.7514            0.568182              100.32
                  80                 280                   0             99.7514            0.568182              100.32
                  80                 290                   0             99.7692            0.568182             100.337
                  80                 300                   0             99.7869            0.568182             100.355
                  80                 310                   0             99.7869            0.568182             100.355
                  80                 320                   0             99.8224            0.568182             100.391
                  80                 330                   0             99.8224            0.568182             100.391
                  80                 340                   0             99.8402            0.568182             100.408
                  80                 350                   0             99.8402            0.568182             100.408
                  80                 360                   0             99.8402            0.568182             100.408
                  80                 370                   0             99.8402            0.568182             100.408
                  80                 380                   0             99.8402            0.568182             100.408
                  80                 390                   0             99.8402            0.568182             100.408
                  80                 400                   0             99.8935            0.568182             100.462
                  80                 410                   0             99.8935            0.568182             100.462
                  80                 420                   0             99.8935            0.568182             100.462
                  80                 430                   0             99.8935            0.568182             100.462
                  80                 440                   0             99.8935            0.568182             100.462
                  80                 450                   0             99.8935            0.568182             100.462
                  80                 460                   0             99.9645            0.568182             100.533
                  80                 470                   0             99.9645                   0             99.9645
                  80                 480                   0             99.9645                   0             99.9645
                  80                 490                   0             99.9645                   0             99.9645
                  80                 500                   0             99.9645                   0             99.9645
                  80                 510                   0             99.9645                   0             99.9645
                  80                 520                   0             99.9645                   0             99.9645
                  80                 530                   0             99.9645                   0             99.9645
                  80                 540                   0             99.9645                   0             99.9645
                  80                 550                   0             99.9645                   0             99.9645
                  80                 560                   0             99.9645                   0             99.9645
                  80                 570                   0             99.9645                   0             99.9645
                  80                 580                   0             99.9822                   0             99.9822
                  80                 590                   0             99.9822                   0             99.9822
                  80                 600                   0             99.9822                   0             99.9822
                  80                 610                   0             99.9822                   0             99.9822
                  80                 620                   0             99.9822                   0             99.9822
                  80                 630                   0             99.9822                   0             99.9822
                  80                 640                   0             99.9822                   0             99.9822
                  80                 650                   0             99.9822                   0             99.9822
                  80                 660                   0             99.9822                   0             99.9822
                  80                 670                   0             99.9822                   0             99.9822
                  80                 680                   0             99.9822                   0             99.9822
                  80                 690                   0             99.9822                   0             99.9822
                  80                 700                   0             99.9822                   0             99.9822
                  80                 710                   0             99.9822                   0             99.9822
                  80                 720                   0             99.9822                   0             99.9822
                  80                 730                   0             99.9822                   0             99.9822
                  80                 740                   0             99.9822                   0             99.9822
                  80                 750                   0             99.9822                   0             99.9822
                  80                 760                   0             99.9822                   0             99.9822
                  80                 770                   0             99.9822                   0             99.9822
                  80                 780                   0             99.9822                   0             99.9822
                  80                 790                   0             99.9822                   0             99.9822
                  80                 800                   0             99.9822                   0             99.9822
                  80                 810                   0             99.9822                   0             99.9822
                  80                 820                   0             99.9822                   0             99.9822
                  80                 830                   0             99.9822                   0             99.9822
                  80                 840                   0             99.9822                   0             99.9822
                  80                 850                   0             99.9822                   0             99.9822
                  80                 860                   0             99.9822                   0             99.9822
                  80                 870                   0             99.9822                   0             99.9822
                  80                 880                   0             99.9822                   0             99.9822
                  80                 890                   0             99.9822                   0             99.9822
                  80                 900                   0             99.9822                   0             99.9822
                  80                 910                   0             99.9822                   0             99.9822
                  80                 920                   0             99.9822                   0             99.9822
                  80                 930                   0             99.9822                   0             99.9822
                  80                 940                   0             99.9822                   0             99.9822
                  80                 950                   0             99.9822                   0             99.9822
                  80                 960                   0             99.9822                   0             99.9822
                  80                 970                   0             99.9822                   0             99.9822
                  80                 980                   0             99.9822                   0             99.9822
                  80                 990                   0             99.9822                   0             99.9822
                  80                1000                   0             99.9822                   0             99.9822
