                  15                   0                   0             36.5412             15.9091             52.4503
                  15                  10                   0             38.4588             14.2045             52.6634
                  15                  20                   0             39.4354             14.2045             53.6399
                  15                  30                   0             40.5007             13.6364             54.1371
                  15                  40                   0              41.495             13.0682             54.5632
                  15                  50                   0             42.3828                12.5             54.8828
                  15                  60                   0             43.7145                12.5             56.2145
                  15                  70                   0               44.62                12.5               57.12
                  15                  80                   0             45.4901                12.5             57.9901
                  15                  90                   0             46.7152                12.5             59.2152
                  15                 100                   0             48.0114             11.9318             59.9432
                  15                 110                   0             49.3608             10.7955             60.1562
                  15                 120                   0             50.7812             10.2273             61.0085
                  15                 130                   0             51.8999             10.2273             62.1271
                  15                 140                   0             53.3736             10.2273             63.6009
                  15                 150                   0             54.1903             10.2273             64.4176
                  15                 160                   0             55.0249             10.2273             65.2521
                  15                 170                   0             55.8416             10.2273             66.0689
                  15                 180                   0             57.4929             10.2273             67.7202
                  15                 190                   0             58.5582             10.2273             68.7855
                  15                 200                   0             59.6413             10.2273             69.8686
                  15                 210                   0             60.5291             8.52273             69.0518
                  15                 220                   0             61.5945             8.52273             70.1172
                  15                 230                   0             62.5178             8.52273             71.0405
                  15                 240                   0             63.6364             8.52273             72.1591
                  15                 250                   0             64.5774             8.52273             73.1001
                  15                 260                   0              65.625             8.52273             74.1477
                  15                 270                   0             66.8146             8.52273             75.3374
                  15                 280                   0             67.9688             8.52273             76.4915
                  15                 290                   0             69.1051             8.52273             77.6278
                  15                 300                   0             70.0107             8.52273             78.5334
                  15                 310                   0             70.8097             8.52273             79.3324
                  15                 320                   0             73.6683             7.95455             81.6229
                  15                 330                   0             74.5028             7.95455             82.4574
                  15                 340                   0             74.9467             7.95455             82.9013
                  15                 350                   0             75.6214             7.95455              83.576
                  15                 360                   0             76.0476             7.95455             84.0021
                  15                 370                   0             76.7933             7.95455             84.7479
                  15                 380                   0              77.397             7.95455             85.3516
                  15                 390                   0              77.983             7.95455             85.9375
                  15                 400                   0              78.782             7.95455             86.7365
                  15                 410                   0             80.1669             7.38636             87.5533
                  15                 420                   0             80.8239             7.38636             88.2102
                  15                 430                   0             81.1257             7.38636             88.5121
                  15                 440                   0             81.4808             7.38636             88.8672
                  15                 450                   0             81.7116             7.38636              89.098
                  15                 460                   0             82.3153             7.38636             89.7017
                  15                 470                   0             82.5284             7.38636             89.9148
                  15                 480                   0             82.6882             7.38636             90.0746
                  15                 490                   0              82.848             7.38636             90.2344
                  15                 500                   0             85.7067             2.84091             88.5476
                  15                 510                   0             85.8842             2.84091             88.7251
                  15                 520                   0             88.9737             1.13636             90.1101
                  15                 530                   0             89.1513             1.13636             90.2876
                  15                 540                   0             89.4176             1.13636              90.554
                  15                 550                   0             89.5774             1.13636             90.7138
                  15                 560                   0             89.6839             1.13636             90.8203
                  15                 570                   0             90.9624             1.13636             92.0987
                  15                 580                   0             91.0156             1.13636              92.152
                  15                 590                   0             91.1222             1.13636             92.2585
                  15                 600                   0             91.2287             1.13636             92.3651
                  15                 610                   0             91.4595             1.13636             92.5959
                  15                 620                   0             91.5661             1.13636             92.7024
                  15                 630                   0             91.8679             1.13636             93.0043
                  15                 640                   0             92.0455             1.13636             93.1818
                  15                 650                   0              92.081             1.13636             93.2173
                  15                 660                   0             92.1875             1.13636             93.3239
                  15                 670                   0             92.3473            0.568182             92.9155
                  15                 680                   0             92.7024            0.568182             93.2706
                  15                 690                   0             93.2884            0.568182             93.8565
                  15                 700                   0             93.4126            0.568182             93.9808
                  15                 710                   0             93.6257            0.568182             94.1939
                  15                 720                   0             93.7322            0.568182             94.3004
                  15                 730                   0             94.0874            0.568182             94.6555
                  15                 740                   0             94.1761            0.568182             94.7443
                  15                 750                   0             94.2649            0.568182             94.8331
                  15                 760                   0             94.3892            0.568182             94.9574
                  15                 770                   0             94.5135            0.568182             95.0817
                  15                 780                   0              94.549            0.568182             95.1172
                  15                 790                   0             94.6911            0.568182             95.2592
                  15                 800                   0             94.7443            0.568182             95.3125
                  15                 810                   0             94.7621            0.568182             95.3303
                  15                 820                   0             94.8153            0.568182             95.3835
                  15                 830                   0             95.0462            0.568182             95.6143
                  15                 840                   0             95.0994            0.568182             95.6676
                  15                 850                   0             95.0994            0.568182             95.6676
                  15                 860                   0             95.1705            0.568182             95.7386
                  15                 870                   0             95.1882            0.568182             95.7564
                  15                 880                   0              95.206            0.568182             95.7741
                  15                 890                   0              95.206            0.568182             95.7741
                  15                 900                   0              95.206            0.568182             95.7741
                  15                 910                   0             95.3303            0.568182             95.8984
                  15                 920                   0              95.348            0.568182             95.9162
                  15                 930                   0              95.348            0.568182             95.9162
                  15                 940                   0              95.348            0.568182             95.9162
                  15                 950                   0              95.348            0.568182             95.9162
                  15                 960                   0              95.348            0.568182             95.9162
                  15                 970                   0              95.348            0.568182             95.9162
                  15                 980                   0              95.348            0.568182             95.9162
                  15                 990                   0              95.348            0.568182             95.9162
                  15                1000                   0             95.4013            0.568182             95.9695
