                  30                   0                   0              62.358             9.65909              72.017
                  30                  10                   0             65.0213             9.65909             74.6804
                  30                  20                   0             65.6783             9.09091             74.7692
                  30                  30                   0             66.7081             8.52273             75.2308
                  30                  40                   0             67.7202             7.95455             75.6747
                  30                  50                   0             68.6435             7.95455              76.598
                  30                  60                   0             69.5845             7.95455             77.5391
                  30                  70                   0             71.0227             7.95455             78.9773
                  30                  80                   0             72.3544             7.95455             80.3089
                  30                  90                   0             73.1534             7.95455              81.108
                  30                 100                   0             73.9879             7.95455             81.9425
                  30                 110                   0             74.7692             7.95455             82.7237
                  30                 120                   0             75.5859             7.95455             83.5405
                  30                 130                   0             76.5092             7.95455             84.4638
                  30                 140                   0             77.5036             7.95455             85.4581
                  30                 150                   0             78.3736             7.95455             86.3281
                  30                 160                   0             79.2791             7.95455             87.2337
                  30                 170                   0             80.0249             7.38636             87.4112
                  30                 180                   0              80.522             7.38636             87.9084
                  30                 190                   0             81.1612             7.38636             88.5476
                  30                 200                   0             81.4808             7.38636             88.8672
                  30                 210                   0             81.8714             7.38636             89.2578
                  30                 220                   0             82.4929             7.38636             89.8793
                  30                 230                   0             82.9368             7.38636             90.3232
                  30                 240                   0             83.7891             7.38636             91.1754
                  30                 250                   0             84.9432             7.38636             92.3295
                  30                 260                   0             85.2983             7.38636             92.6847
                  30                 270                   0             86.2749             7.38636             93.6612
                  30                 280                   0             86.4879             6.81818             93.3061
                  30                 290                   0             86.9318             6.81818               93.75
                  30                 300                   0             88.6541             2.27273             90.9268
                  30                 310                   0             89.2045             2.27273             91.4773
                  30                 320                   0             89.6129             2.27273             91.8857
                  30                 330                   0             91.3707             2.27273             93.6435
                  30                 340                   0             91.6193             2.27273              93.892
                  30                 350                   0             91.8679             2.27273             94.1406
                  30                 360                   0             92.3295             2.27273             94.6023
                  30                 370                   0             92.5781            0.568182             93.1463
                  30                 380                   0             92.6136            0.568182             93.1818
                  30                 390                   0             92.7734            0.568182             93.3416
                  30                 400                   0             92.8267            0.568182             93.3949
                  30                 410                   0             93.0753            0.568182             93.6435
                  30                 420                   0             93.4659            0.568182             94.0341
                  30                 430                   0             93.7322            0.568182             94.3004
                  30                 440                   0             93.9276            0.568182             94.4957
                  30                 450                   0             94.4425            0.568182             95.0107
                  30                 460                   0             94.6378            0.568182              95.206
                  30                 470                   0             94.8153            0.568182             95.3835
                  30                 480                   0             94.9574            0.568182             95.5256
                  30                 490                   0              95.277            0.568182             95.8452
                  30                 500                   0             95.5078            0.568182              96.076
                  30                 510                   0             95.5788            0.568182              96.147
                  30                 520                   0             95.6499            0.568182              96.218
                  30                 530                   0             95.7031            0.568182             96.2713
                  30                 540                   0             95.7386            0.568182             96.3068
                  30                 550                   0             95.7386            0.568182             96.3068
                  30                 560                   0             95.7386            0.568182             96.3068
                  30                 570                   0             95.7386            0.568182             96.3068
                  30                 580                   0             95.7741            0.568182             96.3423
                  30                 590                   0             95.7741            0.568182             96.3423
                  30                 600                   0             95.7919            0.568182             96.3601
                  30                 610                   0             95.8452            0.568182             96.4134
                  30                 620                   0              96.005            0.568182             96.5732
                  30                 630                   0             96.1293            0.568182             96.6974
                  30                 640                   0             96.1293            0.568182             96.6974
                  30                 650                   0              96.147            0.568182             96.7152
                  30                 660                   0              96.147            0.568182             96.7152
                  30                 670                   0             96.1648            0.568182              96.733
                  30                 680                   0             96.1825            0.568182             96.7507
                  30                 690                   0             96.1825            0.568182             96.7507
                  30                 700                   0             96.1825            0.568182             96.7507
                  30                 710                   0             96.1825            0.568182             96.7507
                  30                 720                   0             96.1825            0.568182             96.7507
                  30                 730                   0             96.1825            0.568182             96.7507
                  30                 740                   0             96.3423            0.568182             96.9105
                  30                 750                   0             96.3778            0.568182              96.946
                  30                 760                   0             96.3956            0.568182             96.9638
                  30                 770                   0             96.3956            0.568182             96.9638
                  30                 780                   0             96.3956            0.568182             96.9638
                  30                 790                   0             96.3956            0.568182             96.9638
                  30                 800                   0             96.5554            0.568182             97.1236
                  30                 810                   0             96.5554            0.568182             97.1236
                  30                 820                   0             96.5909            0.568182             97.1591
                  30                 830                   0             96.5909            0.568182             97.1591
                  30                 840                   0             96.5909            0.568182             97.1591
                  30                 850                   0             96.6619            0.568182             97.2301
                  30                 860                   0             96.6619            0.568182             97.2301
                  30                 870                   0             96.6619            0.568182             97.2301
                  30                 880                   0             96.6619            0.568182             97.2301
                  30                 890                   0             96.6619            0.568182             97.2301
                  30                 900                   0             96.6619            0.568182             97.2301
                  30                 910                   0             96.6619            0.568182             97.2301
                  30                 920                   0             96.6619            0.568182             97.2301
                  30                 930                   0             96.6619            0.568182             97.2301
                  30                 940                   0             96.6619            0.568182             97.2301
                  30                 950                   0             96.6619            0.568182             97.2301
                  30                 960                   0             96.6619            0.568182             97.2301
                  30                 970                   0             96.6619            0.568182             97.2301
                  30                 980                   0             96.6619            0.568182             97.2301
                  30                 990                   0             96.6619            0.568182             97.2301
                  30                1000                   0             96.6619            0.568182             97.2301
