                  55                   0                   0             4.17259             36.9318             41.1044
                  55                  10                   0             4.33239             36.3636              40.696
                  55                  20                   0             4.82955             35.7955              40.625
                  55                  30                   0             5.30895             35.7955             41.1044
                  55                  40                   0              6.0902               31.25             37.3402
                  55                  50                   0             6.65838             28.9773             35.6357
                  55                  60                   0             7.19105             27.8409              35.032
                  55                  70                   0             8.16761             27.8409             36.0085
                  55                  80                   0             8.80682             27.2727             36.0795
                  55                  90                   0             8.84233             28.9773             37.8196
                  55                 100                   0             9.57031             27.2727              36.843
                  55                 110                   0             10.1562             26.1364             36.2926
                  55                 120                   0             10.8132             27.2727             38.0859
                  55                 130                   0             11.5412             25.5682             37.1094
                  55                 140                   0             12.2159             22.7273             34.9432
                  55                 150                   0             13.4055               18.75             32.1555
                  55                 160                   0             14.5774             15.9091             30.4865
                  55                 170                   0             15.1456             13.6364              28.782
                  55                 180                   0              16.353             13.0682             29.4212
                  55                 190                   0             17.7734             11.9318             29.7053
                  55                 200                   0              18.821             11.9318             30.7528
                  55                 210                   0             19.3359             11.3636             30.6996
                  55                 220                   0             19.6023             10.2273             29.8295
                  55                 230                   0             20.0462             9.65909             29.7053
                  55                 240                   0             20.7031             9.65909             30.3622
                  55                 250                   0             20.8984             10.2273             31.1257
                  55                 260                   0             21.2358             9.09091             30.3267
                  55                 270                   0             21.9105             9.09091             31.0014
                  55                 280                   0             22.3722             8.52273             30.8949
                  55                 290                   0             23.2955             8.52273             31.8182
                  55                 300                   0             23.6506             8.52273             32.1733
                  55                 310                   0             24.6449             8.52273             33.1676
                  55                 320                   0             25.7812             8.52273              34.304
                  55                 330                   0             25.7812             10.7955             36.5767
                  55                 340                   0             27.1484             10.7955             37.9439
                  55                 350                   0             27.3615             11.9318             39.2933
                  55                 360                   0             27.8054             11.9318             39.7372
                  55                 370                   0              28.267             11.9318             40.1989
                  55                 380                   0             28.4268             11.9318             40.3587
                  55                 390                   0             28.9595             11.9318             40.8913
                  55                 400                   0             30.0959             15.3409             45.4368
                  55                 410                   0               32.12             15.3409             47.4609
                  55                 420                   0             31.7472             19.8864             51.6335
                  55                 430                   0             33.6825             15.3409             49.0234
                  55                 440                   0             36.0085             15.3409             51.3494
                  55                 450                   0             37.6598             15.3409             53.0007
                  55                 460                   0             38.7607             15.3409             54.1016
                  55                 470                   0             40.2876             14.7727             55.0604
                  55                 480                   0             41.8324             13.6364             55.4688
                  55                 490                   0             42.8622             14.7727             57.6349
                  55                 500                   0             43.3594             13.6364             56.9957
                  55                 510                   0             44.9751             13.6364             58.6115
                  55                 520                   0              45.277             13.6364             58.9134
                  55                 530                   0             46.0405             13.0682             59.1087
                  55                 540                   0             49.0767             13.0682             62.1449
                  55                 550                   0             50.8345             13.0682             63.9027
                  55                 560                   0             53.6932             11.9318              65.625
                  55                 570                   0             55.2024             11.9318             67.1342
                  55                 580                   0             55.7884             11.9318             67.7202
                  55                 590                   0              56.179             11.9318             68.1108
                  55                 600                   0             56.6584             11.9318             68.5902
                  55                 610                   0             59.8544             7.38636             67.2408
                  55                 620                   0             60.6712             7.38636             68.0575
                  55                 630                   0             60.8665             6.81818             67.6847
                  55                 640                   0             61.0618             6.81818               67.88
                  55                 650                   0             61.2749             6.81818              68.093
                  55                 660                   0             61.5412             6.81818             68.3594
                  55                 670                   0             62.1626             6.81818             68.9808
                  55                 680                   0             63.0859                6.25             69.3359
                  55                 690                   0             63.6186             5.68182             69.3004
                  55                 700                   0              64.169             5.68182             69.8509
                  55                 710                   0             64.5597             5.68182             70.2415
                  55                 720                   0             65.1278             5.68182             70.8097
                  55                 730                   0             66.0689             5.68182             71.7507
                  55                 740                   0              66.353             5.68182             72.0348
                  55                 750                   0             66.4062             5.68182             72.0881
                  55                 760                   0             66.7791             5.68182             72.4609
                  55                 770                   0             66.9034             5.68182             72.5852
                  55                 780                   0             66.9744             5.68182             72.6562
                  55                 790                   0             67.0987             5.68182             72.7805
                  55                 800                   0             68.2706             5.68182             73.9524
                  55                 810                   0             68.3594             5.68182             74.0412
                  55                 820                   0             68.4304             5.68182             74.1122
                  55                 830                   0             71.5554             5.68182             77.2372
                  55                 840                   0             71.7685             5.68182             77.4503
                  55                 850                   0             72.8161             5.68182             78.4979
                  55                 860                   0             72.8338             5.68182             78.5156
                  55                 870                   0             72.8871             5.68182             78.5689
                  55                 880                   0             72.9581             5.68182             78.6399
                  55                 890                   0             73.0291             5.68182             78.7109
                  55                 900                   0             73.0824             5.68182             78.7642
                  55                 910                   0             74.1122             5.68182              79.794
                  55                 920                   0             74.3075             5.68182             79.9893
                  55                 930                   0              74.858             5.68182             80.5398
                  55                 940                   0             74.9645             5.68182             80.6463
                  55                 950                   0             75.9411             5.68182             81.6229
                  55                 960                   0             75.9411             5.68182             81.6229
                  55                 970                   0             75.9411             5.68182             81.6229
                  55                 980                   0             75.9943             5.68182             81.6761
                  55                 990                   0              76.456             5.68182             82.1378
                  55                1000                   0             76.5092             5.68182             82.1911
