                  65                   0                   0             6.58736                37.5             44.0874
                  65                  10                   0             7.38636             30.6818             38.0682
                  65                  20                   0             8.23864             27.2727             35.5114
                  65                  30                   0             8.94886             26.7045             35.6534
                  65                  40                   0             9.23295             26.1364             35.3693
                  65                  50                   0             10.0142             27.2727             37.2869
                  65                  60                   0             10.8842             27.2727              38.157
                  65                  70                   0               11.63             26.7045             38.3345
                  65                  80                   0             11.3814             25.5682             36.9496
                  65                  90                   0             11.9673                  25             36.9673
                  65                 100                   0             13.1037             24.4318             37.5355
                  65                 110                   0             13.9205             25.5682             39.4886
                  65                 120                   0              14.826             23.8636             38.6896
                  65                 130                   0             15.3409                  25             40.3409
                  65                 140                   0             16.1577             21.0227             37.1804
                  65                 150                   0             17.7912             14.7727             32.5639
                  65                 160                   0             19.1584             13.0682             32.2266
                  65                 170                   0             19.5845                12.5             32.0845
                  65                 180                   0             20.0639             11.3636             31.4276
                  65                 190                   0             20.0639             11.9318             31.9957
                  65                 200                   0             20.0817             13.6364              33.718
                  65                 210                   0             21.0227             13.0682             34.0909
                  65                 220                   0             22.0348             11.3636             33.3984
                  65                 230                   0             22.8693             11.3636              34.233
                  65                 240                   0              23.473             11.3636             34.8366
                  65                 250                   0             24.3253             11.3636             35.6889
                  65                 260                   0             24.7514             14.2045              38.956
                  65                 270                   0             25.1065             14.2045             39.3111
                  65                 280                   0             25.9411             11.9318             37.8729
                  65                 290                   0             26.4205             11.9318             38.3523
                  65                 300                   0             26.7223             11.9318             38.6541
                  65                 310                   0             27.5746             14.2045             41.7791
                  65                 320                   0             28.7287             14.2045             42.9332
                  65                 330                   0             30.9126             14.2045             45.1172
                  65                 340                   0             31.1435             14.2045              45.348
                  65                 350                   0             32.1555             14.2045             46.3601
                  65                 360                   0             32.9013             14.2045             47.1058
                  65                 370                   0             33.7358             14.2045             47.9403
                  65                 380                   0             34.3928             14.2045             48.5973
                  65                 390                   0             35.2983             14.2045             49.5028
                  65                 400                   0             37.4467             14.2045             51.6513
                  65                 410                   0             40.2876             9.65909             49.9467
                  65                 420                   0             41.8679             9.65909              51.527
                  65                 430                   0             43.7322             9.65909             53.3913
                  65                 440                   0             48.2422             9.09091             57.3331
                  65                 450                   0             51.1009             9.09091             60.1918
                  65                 460                   0             51.9886             9.09091             61.0795
                  65                 470                   0             53.6754             9.09091             62.7663
                  65                 480                   0             54.2614             7.95455             62.2159
                  65                 490                   0             54.5987             7.95455             62.5533
                  65                 500                   0             53.4801             7.95455             61.4347
                  65                 510                   0             56.4986             7.38636             63.8849
                  65                 520                   0             56.2855             7.38636             63.6719
                  65                 530                   0              56.907             7.38636             64.2933
                  65                 540                   0             58.2741             7.38636             65.6605
                  65                 550                   0             58.8956                6.25             65.1456
                  65                 560                   0             59.8011                6.25             66.0511
                  65                 570                   0             59.9432                6.25             66.1932
                  65                 580                   0             60.5291                6.25             66.7791
                  65                 590                   0             62.6243                6.25             68.8743
                  65                 600                   0               63.37                6.25               69.62
                  65                 610                   0             63.8672             5.68182              69.549
                  65                 620                   0              64.169             5.68182             69.8509
                  65                 630                   0             64.6129             5.68182             70.2947
                  65                 640                   0             65.1989             5.68182             70.8807
                  65                 650                   0             65.4297             5.68182             71.1115
                  65                 660                   0             66.0866             5.11364             71.2003
                  65                 670                   0             66.3707             5.11364             71.4844
                  65                 680                   0             67.7379             4.54545             72.2834
                  65                 690                   0             69.6023             4.54545             74.1477
                  65                 700                   0             69.9751             4.54545             74.5206
                  65                 710                   0             70.0462             4.54545             74.5916
                  65                 720                   0             70.6321             4.54545             75.1776
                  65                 730                   0             70.7919             4.54545             75.3374
                  65                 740                   0             72.0881             4.54545             76.6335
                  65                 750                   0             72.1591             4.54545             76.7045
                  65                 760                   0             74.3608             4.54545             78.9062
                  65                 770                   0             74.6271             4.54545             79.1726
                  65                 780                   0             75.6747             4.54545             80.2202
                  65                 790                   0             75.7457             4.54545             80.2912
                  65                 800                   0             76.8288             4.54545             81.3743
                  65                 810                   0             77.0952             4.54545             81.6406
                  65                 820                   0              77.255             4.54545             81.8004
                  65                 830                   0             78.3203             4.54545             82.8658
                  65                 840                   0             78.3913             4.54545             82.9368
                  65                 850                   0             78.4979             4.54545             83.0433
                  65                 860                   0             78.5866             4.54545             83.1321
                  65                 870                   0             79.1903             4.54545             83.7358
                  65                 880                   0             79.2614             4.54545             83.8068
                  65                 890                   0              79.794             4.54545             84.3395
                  65                 900                   0              79.794             4.54545             84.3395
                  65                 910                   0             80.7884             4.54545             85.3338
                  65                 920                   0             80.8239             4.54545             85.3693
                  65                 930                   0             81.0902             4.54545             85.6357
                  65                 940                   0             81.5874             4.54545             86.1328
                  65                 950                   0             81.6051             4.54545             86.1506
                  65                 960                   0             81.6051             4.54545             86.1506
                  65                 970                   0             81.6051             4.54545             86.1506
                  65                 980                   0             81.6761             4.54545             86.2216
                  65                 990                   0             81.7649             4.54545             86.3104
                  65                1000                   0             81.7649             4.54545             86.3104
