                  90                   0                   0             13.4588             28.4091             41.8679
                  90                  10                   0             14.0447             27.2727             41.3175
                  90                  20                   0             13.1747             30.1136             43.2884
                  90                  30                   0              12.429             30.1136             42.5426
                  90                  40                   0             14.1513             35.7955             49.9467
                  90                  50                   0             16.8324                  25             41.8324
                  90                  60                   0             16.5838             27.8409             44.4247
                  90                  70                   0             17.0277             26.7045             43.7322
                  90                  80                   0             17.7557             26.7045             44.4602
                  90                  90                   0             19.8153             25.5682             45.3835
                  90                 100                   0             20.5966             22.1591             42.7557
                  90                 110                   0             21.3068             19.8864             41.1932
                  90                 120                   0             21.5909               18.75             40.3409
                  90                 130                   0             22.6562             16.4773             39.1335
                  90                 140                   0             23.1001             11.3636             34.4638
                  90                 150                   0             23.6861             10.2273             33.9134
                  90                 160                   0             24.4318             9.65909             34.0909
                  90                 170                   0             25.3729             9.09091             34.4638
                  90                 180                   0             26.9886             8.52273             35.5114
                  90                 190                   0             27.6278             8.52273             36.1506
                  90                 200                   0             28.3558             7.38636             35.7422
                  90                 210                   0             29.1548             7.95455             37.1094
                  90                 220                   0             29.6875             7.38636             37.0739
                  90                 230                   0             30.2024             8.52273             38.7251
                  90                 240                   0             31.8537             8.52273             40.3764
                  90                 250                   0             33.2386             8.52273             41.7614
                  90                 260                   0             34.7124             8.52273             43.2351
                  90                 270                   0             37.2514             8.52273             45.7741
                  90                 280                   0             38.8849             8.52273             47.4077
                  90                 290                   0             39.5419             7.38636             46.9283
                  90                 300                   0             40.3764             7.38636             47.7628
                  90                 310                   0             42.1342             7.38636             49.5206
                  90                 320                   0             44.3892             7.38636             51.7756
                  90                 330                   0             46.4844             7.38636             53.8707
                  90                 340                   0             47.8516             7.38636             55.2379
                  90                 350                   0             49.1477             7.38636             56.5341
                  90                 360                   0              50.071             7.38636             57.4574
                  90                 370                   0             51.0298             6.81818              57.848
                  90                 380                   0              54.723             6.81818             61.5412
                  90                 390                   0             57.0845             6.81818             63.9027
                  90                 400                   0              57.848             6.81818             64.6662
                  90                 410                   0             58.7536             5.68182             64.4354
                  90                 420                   0             59.4105             5.68182             65.0923
                  90                 430                   0             61.9318             5.68182             67.6136
                  90                 440                   0             63.8494             5.68182             69.5312
                  90                 450                   0             64.5419             5.68182             70.2237
                  90                 460                   0             65.6605             5.68182             71.3423
                  90                 470                   0             69.1406             5.11364             74.2543
                  90                 480                   0              69.407             5.68182             75.0888
                  90                 490                   0              71.076             5.11364             76.1896
                  90                 500                   0             71.5376             5.11364             76.6513
                  90                 510                   0             73.1534             3.97727             77.1307
                  90                 520                   0             73.9702             3.97727             77.9474
                  90                 530                   0             76.0653             3.40909             79.4744
                  90                 540                   0             76.7401             3.40909             80.1491
                  90                 550                   0             76.9531             2.84091              79.794
                  90                 560                   0             77.2195             2.84091             80.0604
                  90                 570                   0             78.5689             2.84091             81.4098
                  90                 580                   0             80.0426             2.84091             82.8835
                  90                 590                   0             80.2379             2.27273             82.5107
                  90                 600                   0             80.6996             1.70455             82.4041
                  90                 610                   0              81.108             1.70455             82.8125
                  90                 620                   0             81.5696             1.70455             83.2741
                  90                 630                   0              82.777             1.70455             84.4815
                  90                 640                   0             83.3807             1.70455             85.0852
                  90                 650                   0             83.7358             1.13636             84.8722
                  90                 660                   0             84.0554             1.13636             85.1918
                  90                 670                   0             84.4993             1.13636             85.6357
                  90                 680                   0             84.6413             1.13636             85.7777
                  90                 690                   0             84.8544             1.13636             85.9908
                  90                 700                   0             84.9964             1.13636             86.1328
                  90                 710                   0             85.1207             1.13636             86.2571
                  90                 720                   0             85.3693             1.13636             86.5057
                  90                 730                   0             85.3871             1.13636             86.5234
                  90                 740                   0             85.4403             1.13636             86.5767
                  90                 750                   0             85.4403             1.13636             86.5767
                  90                 760                   0             85.9197             1.13636             87.0561
                  90                 770                   0              85.973             1.13636             87.1094
                  90                 780                   0             86.0973             1.13636             87.2337
                  90                 790                   0             86.3104             1.13636             87.4467
                  90                 800                   0             86.3814             1.13636             87.5178
                  90                 810                   0             86.4702             1.13636             87.6065
                  90                 820                   0             86.5057             1.13636              87.642
                  90                 830                   0             88.4411             1.13636             89.5774
                  90                 840                   0             88.5298             1.13636             89.6662
                  90                 850                   0             88.5298             1.13636             89.6662
                  90                 860                   0             88.7251             1.13636             89.8615
                  90                 870                   0             88.9205             1.13636             90.0568
                  90                 880                   0             89.0803             1.13636             90.2166
                  90                 890                   0             89.4354             1.13636             90.5717
                  90                 900                   0             89.4709             1.13636             90.6072
                  90                 910                   0             89.6662             1.13636             90.8026
                  90                 920                   0             89.7017             1.13636             90.8381
                  90                 930                   0             89.7195             1.13636             90.8558
                  90                 940                   0             89.7727             1.13636             90.9091
                  90                 950                   0             89.7905             1.13636             90.9268
                  90                 960                   0             89.9325             1.13636             91.0689
                  90                 970                   0             90.0746             1.13636             91.2109
                  90                 980                   0             90.1101             1.13636             91.2464
                  90                 990                   0             90.2344             1.13636             91.3707
                  90                1000                   0             90.2344             1.13636             91.3707
