                  30                   0                   0            0.568182             55.1136             55.6818
                  30                  10                   0            0.603693             51.1364             51.7401
                  30                  20                   0            0.692472             49.4318             50.1243
                  30                  30                   0            0.870028             46.5909             47.4609
                  30                  40                   0             1.10085             47.1591             48.2599
                  30                  50                   0             1.20739             45.4545             46.6619
                  30                  60                   0             1.22514             43.1818              44.407
                  30                  70                   0             1.42045             41.4773             42.8977
                  30                  80                   0             1.65128             40.3409             41.9922
                  30                  90                   0             1.77557             38.6364             40.4119
                  30                 100                   0              2.2017                37.5             39.7017
                  30                 110                   0             2.30824             33.5227              35.831
                  30                 120                   0             3.03622             33.5227             36.5589
                  30                 130                   0             3.17827               31.25             34.4283
                  30                 140                   0             3.79972             26.1364             29.9361
                  30                 150                   0             3.94176                  25             28.9418
                  30                 160                   0             4.31463                  25             29.3146
                  30                 170                   0             4.93608             21.5909              26.527
                  30                 180                   0             6.07244             18.1818             24.2543
                  30                 190                   0             6.83594             19.8864             26.7223
                  30                 200                   0             8.09659             15.3409             23.4375
                  30                 210                   0             7.99006             15.9091             23.8991
                  30                 220                   0             8.54048             14.7727             23.3132
                  30                 230                   0              8.8956             14.2045             23.1001
                  30                 240                   0             8.82457             15.9091             24.7337
                  30                 250                   0             9.39276             15.9091             25.3018
                  30                 260                   0             9.74787             14.2045             23.9524
                  30                 270                   0             10.4581             15.9091             26.3672
                  30                 280                   0             11.0618             14.2045             25.2663
                  30                 290                   0             12.2514             14.7727             27.0241
                  30                 300                   0             13.8317             11.3636             25.1953
                  30                 310                   0             13.4055             10.7955              24.201
                  30                 320                   0              14.098               18.75              32.848
                  30                 330                   0             15.1101             19.3182             34.4283
                  30                 340                   0             17.7379             11.3636             29.1016
                  30                 350                   0             18.0398             10.7955             28.8352
                  30                 360                   0             18.4126             14.2045             32.6172
                  30                 370                   0             18.7678             10.7955             29.5632
                  30                 380                   0             19.7266             10.7955              30.522
                  30                 390                   0             20.2947             10.2273              30.522
                  30                 400                   0             22.4964             10.2273             32.7237
                  30                 410                   0             22.7628             10.2273             32.9901
                  30                 420                   0             23.6861             13.6364             37.3224
                  30                 430                   0             24.5916             13.6364              38.228
                  30                 440                   0             25.6392             13.0682             38.7074
                  30                 450                   0             26.0121             15.3409              41.353
                  30                 460                   0              24.343             16.4773             40.8203
                  30                 470                   0             25.3729             16.4773             41.8501
                  30                 480                   0             26.4205             16.4773             42.8977
                  30                 490                   0             27.7876             15.9091             43.6967
                  30                 500                   0             29.5455               18.75             48.2955
                  30                 510                   0             30.2912               18.75             49.0412
                  30                 520                   0             31.5696               18.75             50.3196
                  30                 530                   0             32.4929               18.75             51.2429
                  30                 540                   0             33.1499             18.1818             51.3317
                  30                 550                   0             34.7124             17.0455             51.7578
                  30                 560                   0             35.2983             15.9091             51.2074
                  30                 570                   0             35.9908             15.9091             51.8999
                  30                 580                   0             37.7308             11.3636             49.0945
                  30                 590                   0             39.5241             7.95455             47.4787
                  30                 600                   0             38.5653             10.2273             48.7926
                  30                 610                   0             40.2521                12.5             52.7521
                  30                 620                   0             42.1165                12.5             54.6165
                  30                 630                   0             42.4183                12.5             54.9183
                  30                 640                   0              44.549                12.5              57.049
                  30                 650                   0             45.0284             11.9318             56.9602
                  30                 660                   0             45.2237             11.3636             56.5874
                  30                 670                   0             48.0646             11.3636             59.4283
                  30                 680                   0             48.5618             11.3636             59.9254
                  30                 690                   0             49.5384             11.3636              60.902
                  30                 700                   0             49.9112             11.3636             61.2749
                  30                 710                   0             49.8757             6.81818             56.6939
                  30                 720                   0             50.4616                6.25             56.7116
                  30                 730                   0             50.6037                6.25             56.8537
                  30                 740                   0             50.9055                6.25             57.1555
                  30                 750                   0              53.924                6.25              60.174
                  30                 760                   0             56.5874                6.25             62.8374
                  30                 770                   0             56.8359             5.68182             62.5178
                  30                 780                   0             54.2259             5.68182             59.9077
                  30                 790                   0             55.2202             5.68182              60.902
                  30                 800                   0             57.8835             5.68182             63.5653
                  30                 810                   0             58.8246             5.68182             64.5064
                  30                 820                   0             59.8899             5.68182             65.5717
                  30                 830                   0             60.6179             5.68182             66.2997
                  30                 840                   0             60.8842             5.68182             66.5661
                  30                 850                   0              61.044             5.68182             66.7259
                  30                 860                   0             62.7486             5.68182             68.4304
                  30                 870                   0             62.8551             5.68182             68.5369
                  30                 880                   0             62.8906             5.68182             68.5724
                  30                 890                   0             65.1456             2.27273             67.4183
                  30                 900                   0             65.5185             1.13636             66.6548
                  30                 910                   0             66.4418             1.13636             67.5781
                  30                 920                   0             67.4893             1.13636             68.6257
                  30                 930                   0             67.5781             1.13636             68.7145
                  30                 940                   0             67.7734             1.13636             68.9098
                  30                 950                   0             68.2351             1.13636             69.3714
                  30                 960                   0             66.6016             1.13636             67.7379
                  30                 970                   0             66.7614             1.13636             67.8977
                  30                 980                   0             68.2351             1.13636             69.3714
                  30                 990                   0             68.4304             1.13636             69.5668
                  30                1000                   0             69.1406             1.13636              70.277
