                  70                   0                   0             8.43395             28.4091              36.843
                  70                  10                   0             9.07315             26.1364             35.2095
                  70                  20                   0             9.41051             28.4091             37.8196
                  70                  30                   0             10.3871             27.8409              38.228
                  70                  40                   0             11.3281             25.5682             36.8963
                  70                  50                   0             11.8608             26.7045             38.5653
                  70                  60                   0             11.2749             27.2727             38.5476
                  70                  70                   0              12.429             25.5682             37.9972
                  70                  80                   0             12.5178             28.9773              41.495
                  70                  90                   0             14.5597             22.7273             37.2869
                  70                 100                   0              14.826             24.4318             39.2578
                  70                 110                   0             15.5895             25.5682             41.1577
                  70                 120                   0             16.1044                  25             41.1044
                  70                 130                   0             16.7791             22.1591             38.9382
                  70                 140                   0             18.4659             18.1818             36.6477
                  70                 150                   0              19.549             15.3409             34.8899
                  70                 160                   0             19.1761             14.7727             33.9489
                  70                 170                   0             19.9574             13.6364             33.5938
                  70                 180                   0             20.7209             13.6364             34.3572
                  70                 190                   0             20.8807             13.6364              34.517
                  70                 200                   0             21.4844             13.0682             34.5526
                  70                 210                   0             22.9048             11.3636             34.2685
                  70                 220                   0             23.5795             14.7727             38.3523
                  70                 230                   0               24.13             14.2045             38.3345
                  70                 240                   0             24.5916             14.2045             38.7962
                  70                 250                   0              25.142             14.2045             39.3466
                  70                 260                   0             25.9588             14.2045             40.1634
                  70                 270                   0             26.4915             14.2045              40.696
                  70                 280                   0             26.8111             14.2045             41.0156
                  70                 290                   0              27.468             14.2045             41.6726
                  70                 300                   0             28.6222             14.2045             42.8267
                  70                 310                   0             30.1314             14.2045             44.3359
                  70                 320                   0              31.108             14.2045             45.3125
                  70                 330                   0             32.0312             14.2045             46.2358
                  70                 340                   0             33.1321             14.2045             47.3366
                  70                 350                   0             34.1442             14.2045             48.3487
                  70                 360                   0             34.8899             14.2045             49.0945
                  70                 370                   0             35.7422             14.2045             49.9467
                  70                 380                   0             37.7841               18.75             56.5341
                  70                 390                   0             40.1101             9.65909             49.7692
                  70                 400                   0             42.7024             9.65909             52.3615
                  70                 410                   0             45.3835             9.65909             55.0426
                  70                 420                   0             48.2599             9.65909              57.919
                  70                 430                   0             49.6449             9.09091             58.7358
                  70                 440                   0             50.3729             9.09091             59.4638
                  70                 450                   0             52.1484             9.09091             61.2393
                  70                 460                   0             53.4446             7.95455             61.3991
                  70                 470                   0             54.2614             7.95455             62.2159
                  70                 480                   0             55.1136             7.95455             63.0682
                  70                 490                   0             54.1726             7.95455             62.1271
                  70                 500                   0             56.5696             7.95455             64.5241
                  70                 510                   0             56.4453             7.38636             63.8317
                  70                 520                   0             57.3864             7.38636             64.7727
                  70                 530                   0             58.3984             7.38636             65.7848
                  70                 540                   0             58.7003                6.25             64.9503
                  70                 550                   0             59.6058                6.25             65.8558
                  70                 560                   0             60.4403                6.25             66.6903
                  70                 570                   0             61.7188                6.25             67.9688
                  70                 580                   0             63.0149                6.25             69.2649
                  70                 590                   0             63.6364                6.25             69.8864
                  70                 600                   0             65.1456                6.25             71.3956
                  70                 610                   0             65.8736             5.68182             71.5554
                  70                 620                   0             68.5369             5.68182             74.2188
                  70                 630                   0             68.8565             5.68182             74.5384
                  70                 640                   0             68.9986             5.68182             74.6804
                  70                 650                   0             70.5788             5.11364             75.6925
                  70                 660                   0             70.9695             5.11364             76.0831
                  70                 670                   0             72.8338             5.11364             77.9474
                  70                 680                   0             73.1001             4.54545             77.6456
                  70                 690                   0             74.5739             4.54545             79.1193
                  70                 700                   0              74.858             4.54545             79.4034
                  70                 710                   0             75.0355             4.54545              79.581
                  70                 720                   0             75.3551             4.54545             79.9006
                  70                 730                   0             77.3793             4.54545             81.9247
                  70                 740                   0             78.7109             4.54545             83.2564
                  70                 750                   0              79.723             4.54545             84.2685
                  70                 760                   0             79.8651             4.54545             84.4105
                  70                 770                   0             80.0959             4.54545             84.6413
                  70                 780                   0             80.1669             4.54545             84.7124
                  70                 790                   0             80.2379             4.54545             84.7834
                  70                 800                   0             80.3445             4.54545             84.8899
                  70                 810                   0             80.4155             4.54545             84.9609
                  70                 820                   0              80.593             4.54545             85.1385
                  70                 830                   0             80.8416             4.54545             85.3871
                  70                 840                   0             80.9837             4.54545             85.5291
                  70                 850                   0             81.0192             4.54545             85.5646
                  70                 860                   0             81.0724             4.54545             85.6179
                  70                 870                   0             81.4631             4.54545             86.0085
                  70                 880                   0             81.4808             4.54545             86.0263
                  70                 890                   0             81.4808             4.54545             86.0263
                  70                 900                   0             81.5163             4.54545             86.0618
                  70                 910                   0             81.5341             4.54545             86.0795
                  70                 920                   0             82.3331             4.54545             86.8786
                  70                 930                   0             83.8601             4.54545             88.4055
                  70                 940                   0             83.8956             4.54545             88.4411
                  70                 950                   0             86.5945             4.54545             91.1399
                  70                 960                   0               86.63             4.54545             91.1754
                  70                 970                   0             86.6832             4.54545             91.2287
                  70                 980                   0             86.6832             4.54545             91.2287
                  70                 990                   0              86.701             4.54545             91.2464
                  70                1000                   0             86.7188             4.54545             91.2642
