                  50                   0                   0             3.35582             39.2045             42.5604
                  50                  10                   0             3.74645             38.0682             41.8146
                  50                  20                   0             3.48011             39.2045             42.6847
                  50                  30                   0              3.6044             38.0682             41.6726
                  50                  40                   0              4.8473                37.5             42.3473
                  50                  50                   0             4.79403             35.7955             40.5895
                  50                  60                   0             5.50426               31.25             36.7543
                  50                  70                   0             5.94815             28.9773             34.9254
                  50                  80                   0             7.15554             26.1364             33.2919
                  50                  90                   0             8.07884             27.2727             35.3516
                  50                 100                   0             8.68253             26.7045             35.3871
                  50                 110                   0             8.34517             29.5455             37.8906
                  50                 120                   0             9.01989             28.4091              37.429
                  50                 130                   0             9.87216             26.7045             36.5767
                  50                 140                   0             10.5114             24.4318             34.9432
                  50                 150                   0             11.2393             22.7273             33.9666
                  50                 160                   0             11.5945             20.4545              32.049
                  50                 170                   0             13.0504             15.3409             28.3913
                  50                 180                   0             13.4766             14.7727             28.2493
                  50                 190                   0             14.5597             15.3409             29.9006
                  50                 200                   0             15.7848                12.5             28.2848
                  50                 210                   0             16.2464             11.9318             28.1783
                  50                 220                   0             17.4538                12.5             29.9538
                  50                 230                   0             18.2528                12.5             30.7528
                  50                 240                   0             18.5902                12.5             31.0902
                  50                 250                   0             18.9453             11.9318             30.8771
                  50                 260                   0             19.7621             9.65909             29.4212
                  50                 270                   0             19.7798             10.7955             30.5753
                  50                 280                   0             21.0405             9.09091             30.1314
                  50                 290                   0             21.8928             8.52273             30.4155
                  50                 300                   0             22.4787             8.52273             31.0014
                  50                 310                   0             23.2955             8.52273             31.8182
                  50                 320                   0             23.7038             8.52273             32.2266
                  50                 330                   0             24.7692             8.52273             33.2919
                  50                 340                   0             25.4616             8.52273             33.9844
                  50                 350                   0             26.4027             8.52273             34.9254
                  50                 360                   0             26.8111             8.52273             35.3338
                  50                 370                   0             27.1839             10.7955             37.9794
                  50                 380                   0              27.326             10.7955             38.1214
                  50                 390                   0             28.6754             15.3409             44.0163
                  50                 400                   0             28.3736             11.9318             40.3054
                  50                 410                   0             28.6044             11.9318             40.5362
                  50                 420                   0             30.1136             11.9318             42.0455
                  50                 430                   0             30.4865             11.9318             42.4183
                  50                 440                   0             31.4808             15.3409             46.8217
                  50                 450                   0             34.3395             15.3409             49.6804
                  50                 460                   0             35.8487             15.3409             51.1896
                  50                 470                   0             37.0916             15.3409             52.4325
                  50                 480                   0             38.3523             14.7727              53.125
                  50                 490                   0             38.9027             14.7727             53.6754
                  50                 500                   0             40.9624             14.7727             55.7351
                  50                 510                   0             41.7436             14.7727             56.5163
                  50                 520                   0             42.5071             13.6364             56.1435
                  50                 530                   0             43.9808             11.9318             55.9126
                  50                 540                   0             44.3182             11.9318               56.25
                  50                 550                   0             44.7976             11.9318             56.7294
                  50                 560                   0             46.8395             13.0682             59.9077
                  50                 570                   0             47.9581             11.9318             59.8899
                  50                 580                   0             48.9347             11.9318             60.8665
                  50                 590                   0             52.4503             11.9318             64.3821
                  50                 600                   0             54.8828             11.9318             66.8146
                  50                 610                   0             56.6939             11.9318             68.6257
                  50                 620                   0             57.6705             11.9318             69.6023
                  50                 630                   0             58.2386             11.3636             69.6023
                  50                 640                   0             59.0021             11.3636             70.3658
                  50                 650                   0             59.1619             11.3636             70.5256
                  50                 660                   0             59.4993             11.3636             70.8629
                  50                 670                   0             60.5469             11.3636             71.9105
                  50                 680                   0             60.7244             11.3636             72.0881
                  50                 690                   0             61.2926             11.3636             72.6562
                  50                 700                   0             61.9496             10.2273             72.1768
                  50                 710                   0              62.429             10.2273             72.6562
                  50                 720                   0             62.7131             10.2273             72.9403
                  50                 730                   0             62.9972             10.2273             73.2244
                  50                 740                   0             64.3999             10.2273             74.6271
                  50                 750                   0             65.0923             10.2273             75.3196
                  50                 760                   0             65.2876             10.2273             75.5149
                  50                 770                   0             65.5717             10.2273              75.799
                  50                 780                   0             65.9979             5.68182             71.6797
                  50                 790                   0             66.1399             5.68182             71.8217
                  50                 800                   0             66.3885             5.68182             72.0703
                  50                 810                   0              66.495             5.68182             72.1768
                  50                 820                   0             66.7259             5.68182             72.4077
                  50                 830                   0             67.6314             5.68182             73.3132
                  50                 840                   0             67.9332             5.68182             73.6151
                  50                 850                   0             68.0398             5.68182             73.7216
                  50                 860                   0             70.1349             5.68182             75.8168
                  50                 870                   0              70.277             5.68182             75.9588
                  50                 880                   0             70.4368             5.68182             76.1186
                  50                 890                   0             71.5199             5.68182             77.2017
                  50                 900                   0             71.6264             5.68182             77.3082
                  50                 910                   0             71.7152             5.68182              77.397
                  50                 920                   0             71.8928             5.68182             77.5746
                  50                 930                   0             72.8693             5.68182             78.5511
                  50                 940                   0             73.0114             5.68182             78.6932
                  50                 950                   0              73.544             5.68182             79.2259
                  50                 960                   0             73.6506             5.68182             79.3324
                  50                 970                   0             73.6683             5.68182             79.3501
                  50                 980                   0             73.6683             5.68182             79.3501
                  50                 990                   0             73.6683             5.68182             79.3501
                  50                1000                   0             74.7692             5.68182              80.451
