                  35                   0                   0             1.02983             47.1591             48.1889
                  35                  10                   0             1.34943             45.4545              46.804
                  35                  20                   0             1.58026             46.5909             48.1712
                  35                  30                   0              1.5625             44.3182             45.8807
                  35                  40                   0             1.74006               43.75             45.4901
                  35                  50                   0             1.98864             42.6136             44.6023
                  35                  60                   0             2.25497             39.2045             41.4595
                  35                  70                   0             2.50355             36.3636             38.8672
                  35                  80                   0             2.69886             34.0909             36.7898
                  35                  90                   0             3.19602               31.25              34.446
                  35                 100                   0             3.88849             32.3864             36.2749
                  35                 110                   0             3.99503             30.1136             34.1087
                  35                 120                   0             4.42116             28.9773             33.3984
                  35                 130                   0             4.66974             28.9773              33.647
                  35                 140                   0             5.22017                  25             30.2202
                  35                 150                   0              6.4098             24.4318             30.8416
                  35                 160                   0             6.44531             24.4318             30.8771
                  35                 170                   0             7.86577             19.3182             27.1839
                  35                 180                   0              9.0554               18.75             27.8054
                  35                 190                   0             9.94318             13.0682             23.0114
                  35                 200                   0             9.57031             14.7727              24.343
                  35                 210                   0             9.48153             13.0682             22.5497
                  35                 220                   0             10.7244                12.5             23.2244
                  35                 230                   0             10.6889             13.0682             23.7571
                  35                 240                   0             10.5646             16.4773             27.0419
                  35                 250                   0             11.3459             17.0455             28.3913
                  35                 260                   0             12.5888             16.4773             29.0661
                  35                 270                   0             13.9382             11.3636             25.3018
                  35                 280                   0             14.6129             11.3636             25.9766
                  35                 290                   0             15.1989             11.3636             26.5625
                  35                 300                   0              15.483                12.5              27.983
                  35                 310                   0             16.0334                12.5             28.5334
                  35                 320                   0             16.5483                12.5             29.0483
                  35                 330                   0             17.8622             10.7955             28.6577
                  35                 340                   0             18.2351             9.65909             27.8942
                  35                 350                   0             18.7322             9.65909             28.3913
                  35                 360                   0             19.5668             11.3636             30.9304
                  35                 370                   0             22.1413             11.3636              33.505
                  35                 380                   0             22.6562             10.2273             32.8835
                  35                 390                   0             23.2599             10.2273             33.4872
                  35                 400                   0             24.5739             9.65909              34.233
                  35                 410                   0             25.2308             13.0682              38.299
                  35                 420                   0             25.9055             13.0682             38.9737
                  35                 430                   0             27.0241             14.2045             41.2287
                  35                 440                   0              27.397             13.0682             40.4652
                  35                 450                   0             27.6278             14.2045             41.8324
                  35                 460                   0             28.4979             14.7727             43.2706
                  35                 470                   0             30.0071             14.7727             44.7798
                  35                 480                   0             30.3622             14.2045             44.5668
                  35                 490                   0             32.5639             17.6136             50.1776
                  35                 500                   0             32.9368             17.6136             50.5504
                  35                 510                   0             34.2862             8.52273             42.8089
                  35                 520                   0             34.3217                12.5             46.8217
                  35                 530                   0             34.7124                12.5             47.2124
                  35                 540                   0             34.8366             11.9318             46.7685
                  35                 550                   0             35.4936             11.3636             46.8572
                  35                 560                   0             35.8842             11.3636             47.2479
                  35                 570                   0             38.0327             10.7955             48.8281
                  35                 580                   0             39.1335             9.09091             48.2244
                  35                 590                   0             42.1697             7.95455             50.1243
                  35                 600                   0             43.2884             7.95455             51.2429
                  35                 610                   0             43.7322             7.95455             51.6868
                  35                 620                   0             45.3658             7.95455             53.3203
                  35                 630                   0             46.1115             7.95455             54.0661
                  35                 640                   0              46.733             7.95455             54.6875
                  35                 650                   0             48.4197             7.38636             55.8061
                  35                 660                   0             48.9524             6.81818             55.7706
                  35                 670                   0             49.2365             6.81818             56.0547
                  35                 680                   0             49.5206             6.81818             56.3388
                  35                 690                   0             50.1776             6.81818             56.9957
                  35                 700                   0              52.983             6.81818             59.8011
                  35                 710                   0              53.267             6.81818             60.0852
                  35                 720                   0             54.9361                6.25             61.1861
                  35                 730                   0             55.3622                6.25             61.6122
                  35                 740                   0             56.6229                6.25             62.8729
                  35                 750                   0             58.1143             5.68182             63.7962
                  35                 760                   0             59.0021             5.68182             64.6839
                  35                 770                   0             61.6477             5.68182             67.3295
                  35                 780                   0             62.8374             5.68182             68.5192
                  35                 790                   0             64.8793             5.68182             70.5611
                  35                 800                   0             63.7962             5.68182              69.478
                  35                 810                   0             64.4709             5.68182             70.1527
                  35                 820                   0             65.1101             5.68182             70.7919
                  35                 830                   0             65.2876             5.68182             70.9695
                  35                 840                   0             65.5895             5.68182             71.2713
                  35                 850                   0             67.6314             5.68182             73.3132
                  35                 860                   0             67.9688             5.68182             73.6506
                  35                 870                   0             68.3771             1.13636             69.5135
                  35                 880                   0             68.4482             1.13636             69.5845
                  35                 890                   0              68.608             1.13636             69.7443
                  35                 900                   0               68.75             1.13636             69.8864
                  35                 910                   0             68.7855             1.13636             69.9219
                  35                 920                   0             67.5604             1.13636             68.6967
                  35                 930                   0             67.7024             1.13636             68.8388
                  35                 940                   0             68.8033             1.13636             69.9396
                  35                 950                   0             69.8864             1.13636             71.0227
                  35                 960                   0             70.0994             1.13636             71.2358
                  35                 970                   0             70.1527             1.13636             71.2891
                  35                 980                   0             70.1527             1.13636             71.2891
                  35                 990                   0             70.3303             5.68182             76.0121
                  35                1000                   0             70.3658             5.68182             76.0476
