                  20                   0                   0           0.0887784             73.2955             73.3842
                  20                  10                   0            0.195312             71.5909             71.7862
                  20                  20                   0            0.195312             66.4773             66.6726
                  20                  30                   0            0.213068             63.6364             63.8494
                  20                  40                   0            0.230824             67.6136             67.8445
                  20                  50                   0            0.266335             64.2045             64.4709
                  20                  60                   0            0.266335             63.0682             63.3345
                  20                  70                   0            0.301847             56.8182               57.12
                  20                  80                   0            0.372869             53.4091              53.782
                  20                  90                   0            0.390625             51.7045             52.0952
                  20                 100                   0            0.479403             50.5682             51.0476
                  20                 110                   0            0.426136             44.3182             44.7443
                  20                 120                   0            0.497159             42.6136             43.1108
                  20                 130                   0             0.65696             38.0682             38.7251
                  20                 140                   0             1.27841             36.9318             38.2102
                  20                 150                   0             1.74006             31.8182             33.5582
                  20                 160                   0             2.14844             27.2727             29.4212
                  20                 170                   0             2.55682             31.8182              34.375
                  20                 180                   0             2.71662             32.9545             35.6712
                  20                 190                   0             3.21378                  25             28.2138
                  20                 200                   0             3.51562             26.1364              29.652
                  20                 210                   0             4.65199             17.0455             21.6974
                  20                 220                   0              4.3679             14.2045             18.5724
                  20                 230                   0             4.98935             13.6364             18.6257
                  20                 240                   0              5.6108             13.6364             19.2472
                  20                 250                   0             6.26776             13.0682             19.3359
                  20                 260                   0             7.10227             11.3636             18.4659
                  20                 270                   0             7.36861             15.3409             22.7095
                  20                 280                   0             7.45739             15.9091             23.3665
                  20                 290                   0             8.25639             11.3636               19.62
                  20                 300                   0             8.71804             9.65909             18.3771
                  20                 310                   0              9.2152             9.65909             18.8743
                  20                 320                   0             9.78338             9.65909             19.4425
                  20                 330                   0             9.39276             13.6364             23.0291
                  20                 340                   0             10.5469             13.6364             24.1832
                  20                 350                   0             11.9496             13.0682             25.0178
                  20                 360                   0             12.3047             13.0682             25.3729
                  20                 370                   0             14.2578             11.9318             26.1896
                  20                 380                   0              14.897             11.9318             26.8288
                  20                 390                   0             15.2699             11.3636             26.6335
                  20                 400                   0             16.5661             11.3636             27.9297
                  20                 410                   0              17.223             10.7955             28.0185
                  20                 420                   0             17.8089             10.7955             28.6044
                  20                 430                   0             18.8743             10.2273             29.1016
                  20                 440                   0             19.5845             9.09091             28.6754
                  20                 450                   0             20.3303             9.09091             29.4212
                  20                 460                   0             21.5554             9.09091             30.6463
                  20                 470                   0             22.6207             9.09091             31.7116
                  20                 480                   0             23.2244             9.09091             32.3153
                  20                 490                   0             23.1534             8.52273             31.6761
                  20                 500                   0             22.6385             7.95455              30.593
                  20                 510                   0             22.7628             7.95455             30.7173
                  20                 520                   0             23.1534             7.95455              31.108
                  20                 530                   0             24.0412             7.95455             31.9957
                  20                 540                   0             24.2898             7.95455             32.2443
                  20                 550                   0             24.7692             7.95455             32.7237
                  20                 560                   0             25.3551             7.95455             33.3097
                  20                 570                   0             25.6392             7.95455             33.5938
                  20                 580                   0             27.0597             6.81818             33.8778
                  20                 590                   0             28.9595             4.54545              33.505
                  20                 600                   0              29.794             5.11364             34.9077
                  20                 610                   0             31.6229             3.40909              35.032
                  20                 620                   0             31.8714             3.40909             35.2805
                  20                 630                   0             34.9432             3.40909             38.3523
                  20                 640                   0             36.1151             3.40909             39.5241
                  20                 650                   0             36.6122             3.40909             40.0213
                  20                 660                   0             35.8132             7.38636             43.1996
                  20                 670                   0             36.7188             2.27273             38.9915
                  20                 680                   0             39.4354             2.84091             42.2763
                  20                 690                   0             39.8438             2.27273             42.1165
                  20                 700                   0             40.2344             6.81818             47.0526
                  20                 710                   0             40.3054             6.81818             47.1236
                  20                 720                   0              40.767             6.81818             47.5852
                  20                 730                   0               42.88                6.25               49.13
                  20                 740                   0             44.0341                6.25             50.2841
                  20                 750                   0             43.2884             10.7955             54.0838
                  20                 760                   0             44.1584             10.7955             54.9538
                  20                 770                   0              44.478             10.7955             55.2734
                  20                 780                   0             44.9041             10.7955             55.6996
                  20                 790                   0             45.0639             10.7955             55.8594
                  20                 800                   0             45.3658             10.7955             56.1612
                  20                 810                   0             48.7571             10.2273             58.9844
                  20                 820                   0             48.7393             10.7955             59.5348
                  20                 830                   0             51.3139                6.25             57.5639
                  20                 840                   0             51.5625                6.25             57.8125
                  20                 850                   0             51.9709             5.68182             57.6527
                  20                 860                   0             52.0419             5.68182             57.7237
                  20                 870                   0             55.2912             1.13636             56.4276
                  20                 880                   0             55.3445             1.13636             56.4808
                  20                 890                   0             56.3743             1.13636             57.5107
                  20                 900                   0             56.6584             1.13636             57.7947
                  20                 910                   0             58.2741             1.13636             59.4105
                  20                 920                   0             61.4347             1.13636              62.571
                  20                 930                   0             61.4702             1.13636             62.6065
                  20                 940                   0             62.4822             1.13636             63.6186
                  20                 950                   0             62.5355             1.13636             63.6719
                  20                 960                   0             63.1392             1.13636             64.2756
                  20                 970                   0              63.299             1.13636             64.4354
                  20                 980                   0              63.299             1.13636             64.4354
                  20                 990                   0             64.0092             1.13636             65.1456
                  20                1000                   0             64.0447             1.13636             65.1811
