                 100                   0                   0             15.5362             25.5682             41.1044
                 100                  10                   0             14.5064             24.4318             38.9382
                 100                  20                   0             16.1399             27.8409             43.9808
                 100                  30                   0             16.1399               31.25             47.3899
                 100                  40                   0             17.8089             26.7045             44.5135
                 100                  50                   0             18.5547             26.7045             45.2592
                 100                  60                   0             19.6378             24.4318             44.0696
                 100                  70                   0             21.2713             22.1591             43.4304
                 100                  80                   0             20.8097                  25             45.8097
                 100                  90                   0             21.9993             21.0227              43.022
                 100                 100                   0             22.6562             18.1818             40.8381
                 100                 110                   0             23.2244             16.4773             39.7017
                 100                 120                   0             24.4851             15.9091             40.3942
                 100                 130                   0             25.1598             14.2045             39.3643
                 100                 140                   0             26.2607             9.65909             35.9197
                 100                 150                   0             27.0952             9.09091             36.1861
                 100                 160                   0             28.7642             8.52273             37.2869
                 100                 170                   0             29.4212             7.95455             37.3757
                 100                 180                   0             30.0071             7.95455             37.9616
                 100                 190                   0             32.1911             7.95455             40.1456
                 100                 200                   0             33.8778             7.95455             41.8324
                 100                 210                   0             35.4048             7.38636             42.7912
                 100                 220                   0             36.3459             7.38636             43.7322
                 100                 230                   0             37.2337             7.38636               44.62
                 100                 240                   0             39.4531             7.38636             46.8395
                 100                 250                   0             40.9446             7.38636              48.331
                 100                 260                   0             44.1406             7.38636              51.527
                 100                 270                   0             45.6499             7.38636             53.0362
                 100                 280                   0              46.733             7.38636             54.1193
                 100                 290                   0             49.5916             7.38636              56.978
                 100                 300                   0             51.4737             7.38636             58.8601
                 100                 310                   0             52.5568             7.38636             59.9432
                 100                 320                   0             53.8352             7.38636             61.2216
                 100                 330                   0             56.1257             7.38636             63.5121
                 100                 340                   0             56.5163             6.81818             63.3345
                 100                 350                   0             57.6705             6.81818             64.4886
                 100                 360                   0             59.9787             6.81818             66.7969
                 100                 370                   0             61.9318             6.81818               68.75
                 100                 380                   0             63.0504             5.68182             68.7322
                 100                 390                   0             63.6186             5.68182             69.3004
                 100                 400                   0             64.2578             5.68182             69.9396
                 100                 410                   0             65.8558             5.68182             71.5376
                 100                 420                   0             67.5071             5.68182             73.1889
                 100                 430                   0             68.3416             5.68182             74.0234
                 100                 440                   0             69.2649             5.68182             74.9467
                 100                 450                   0             71.2536             5.68182             76.9354
                 100                 460                   0             71.7152             5.68182              77.397
                 100                 470                   0             72.6207             3.97727              76.598
                 100                 480                   0              74.929             3.40909             78.3381
                 100                 490                   0             75.9411             2.27273             78.2138
                 100                 500                   0             76.6158             2.27273             78.8885
                 100                 510                   0             77.1307             2.27273             79.4034
                 100                 520                   0             79.6697             2.27273             81.9425
                 100                 530                   0             80.4865             2.27273             82.7592
                 100                 540                   0             81.1435             2.27273             83.4162
                 100                 550                   0             81.8004             2.27273             84.0732
                 100                 560                   0               82.12             2.27273             84.3928
                 100                 570                   0             84.0199             1.13636             85.1562
                 100                 580                   0             84.6946             1.13636              85.831
                 100                 590                   0             84.9609             1.13636             86.0973
                 100                 600                   0             85.4226             1.13636             86.5589
                 100                 610                   0             85.9197             1.13636             87.0561
                 100                 620                   0             86.5589             1.13636             87.6953
                 100                 630                   0             86.7188             1.13636             87.8551
                 100                 640                   0             87.2337            0.568182             87.8018
                 100                 650                   0              87.358            0.568182             87.9261
                 100                 660                   0             87.5355            0.568182             88.1037
                 100                 670                   0             87.9439            0.568182             88.5121
                 100                 680                   0             88.1214            0.568182             88.6896
                 100                 690                   0               88.37            0.568182             88.9382
                 100                 700                   0             88.5831            0.568182             89.1513
                 100                 710                   0             88.6364            0.568182             89.2045
                 100                 720                   0             89.0803            0.568182             89.6484
                 100                 730                   0             89.1513            0.568182             89.7195
                 100                 740                   0             89.2933            0.568182             89.8615
                 100                 750                   0             89.3288            0.568182              89.897
                 100                 760                   0             89.3466            0.568182             89.9148
                 100                 770                   0             89.4531            0.568182             90.0213
                 100                 780                   0             89.6662            0.568182             90.2344
                 100                 790                   0             89.7195            0.568182             90.2876
                 100                 800                   0             89.7905            0.568182             90.3587
                 100                 810                   0             89.8615            0.568182             90.4297
                 100                 820                   0             89.9858            0.568182              90.554
                 100                 830                   0             90.9268            0.568182              91.495
                 100                 840                   0             91.1222            0.568182             91.6903
                 100                 850                   0             91.2287            0.568182             91.7969
                 100                 860                   0             91.3352            0.568182             91.9034
                 100                 870                   0             91.3352            0.568182             91.9034
                 100                 880                   0             91.6903            0.568182             92.2585
                 100                 890                   0             91.7259            0.568182              92.294
                 100                 900                   0             92.2053            0.568182             92.7734
                 100                 910                   0             92.3651            0.568182             92.9332
                 100                 920                   0             92.4006            0.568182             92.9688
                 100                 930                   0             92.4183            0.568182             92.9865
                 100                 940                   0             92.7024            0.568182             93.2706
                 100                 950                   0             92.9332            0.568182             93.5014
                 100                 960                   0             92.9865            0.568182             93.5547
                 100                 970                   0             93.0043            0.568182             93.5724
                 100                 980                   0             93.0575            0.568182             93.6257
                 100                 990                   0             93.0753            0.568182             93.6435
                 100                1000                   0             93.1463            0.568182             93.7145
