                   0                   0                   0                   0                 100                 100
                   0                  10                   0                   0                 100                 100
                   0                  20                   0                   0                 100                 100
                   0                  30                   0                   0                 100                 100
                   0                  40                   0                   0                 100                 100
                   0                  50                   0                   0                 100                 100
                   0                  60                   0                   0                 100                 100
                   0                  70                   0                   0                 100                 100
                   0                  80                   0                   0                 100                 100
                   0                  90                   0                   0                 100                 100
                   0                 100                   0                   0                 100                 100
                   0                 110                   0                   0             99.4318             99.4318
                   0                 120                   0                   0             99.4318             99.4318
                   0                 130                   0                   0             99.4318             99.4318
                   0                 140                   0                   0             99.4318             99.4318
                   0                 150                   0                   0             99.4318             99.4318
                   0                 160                   0                   0             97.7273             97.7273
                   0                 170                   0                   0             94.3182             94.3182
                   0                 180                   0                   0             92.0455             92.0455
                   0                 190                   0           0.0710227                87.5              87.571
                   0                 200                   0                   0             78.4091             78.4091
                   0                 210                   0           0.0710227             63.6364             63.7074
                   0                 220                   0           0.0887784             57.3864             57.4751
                   0                 230                   0            0.639205             50.5682             51.2074
                   0                 240                   0            0.816761             53.9773              54.794
                   0                 250                   0            0.887784             46.5909             47.4787
                   0                 260                   0            0.816761                  50             50.8168
                   0                 270                   0             1.27841             44.3182             45.5966
                   0                 280                   0             1.34943             40.3409             41.6903
                   0                 290                   0             2.14844             43.1818             45.3303
                   0                 300                   0             2.69886             39.2045             41.9034
                   0                 310                   0             2.43253             38.0682             40.5007
                   0                 320                   0             2.94744             38.0682             41.0156
                   0                 330                   0             1.95312             32.3864             34.3395
                   0                 340                   0             2.55682             32.9545             35.5114
                   0                 350                   0             2.71662             32.9545             35.6712
                   0                 360                   0             3.37358             31.8182             35.1918
                   0                 370                   0             3.58665             29.5455             33.1321
                   0                 380                   0             4.13707             34.6591             38.7962
                   0                 390                   0             4.33239             34.6591             38.9915
                   0                 400                   0             4.45668             32.9545             37.4112
                   0                 410                   0             4.70526             30.6818             35.3871
                   0                 420                   0             4.88281             28.9773             33.8601
                   0                 430                   0             4.95384             31.8182              36.772
                   0                 440                   0             5.06037             35.7955             40.8558
                   0                 450                   0             5.18466             34.6591             39.8438
                   0                 460                   0             5.96591             28.9773             34.9432
                   0                 470                   0             6.99574             28.4091             35.4048
                   0                 480                   0             7.36861             28.9773             36.3459
                   0                 490                   0             7.74148             28.9773             36.7188
                   0                 500                   0             7.84801             27.8409             35.6889
                   0                 510                   0             7.67045             27.8409             35.5114
                   0                 520                   0             8.23864             27.8409             36.0795
                   0                 530                   0             8.48722             27.2727             35.7599
                   0                 540                   0              9.0554             26.7045             35.7599
                   0                 550                   0             9.19744             26.1364             35.3338
                   0                 560                   0             9.76562             26.1364              35.902
                   0                 570                   0             9.73011             21.0227             30.7528
                   0                 580                   0             10.6889             20.4545             31.1435
                   0                 590                   0             11.4347             21.5909             33.0256
                   0                 600                   0             12.1271             19.3182             31.4453
                   0                 610                   0             12.4112             18.1818              30.593
                   0                 620                   0             15.1634             21.0227             36.1861
                   0                 630                   0             17.0099             21.0227             38.0327
                   0                 640                   0              15.696             17.6136             33.3097
                   0                 650                   0             15.4119             16.4773             31.8892
                   0                 660                   0             15.7138             15.9091             31.6229
                   0                 670                   0             15.7315             15.3409             31.0724
                   0                 680                   0             17.9155             16.4773             34.3928
                   0                 690                   0             18.3594             16.4773             34.8366
                   0                 700                   0             16.7081             15.9091             32.6172
                   0                 710                   0              18.022             13.0682             31.0902
                   0                 720                   0             18.3771             13.0682             31.4453
                   0                 730                   0              18.679             13.0682             31.7472
                   0                 740                   0             18.6612             14.7727             33.4339
                   0                 750                   0             18.9276             14.7727             33.7003
                   0                 760                   0             18.9986             14.7727             33.7713
                   0                 770                   0             19.1051             14.7727             33.8778
                   0                 780                   0             21.1825                12.5             33.6825
                   0                 790                   0             21.2713                12.5             33.7713
                   0                 800                   0             24.3075                12.5             36.8075
                   0                 810                   0             24.6094                12.5             37.1094
                   0                 820                   0             24.7337                12.5             37.2337
                   0                 830                   0             24.1122                12.5             36.6122
                   0                 840                   0              24.929             11.9318             36.8608
                   0                 850                   0              25.657             11.9318             37.5888
                   0                 860                   0             25.7635             11.9318             37.6953
                   0                 870                   0             25.9588             11.9318             37.8906
                   0                 880                   0             26.9176             6.81818             33.7358
                   0                 890                   0             26.7045                6.25             32.9545
                   0                 900                   0             26.8466                6.25             33.0966
                   0                 910                   0             28.4979             10.7955             39.2933
                   0                 920                   0              28.995             9.65909             38.6541
                   0                 930                   0             29.1016             9.65909             38.7607
                   0                 940                   0             30.3622             9.65909             40.0213
                   0                 950                   0             30.6996             9.65909             40.3587
                   0                 960                   0             34.0199             7.95455             41.9744
                   0                 970                   0             37.1804                6.25             43.4304
                   0                 980                   0             37.5178                6.25             43.7678
                   0                 990                   0             37.5178                6.25             43.7678
                   0                1000                   0             40.5362             8.52273             49.0589
