                  95                   0                   0             14.8082                  25             39.8082
                  95                  10                   0             14.8438             26.7045             41.5483
                  95                  20                   0             13.3168             30.1136             43.4304
                  95                  30                   0             15.9801             26.1364             42.1165
                  95                  40                   0             15.9091             29.5455             45.4545
                  95                  50                   0             17.4538             27.8409             45.2947
                  95                  60                   0             17.8622             25.5682             43.4304
                  95                  70                   0             18.6967             24.4318             43.1286
                  95                  80                   0             20.2592                  25             45.2592
                  95                  90                   0              21.076             23.8636             44.9396
                  95                 100                   0             21.8572             19.3182             41.1754
                  95                 110                   0             22.3189             17.6136             39.9325
                  95                 120                   0             22.8516             15.9091             38.7607
                  95                 130                   0             23.5973             15.9091             39.5064
                  95                 140                   0             24.5561             10.7955             35.3516
                  95                 150                   0             25.2663             9.65909             34.9254
                  95                 160                   0             26.2074             9.09091             35.2983
                  95                 170                   0             27.3438             9.09091             36.4347
                  95                 180                   0             28.1428             8.52273             36.6655
                  95                 190                   0              28.924             7.38636             36.3104
                  95                 200                   0             30.4155             7.38636             37.8018
                  95                 210                   0             31.0192             7.38636             38.4055
                  95                 220                   0               32.12             7.38636             39.5064
                  95                 230                   0             33.8778             7.38636             41.2642
                  95                 240                   0             34.7479             7.38636             42.1342
                  95                 250                   0             35.2095             7.38636             42.5959
                  95                 260                   0              37.571             7.38636             44.9574
                  95                 270                   0             39.2756             7.38636             46.6619
                  95                 280                   0             41.1044             7.38636             48.4908
                  95                 290                   0             44.9396             7.38636              52.326
                  95                 300                   0             48.0824             8.52273             56.6051
                  95                 310                   0             50.9233             7.38636             58.3097
                  95                 320                   0             52.1307             7.38636              59.517
                  95                 330                   0             53.3203             7.38636             60.7067
                  95                 340                   0             54.8118             7.38636             62.1982
                  95                 350                   0             56.5696             7.38636              63.956
                  95                 360                   0             57.3331             6.81818             64.1513
                  95                 370                   0             57.5994             6.81818             64.4176
                  95                 380                   0             59.8366             6.81818             66.6548
                  95                 390                   0             61.2926             5.68182             66.9744
                  95                 400                   0             61.6122             5.68182              67.294
                  95                 410                   0             62.3935             5.68182             68.0753
                  95                 420                   0             63.5476             5.68182             69.2294
                  95                 430                   0             65.2166             5.68182             70.8984
                  95                 440                   0             66.3175             5.68182             71.9993
                  95                 450                   0             67.3473             5.68182             73.0291
                  95                 460                   0             69.2294             5.68182             74.9112
                  95                 470                   0             69.8864             5.68182             75.5682
                  95                 480                   0             70.5788             5.11364             75.6925
                  95                 490                   0             71.9993             3.97727             75.9766
                  95                 500                   0             72.9403             2.84091             75.7812
                  95                 510                   0             74.1477             2.84091             76.9886
                  95                 520                   0             74.6449             2.84091             77.4858
                  95                 530                   0             78.2138             2.84091             81.0547
                  95                 540                   0             79.3857             2.84091             82.2266
                  95                 550                   0             79.8118             2.84091             82.6527
                  95                 560                   0             80.4688             2.84091             83.3097
                  95                 570                   0              80.593             2.84091             83.4339
                  95                 580                   0             82.6882             1.70455             84.3928
                  95                 590                   0             83.1676             1.70455             84.8722
                  95                 600                   0             83.3984             1.70455              85.103
                  95                 610                   0             84.0554             1.70455             85.7599
                  95                 620                   0              85.032             1.70455             86.7365
                  95                 630                   0             85.5469             1.70455             87.2514
                  95                 640                   0              85.831             1.70455             87.5355
                  95                 650                   0             86.1506             1.13636             87.2869
                  95                 660                   0             86.2749             1.13636             87.4112
                  95                 670                   0             86.3814             1.13636             87.5178
                  95                 680                   0              86.772             1.13636             87.9084
                  95                 690                   0             86.9318             1.13636             88.0682
                  95                 700                   0             87.0739             1.13636             88.2102
                  95                 710                   0             87.1982             1.13636             88.3345
                  95                 720                   0             87.2159             1.13636             88.3523
                  95                 730                   0             87.2514             1.13636             88.3878
                  95                 740                   0             87.8196             1.13636              88.956
                  95                 750                   0             88.7784            0.568182             89.3466
                  95                 760                   0             88.9027            0.568182             89.4709
                  95                 770                   0             88.9205            0.568182             89.4886
                  95                 780                   0              89.169            0.568182             89.7372
                  95                 790                   0             89.4176            0.568182             89.9858
                  95                 800                   0             89.4886            0.568182             90.0568
                  95                 810                   0             89.5419            0.568182             90.1101
                  95                 820                   0             89.5952            0.568182             90.1634
                  95                 830                   0             89.8438            0.568182             90.4119
                  95                 840                   0             90.1456            0.568182             90.7138
                  95                 850                   0             90.2876            0.568182             90.8558
                  95                 860                   0             90.3409            0.568182             90.9091
                  95                 870                   0             90.3587            0.568182             90.9268
                  95                 880                   0             90.7315            0.568182             91.2997
                  95                 890                   0             90.7315            0.568182             91.2997
                  95                 900                   0             90.7848            0.568182              91.353
                  95                 910                   0             90.7848            0.568182              91.353
                  95                 920                   0             90.8558            0.568182              91.424
                  95                 930                   0             90.8736            0.568182             91.4418
                  95                 940                   0             90.8736            0.568182             91.4418
                  95                 950                   0             90.9091            0.568182             91.4773
                  95                 960                   0             90.9801            0.568182             91.5483
                  95                 970                   0             91.0156            0.568182             91.5838
                  95                 980                   0             91.0334            0.568182             91.6016
                  95                 990                   0             91.2109            0.568182             91.7791
                  95                1000                   0             93.0043            0.568182             93.5724
