                  45                   0                   0              2.9652             40.3409             43.3061
                  45                  10                   0             2.94744             42.6136             45.5611
                  45                  20                   0              3.2848             40.3409             43.6257
                  45                  30                   0              3.2848             41.4773             44.7621
                  45                  40                   0             3.51562             36.3636             39.8793
                  45                  50                   0             4.17259             36.9318             41.1044
                  45                  60                   0             4.11932             36.9318             41.0511
                  45                  70                   0             4.29688                37.5             41.7969
                  45                  80                   0             5.23793               31.25             36.4879
                  45                  90                   0                6.25             28.4091             34.6591
                  45                 100                   0             6.65838             27.8409             34.4993
                  45                 110                   0             7.54616             26.7045             34.2507
                  45                 120                   0              8.4517             24.4318             32.8835
                  45                 130                   0             8.68253             27.8409             36.5234
                  45                 140                   0             8.48722             28.4091             36.8963
                  45                 150                   0             9.78338             22.1591             31.9425
                  45                 160                   0             10.2983             21.0227              31.321
                  45                 170                   0             10.6889             19.3182             30.0071
                  45                 180                   0             12.0561             15.3409              27.397
                  45                 190                   0             12.5888             16.4773             29.0661
                  45                 200                   0             13.6719             14.7727             28.4446
                  45                 210                   0             14.3466             14.7727             29.1193
                  45                 220                   0             15.0568             13.6364             28.6932
                  45                 230                   0             15.9268             13.6364             29.5632
                  45                 240                   0             17.0987             14.2045             31.3033
                  45                 250                   0             17.7024                12.5             30.2024
                  45                 260                   0             18.1818                12.5             30.6818
                  45                 270                   0             18.5724                12.5             31.0724
                  45                 280                   0             18.7855             11.9318             30.7173
                  45                 290                   0             19.7088             11.3636             31.0724
                  45                 300                   0             20.6854             10.7955             31.4808
                  45                 310                   0             21.6264             8.52273             30.1491
                  45                 320                   0             22.1058             8.52273             30.6286
                  45                 330                   0             22.9936             8.52273             31.5163
                  45                 340                   0             23.5795             9.09091             32.6705
                  45                 350                   0             24.6094             9.09091             33.7003
                  45                 360                   0              25.799             8.52273             34.3217
                  45                 370                   0             26.2251             10.7955             37.0206
                  45                 380                   0             26.6868             10.7955             37.4822
                  45                 390                   0             27.0241             10.7955             37.8196
                  45                 400                   0             27.2372             10.7955             38.0327
                  45                 410                   0              27.468             10.7955             38.2635
                  45                 420                   0             28.2493             10.7955             39.0447
                  45                 430                   0             28.6932             10.7955             39.4886
                  45                 440                   0             30.2024             15.3409             45.5433
                  45                 450                   0             31.1612             11.9318              43.093
                  45                 460                   0             31.4808             11.9318             43.4126
                  45                 470                   0             32.0845             11.9318             44.0163
                  45                 480                   0             34.5881             11.9318             46.5199
                  45                 490                   0             35.7955             11.3636             47.1591
                  45                 500                   0             37.0739             11.3636             48.4375
                  45                 510                   0             38.7607             11.3636             50.1243
                  45                 520                   0             39.7372             11.3636             51.1009
                  45                 530                   0              41.495             10.2273             51.7223
                  45                 540                   0             42.6847             9.65909             52.3438
                  45                 550                   0             42.2763             9.65909             51.9354
                  45                 560                   0              43.093             9.65909             52.7521
                  45                 570                   0             44.0341             9.09091              53.125
                  45                 580                   0             45.1349             7.95455             53.0895
                  45                 590                   0             47.1236             7.95455             55.0781
                  45                 600                   0             47.9936             11.9318             59.9254
                  45                 610                   0             49.2365             11.9318             61.1683
                  45                 620                   0             49.4673             11.9318             61.3991
                  45                 630                   0             55.6641             11.9318             67.5959
                  45                 640                   0             58.3097             11.3636             69.6733
                  45                 650                   0             59.7124             11.3636              71.076
                  45                 660                   0             58.2031             11.3636             69.5668
                  45                 670                   0             58.3452             11.3636             69.7088
                  45                 680                   0             61.0085             11.3636             72.3722
                  45                 690                   0             61.0973             11.3636             72.4609
                  45                 700                   0             61.6655             11.3636             73.0291
                  45                 710                   0             63.6719             10.7955             74.4673
                  45                 720                   0             64.2401             10.2273             74.4673
                  45                 730                   0             64.6839             10.2273             74.9112
                  45                 740                   0             64.7017             10.2273              74.929
                  45                 750                   0             65.1989             10.2273             75.4261
                  45                 760                   0             65.1811             10.2273             75.4084
                  45                 770                   0             65.4297             10.2273              75.657
                  45                 780                   0             65.6428             10.2273               75.87
                  45                 790                   0             66.6371             10.2273             76.8643
                  45                 800                   0             66.6371             10.2273             76.8643
                  45                 810                   0             67.2585             5.68182             72.9403
                  45                 820                   0             67.3295             5.68182             73.0114
                  45                 830                   0             67.5071             5.68182             73.1889
                  45                 840                   0             67.8445             5.68182             73.5263
                  45                 850                   0               67.88             5.68182             73.5618
                  45                 860                   0             68.0043             5.68182             73.6861
                  45                 870                   0             68.0753             5.68182             73.7571
                  45                 880                   0             70.1527             5.68182             75.8345
                  45                 890                   0             70.1527             5.68182             75.8345
                  45                 900                   0             70.3835             5.68182             76.0653
                  45                 910                   0             70.4013             5.68182             76.0831
                  45                 920                   0             70.4723             5.68182             76.1541
                  45                 930                   0             70.7209             5.68182             76.4027
                  45                 940                   0             70.7919             5.68182             76.4737
                  45                 950                   0             71.8572             5.68182             77.5391
                  45                 960                   0             71.9283             5.68182             77.6101
                  45                 970                   0             72.4254             5.68182             78.1072
                  45                 980                   0             72.5142             5.68182              78.196
                  45                 990                   0             72.5142             5.68182              78.196
                  45                1000                   0             72.5142             5.68182              78.196
