                  25                   0                   0            0.284091             63.0682             63.3523
                  25                  10                   0            0.284091             64.2045             64.4886
                  25                  20                   0            0.319602             60.7955             61.1151
                  25                  30                   0            0.355114             56.8182             57.1733
                  25                  40                   0            0.408381               56.25             56.6584
                  25                  50                   0            0.514915             53.9773             54.4922
                  25                  60                   0            0.568182             52.2727             52.8409
                  25                  70                   0            0.692472             46.0227             46.7152
                  25                  80                   0             0.78125             45.4545             46.2358
                  25                  90                   0            0.763494             42.0455             42.8089
                  25                 100                   0             1.06534             42.0455             43.1108
                  25                 110                   0             1.02983             38.0682              39.098
                  25                 120                   0             1.93537             36.3636              38.299
                  25                 130                   0             2.11293             34.6591              36.772
                  25                 140                   0             2.75213               31.25             34.0021
                  25                 150                   0             2.89418             27.2727             30.1669
                  25                 160                   0              2.8054                  25             27.8054
                  25                 170                   0             3.49787                  25             28.4979
                  25                 180                   0             4.29688             25.5682             29.8651
                  25                 190                   0             4.72301             22.1591             26.8821
                  25                 200                   0             5.48651             17.6136             23.1001
                  25                 210                   0             6.14347             14.2045              20.348
                  25                 220                   0             6.39205                12.5              18.892
                  25                 230                   0             7.47514             13.6364             21.1115
                  25                 240                   0             7.04901             14.7727             21.8217
                  25                 250                   0             8.00781             14.7727             22.7805
                  25                 260                   0             8.77131             9.65909             18.4304
                  25                 270                   0             9.28622             9.65909             18.9453
                  25                 280                   0             11.4524             11.9318             23.3842
                  25                 290                   0             11.8608             11.9318             23.7926
                  25                 300                   0             11.5589                12.5             24.0589
                  25                 310                   0             11.9318             9.65909             21.5909
                  25                 320                   0                12.5             9.65909             22.1591
                  25                 330                   0             12.8374             9.65909             22.4964
                  25                 340                   0              12.429             15.3409             27.7699
                  25                 350                   0             13.2812             13.6364             26.9176
                  25                 360                   0             14.2578             13.0682              27.326
                  25                 370                   0             16.6903             10.7955             27.4858
                  25                 380                   0             17.6491             10.7955             28.4446
                  25                 390                   0             15.6072             15.3409             30.9482
                  25                 400                   0             16.5305             15.3409             31.8714
                  25                 410                   0             16.7259             14.7727             31.4986
                  25                 420                   0             18.4126             10.2273             28.6399
                  25                 430                   0             21.1293             9.09091             30.2202
                  25                 440                   0             22.2479             9.09091             31.3388
                  25                 450                   0             22.9936             9.09091             32.0845
                  25                 460                   0              23.402             9.09091             32.4929
                  25                 470                   0             23.7393             9.09091             32.8303
                  25                 480                   0             24.0589             8.52273             32.5817
                  25                 490                   0             23.9524             9.09091             33.0433
                  25                 500                   0             23.8636             9.09091             32.9545
                  25                 510                   0              24.929             9.09091             34.0199
                  25                 520                   0             25.5859             9.09091             34.6768
                  25                 530                   0             27.3438             13.6364             40.9801
                  25                 540                   0             30.0249             9.09091             39.1158
                  25                 550                   0             30.3445             8.52273             38.8672
                  25                 560                   0             31.4986             16.4773             47.9759
                  25                 570                   0              33.647             15.3409             48.9879
                  25                 580                   0             35.0852             14.7727              49.858
                  25                 590                   0             35.5114             14.7727             50.2841
                  25                 600                   0             39.2045             7.38636             46.5909
                  25                 610                   0             35.8487             10.2273              46.076
                  25                 620                   0             37.6953             10.7955             48.4908
                  25                 630                   0             40.3054             10.2273             50.5327
                  25                 640                   0             41.9034             10.2273             52.1307
                  25                 650                   0             42.5781             4.54545             47.1236
                  25                 660                   0             42.9155             3.97727             46.8928
                  25                 670                   0             42.8977             8.52273             51.4205
                  25                 680                   0             42.7557             8.52273             51.2784
                  25                 690                   0             43.0753             8.52273              51.598
                  25                 700                   0             44.5845             8.52273             53.1072
                  25                 710                   0             45.7741             8.52273             54.2969
                  25                 720                   0             46.2003             8.52273              54.723
                  25                 730                   0             47.5852             7.38636             54.9716
                  25                 740                   0             49.6094             10.7955             60.4048
                  25                 750                   0             50.0178             10.7955             60.8132
                  25                 760                   0             50.5504             10.7955             61.3459
                  25                 770                   0             50.8878             10.7955             61.6832
                  25                 780                   0             50.9766             10.7955              61.772
                  25                 790                   0             51.7578             10.7955             62.5533
                  25                 800                   0             51.7578             10.2273             61.9851
                  25                 810                   0             53.0362             5.68182              58.718
                  25                 820                   0             53.8352             5.68182              59.517
                  25                 830                   0             54.1371             5.68182             59.8189
                  25                 840                   0             60.3871             5.68182             66.0689
                  25                 850                   0             60.5469             5.68182             66.2287
                  25                 860                   0             60.7244             5.68182             66.4062
                  25                 870                   0             60.7599             5.68182             66.4418
                  25                 880                   0              60.902             5.68182             66.5838
                  25                 890                   0             61.0263             5.68182             66.7081
                  25                 900                   0             62.1094             5.68182             67.7912
                  25                 910                   0             62.4467             2.27273             64.7195
                  25                 920                   0              62.358             2.27273             64.6307
                  25                 930                   0             62.7308             1.13636             63.8672
                  25                 940                   0             60.8487             1.13636             61.9851
                  25                 950                   0             60.9553             1.13636             62.0916
                  25                 960                   0             61.0973             1.13636             62.2337
                  25                 970                   0             62.0028             1.13636             63.1392
                  25                 980                   0             63.0504             1.13636             64.1868
                  25                 990                   0             63.0682             1.13636             64.2045
                  25                1000                   0             63.1392             1.13636             64.2756
