                  15                   0                   0           0.0177557               81.25             81.2678
                  15                  10                   0           0.0177557             80.1136             80.1314
                  15                  20                   0           0.0177557             79.5455             79.5632
                  15                  30                   0           0.0177557             78.9773              78.995
                  15                  40                   0           0.0177557                  75             75.0178
                  15                  50                   0           0.0177557             70.4545             70.4723
                  15                  60                   0           0.0355114             69.3182             69.3537
                  15                  70                   0           0.0355114             68.1818             68.2173
                  15                  80                   0            0.142045             67.0455             67.1875
                  15                  90                   0            0.106534             59.6591             59.7656
                  15                 100                   0            0.213068             59.0909              59.304
                  15                 110                   0             0.24858             55.1136             55.3622
                  15                 120                   0            0.266335                  50             50.2663
                  15                 130                   0             0.24858             46.0227             46.2713
                  15                 140                   0            0.266335             41.4773             41.7436
                  15                 150                   0            0.745739             36.3636             37.1094
                  15                 160                   0             1.59801             34.0909             35.6889
                  15                 170                   0             1.50923               31.25             32.7592
                  15                 180                   0             1.93537             25.5682             27.5036
                  15                 190                   0             2.23722             32.3864             34.6236
                  15                 200                   0             2.32599             30.6818             33.0078
                  15                 210                   0             2.68111             27.2727             29.9538
                  15                 220                   0             2.89418                  25             27.8942
                  15                 230                   0             3.46236             22.7273             26.1896
                  15                 240                   0             4.19034             14.7727             18.9631
                  15                 250                   0             4.95384             13.6364             18.5902
                  15                 260                   0             5.34446             13.0682             18.4126
                  15                 270                   0             5.98366             13.0682             19.0518
                  15                 280                   0             6.23224             11.9318             18.1641
                  15                 290                   0              6.5696             11.3636             17.9332
                  15                 300                   0             6.35653             10.7955              17.152
                  15                 310                   0             6.85369             10.2273              17.081
                  15                 320                   0             7.29759             10.7955              18.093
                  15                 330                   0             7.84801             11.9318             19.7798
                  15                 340                   0             8.54048             14.2045              22.745
                  15                 350                   0             8.84233             13.0682             21.9105
                  15                 360                   0             11.0795             14.7727             25.8523
                  15                 370                   0             10.4226             13.0682             23.4908
                  15                 380                   0             10.6357                12.5             23.1357
                  15                 390                   0             10.6534             17.6136              28.267
                  15                 400                   0             11.0085             17.0455              28.054
                  15                 410                   0             11.2393                12.5             23.7393
                  15                 420                   0             11.9496                12.5             24.4496
                  15                 430                   0             12.8551                12.5             25.3551
                  15                 440                   0             14.4886             9.65909             24.1477
                  15                 450                   0             16.8501             9.65909             26.5092
                  15                 460                   0             17.7024             10.2273             27.9297
                  15                 470                   0              18.821             10.2273             29.0483
                  15                 480                   0             19.6023             9.09091             28.6932
                  15                 490                   0             19.7976             7.95455             27.7521
                  15                 500                   0             20.9695             7.95455              28.924
                  15                 510                   0             21.3601             7.95455             29.3146
                  15                 520                   0             22.1058             7.95455             30.0604
                  15                 530                   0             19.5312             6.81818             26.3494
                  15                 540                   0             19.7266             6.81818             26.5447
                  15                 550                   0             20.0994             6.81818             26.9176
                  15                 560                   0             20.4368             6.81818              27.255
                  15                 570                   0             21.3246             7.95455             29.2791
                  15                 580                   0             22.4432             7.95455             30.3977
                  15                 590                   0             23.2599             7.38636             30.6463
                  15                 600                   0             25.6214             5.68182             31.3033
                  15                 610                   0             26.0476             5.68182             31.7294
                  15                 620                   0             26.5092             5.68182             32.1911
                  15                 630                   0             27.2905             5.11364             32.4041
                  15                 640                   0             30.1491             3.97727             34.1264
                  15                 650                   0             30.0781             2.27273             32.3509
                  15                 660                   0             31.2145             2.27273             33.4872
                  15                 670                   0             31.6761             2.27273             33.9489
                  15                 680                   0             32.1023             2.27273              34.375
                  15                 690                   0              32.706             2.27273             34.9787
                  15                 700                   0             33.1854             2.27273             35.4581
                  15                 710                   0             34.1442             2.84091             36.9851
                  15                 720                   0               36.63             2.84091             39.4709
                  15                 730                   0             36.9851             2.84091              39.826
                  15                 740                   0             37.8906             2.27273             40.1634
                  15                 750                   0             40.9801             2.27273             43.2528
                  15                 760                   0             42.8622             2.27273             45.1349
                  15                 770                   0             44.3182             1.13636             45.4545
                  15                 780                   0             44.5312             1.13636             45.6676
                  15                 790                   0             44.8153             1.13636             45.9517
                  15                 800                   0             44.8331             1.13636             45.9695
                  15                 810                   0             44.1406             5.68182             49.8224
                  15                 820                   0             44.9396             5.68182             50.6214
                  15                 830                   0             44.8331             5.68182             50.5149
                  15                 840                   0             44.9751             5.68182              50.657
                  15                 850                   0             45.0284             2.27273             47.3011
                  15                 860                   0             45.1882             2.27273             47.4609
                  15                 870                   0              45.277             2.27273             47.5497
                  15                 880                   0             45.3125             2.27273             47.5852
                  15                 890                   0             46.2891             2.27273             48.5618
                  15                 900                   0               44.62             4.54545             49.1655
                  15                 910                   0             47.9936             4.54545             52.5391
                  15                 920                   0             48.1534             4.54545             52.6989
                  15                 930                   0             49.2188             3.40909             52.6278
                  15                 940                   0             49.4318             3.40909             52.8409
                  15                 950                   0             49.7337             3.40909             53.1428
                  15                 960                   0             50.4616             3.40909             53.8707
                  15                 970                   0              50.657             3.40909             54.0661
                  15                 980                   0             51.2784             3.40909             54.6875
                  15                 990                   0             52.9297             1.13636             54.0661
                  15                1000                   0             56.3388             1.13636             57.4751
