                  75                   0                   0             9.94318             27.8409             37.7841
                  75                  10                   0             10.6712             30.1136             40.7848
                  75                  20                   0             11.3636             27.2727             38.6364
                  75                  30                   0             12.0916             25.5682             37.6598
                  75                  40                   0             12.6776             23.8636             36.5412
                  75                  50                   0             12.1804             26.7045             38.8849
                  75                  60                   0             12.6598             27.8409             40.5007
                  75                  70                   0             12.3935               31.25             43.6435
                  75                  80                   0             13.4411             30.6818             44.1229
                  75                  90                   0             15.4297             24.4318             39.8615
                  75                 100                   0             16.1044             25.5682             41.6726
                  75                 110                   0             16.6548             23.8636             40.5185
                  75                 120                   0             18.5014               18.75             37.2514
                  75                 130                   0             18.6967             21.0227             39.7195
                  75                 140                   0             19.5312             17.0455             36.5767
                  75                 150                   0             19.8686             15.9091             35.7777
                  75                 160                   0             20.5078             14.2045             34.7124
                  75                 170                   0             21.3601             13.6364             34.9964
                  75                 180                   0             22.0526             15.3409             37.3935
                  75                 190                   0              22.603             14.7727             37.3757
                  75                 200                   0             22.9936             14.7727             37.7663
                  75                 210                   0             24.1832             14.7727              38.956
                  75                 220                   0             25.0533                12.5             37.5533
                  75                 230                   0             25.4616             11.9318             37.3935
                  75                 240                   0             26.2784             11.9318             38.2102
                  75                 250                   0             27.2905             11.9318             39.2223
                  75                 260                   0             27.9297             14.2045             42.1342
                  75                 270                   0              28.196             14.2045             42.4006
                  75                 280                   0             28.6399             14.2045             42.8445
                  75                 290                   0             29.1903             14.2045             43.3949
                  75                 300                   0             30.7528             14.2045             44.9574
                  75                 310                   0             32.3686             9.65909             42.0277
                  75                 320                   0             33.5582             9.65909             43.2173
                  75                 330                   0             35.5114             9.65909             45.1705
                  75                 340                   0              37.358             9.65909              47.017
                  75                 350                   0             39.4176             9.65909             49.0767
                  75                 360                   0             40.1634             9.65909             49.8224
                  75                 370                   0             41.2287             9.65909             50.8878
                  75                 380                   0               44.62             9.65909             54.2791
                  75                 390                   0             45.8452             9.65909             55.5043
                  75                 400                   0              47.532             9.65909             57.1911
                  75                 410                   0             49.5561             9.09091              58.647
                  75                 420                   0             50.9943             9.09091             60.0852
                  75                 430                   0             52.6101             9.09091              61.701
                  75                 440                   0             54.7408             9.09091             63.8317
                  75                 450                   0             55.3267             7.95455             63.2812
                  75                 460                   0              56.108             7.95455             64.0625
                  75                 470                   0             56.4453             7.95455             64.3999
                  75                 480                   0             55.5043             7.95455             63.4588
                  75                 490                   0             56.6229             7.95455             64.5774
                  75                 500                   0             57.7592             7.38636             65.1456
                  75                 510                   0             58.3984             7.38636             65.7848
                  75                 520                   0             60.1385             7.38636             67.5249
                  75                 530                   0             61.1151                6.25             67.3651
                  75                 540                   0             63.1037                6.25             69.3537
                  75                 550                   0             65.4652                6.25             71.7152
                  75                 560                   0              67.223                6.25              73.473
                  75                 570                   0             68.3594                6.25             74.6094
                  75                 580                   0             68.8565                6.25             75.1065
                  75                 590                   0              70.277                6.25              76.527
                  75                 600                   0             70.9339             5.68182             76.6158
                  75                 610                   0              71.147             5.68182             76.8288
                  75                 620                   0             71.5732             5.68182              77.255
                  75                 630                   0             72.6562             5.68182             78.3381
                  75                 640                   0             73.7038             5.68182             79.3857
                  75                 650                   0             74.5384             5.11364              79.652
                  75                 660                   0             75.4972             5.11364             80.6108
                  75                 670                   0             75.9055             4.54545              80.451
                  75                 680                   0             76.5092             4.54545             81.0547
                  75                 690                   0             76.9531             4.54545             81.4986
                  75                 700                   0             77.3082             4.54545             81.8537
                  75                 710                   0              77.468             4.54545             82.0135
                  75                 720                   0             79.7053             4.54545             84.2507
                  75                 730                   0             79.8828             4.54545             84.4283
                  75                 740                   0             79.9183             4.54545             84.4638
                  75                 750                   0             80.1314             4.54545             84.6768
                  75                 760                   0             80.2202             4.54545             84.7656
                  75                 770                   0             80.4688             4.54545             85.0142
                  75                 780                   0             80.4688             4.54545             85.0142
                  75                 790                   0             81.6939             4.54545             86.2393
                  75                 800                   0             82.5462             4.54545             87.0916
                  75                 810                   0             85.3338             4.54545             89.8793
                  75                 820                   0             85.3871             4.54545             89.9325
                  75                 830                   0             85.4226             4.54545              89.968
                  75                 840                   0             85.6357             4.54545             90.1811
                  75                 850                   0             85.9375             4.54545              90.483
                  75                 860                   0             86.0263             4.54545             90.5717
                  75                 870                   0             86.0618             4.54545             90.6072
                  75                 880                   0             86.0973             4.54545             90.6428
                  75                 890                   0             86.0973             4.54545             90.6428
                  75                 900                   0             86.0973             4.54545             90.6428
                  75                 910                   0             86.2749             4.54545             90.8203
                  75                 920                   0             86.5412             4.54545             91.0866
                  75                 930                   0             86.5767             4.54545             91.1222
                  75                 940                   0             86.5945             4.54545             91.1399
                  75                 950                   0             87.3935             4.54545             91.9389
                  75                 960                   0             87.4822             4.54545             92.0277
                  75                 970                   0             87.5888             4.54545             92.1342
                  75                 980                   0             87.5888             4.54545             92.1342
                  75                 990                   0             87.5888             4.54545             92.1342
                  75                1000                   0             87.6776             4.54545              92.223
