                  40                   0                   0             2.11293             46.0227             48.1357
                  40                  10                   0             2.46804             43.1818             45.6499
                  40                  20                   0             2.61009             44.3182             46.9283
                  40                  30                   0              2.6456             41.4773             44.1229
                  40                  40                   0             2.82315             40.9091             43.7322
                  40                  50                   0             2.89418             39.2045             42.0987
                  40                  60                   0             3.07173             36.3636             39.4354
                  40                  70                   0             3.63991             32.9545             36.5945
                  40                  80                   0             3.65767             32.9545             36.6122
                  40                  90                   0             3.90625             32.3864             36.2926
                  40                 100                   0              4.6875             32.3864             37.0739
                  40                 110                   0             5.43324             30.1136             35.5469
                  40                 120                   0             6.30327             27.8409             34.1442
                  40                 130                   0             6.55185             26.1364             32.6882
                  40                 140                   0              7.4929             21.0227             28.5156
                  40                 150                   0             8.98438             17.6136              26.598
                  40                 160                   0             8.75355             20.4545             29.2081
                  40                 170                   0             9.65909             17.6136             27.2727
                  40                 180                   0             10.8132             15.9091             26.7223
                  40                 190                   0             11.0973             14.7727               25.87
                  40                 200                   0             10.4581             23.2955             33.7536
                  40                 210                   0             11.1861             17.6136             28.7997
                  40                 220                   0             11.6122             17.6136             29.2259
                  40                 230                   0             12.9972             14.7727             27.7699
                  40                 240                   0             13.3878             13.6364             27.0241
                  40                 250                   0              14.027             13.6364             27.6634
                  40                 260                   0             15.7848             14.7727             30.5575
                  40                 270                   0             16.0334             14.2045             30.2379
                  40                 280                   0             16.7436             14.2045             30.9482
                  40                 290                   0              17.152             14.2045             31.3565
                  40                 300                   0             17.7379             13.6364             31.3743
                  40                 310                   0              18.892             11.3636             30.2557
                  40                 320                   0             19.3182             11.3636             30.6818
                  40                 330                   0             19.6733             10.2273             29.9006
                  40                 340                   0             19.9396             9.65909             29.5987
                  40                 350                   0             22.1591             9.09091               31.25
                  40                 360                   0             23.8104             8.52273             32.3331
                  40                 370                   0             24.8935             8.52273             33.4162
                  40                 380                   0             25.3906             8.52273             33.9134
                  40                 390                   0             26.3317             9.09091             35.4226
                  40                 400                   0             26.6335             8.52273             35.1562
                  40                 410                   0             27.0064             8.52273             35.5291
                  40                 420                   0             27.5923             8.52273             36.1151
                  40                 430                   0             28.1428             8.52273             36.6655
                  40                 440                   0              28.196             10.7955             38.9915
                  40                 450                   0             28.8175             10.7955             39.6129
                  40                 460                   0             30.1847             10.7955             40.9801
                  40                 470                   0             30.6818             10.7955             41.4773
                  40                 480                   0             31.9957             15.3409             47.3366
                  40                 490                   0             31.9247             11.9318             43.8565
                  40                 500                   0             32.5817             11.9318             44.5135
                  40                 510                   0             33.7891             11.9318             45.7209
                  40                 520                   0             34.9077             11.9318             46.8395
                  40                 530                   0             37.3047             11.9318             49.2365
                  40                 540                   0             39.5241             10.7955             50.3196
                  40                 550                   0             40.5007             9.65909             50.1598
                  40                 560                   0             41.7969             9.65909              51.456
                  40                 570                   0             42.5604             9.65909             52.2195
                  40                 580                   0             43.1818             9.09091             52.2727
                  40                 590                   0             44.4425             7.95455              52.397
                  40                 600                   0             45.5433             7.95455             53.4979
                  40                 610                   0             46.2003             7.95455             54.1548
                  40                 620                   0             47.8338             7.95455             55.7884
                  40                 630                   0             48.2777             7.95455             56.2322
                  40                 640                   0             48.6861             7.38636             56.0724
                  40                 650                   0              50.142             6.81818             56.9602
                  40                 660                   0             49.7869             6.81818             56.6051
                  40                 670                   0             53.8707             6.81818             60.6889
                  40                 680                   0             57.8125             6.81818             64.6307
                  40                 690                   0             59.1974             6.81818             66.0156
                  40                 700                   0             59.5526             6.81818             66.3707
                  40                 710                   0             59.8011                6.25             66.0511
                  40                 720                   0             60.3161                6.25             66.5661
                  40                 730                   0             60.7422                6.25             66.9922
                  40                 740                   0             62.7308             5.68182             68.4126
                  40                 750                   0             63.0859             5.68182             68.7678
                  40                 760                   0             63.6009             5.68182             69.2827
                  40                 770                   0             63.7429             5.68182             69.4247
                  40                 780                   0             65.3942             5.68182              71.076
                  40                 790                   0              64.755             5.68182             70.4368
                  40                 800                   0             65.2344             10.2273             75.4616
                  40                 810                   0             65.2699             10.2273             75.4972
                  40                 820                   0             65.8026             10.2273             76.0298
                  40                 830                   0             65.9268             10.2273             76.1541
                  40                 840                   0             66.6016             5.68182             72.2834
                  40                 850                   0             67.3473             5.68182             73.0291
                  40                 860                   0             67.5249             5.68182             73.2067
                  40                 870                   0             67.6491             5.68182              73.331
                  40                 880                   0             67.6669             5.68182             73.3487
                  40                 890                   0             67.9332             5.68182             73.6151
                  40                 900                   0             68.0575             5.68182             73.7393
                  40                 910                   0             69.2472             5.68182              74.929
                  40                 920                   0             69.3359             5.68182             75.0178
                  40                 930                   0             70.3303             5.68182             76.0121
                  40                 940                   0              70.348             5.68182             76.0298
                  40                 950                   0              70.419             5.68182             76.1009
                  40                 960                   0             70.5788             5.68182             76.2607
                  40                 970                   0             70.6854             5.68182             76.3672
                  40                 980                   0             70.7031             5.68182             76.3849
                  40                 990                   0             71.3246             5.68182             77.0064
                  40                1000                   0             71.4134             5.68182             77.0952
