                  60                   0                   0             55.6996             10.7955              66.495
                  60                  10                   0             58.2564             10.2273             68.4837
                  60                  20                   0             60.2273             10.2273             70.4545
                  60                  30                   0             61.7898             10.2273              72.017
                  60                  40                   0               63.37             9.65909             73.0291
                  60                  50                   0             65.7848             8.52273             74.3075
                  60                  60                   0              68.093             8.52273             76.6158
                  60                  70                   0             69.9574             7.95455             77.9119
                  60                  80                   0             71.8572             7.38636             79.2436
                  60                  90                   0             73.1712             6.81818             79.9893
                  60                 100                   0             74.2898             4.54545             78.8352
                  60                 110                   0             75.1953             4.54545             79.7408
                  60                 120                   0             75.9943             4.54545             80.5398
                  60                 130                   0             76.8288             4.54545             81.3743
                  60                 140                   0             77.6101             3.40909             81.0192
                  60                 150                   0             78.0185             3.40909             81.4276
                  60                 160                   0             78.4446             2.84091             81.2855
                  60                 170                   0             79.1726             2.84091             82.0135
                  60                 180                   0             79.8828             2.27273             82.1555
                  60                 190                   0             80.2912             2.27273             82.5639
                  60                 200                   0             80.8594             2.27273             83.1321
                  60                 210                   0             81.5696             2.27273             83.8423
                  60                 220                   0             81.7827             2.27273             84.0554
                  60                 230                   0             82.0312             2.27273              84.304
                  60                 240                   0             82.3509             2.27273             84.6236
                  60                 250                   0              82.848             2.27273             85.1207
                  60                 260                   0             83.4162             2.27273             85.6889
                  60                 270                   0             83.7713             2.27273              86.044
                  60                 280                   0             84.0199             2.27273             86.2926
                  60                 290                   0             84.4105             2.27273             86.6832
                  60                 300                   0             84.7834             2.27273             87.0561
                  60                 310                   0             85.0142             2.27273             87.2869
                  60                 320                   0              85.245             2.27273             87.5178
                  60                 330                   0             85.5646             2.27273             87.8374
                  60                 340                   0             85.8842             2.27273              88.157
                  60                 350                   0             86.0973             2.27273               88.37
                  60                 360                   0             86.4524             2.27273             88.7251
                  60                 370                   0               86.63             2.27273             88.9027
                  60                 380                   0             86.9141             2.27273             89.1868
                  60                 390                   0             87.2337             2.27273             89.5064
                  60                 400                   0              87.642             2.27273             89.9148
                  60                 410                   0             87.8906             2.27273             90.1634
                  60                 420                   0             88.1925             2.27273             90.4652
                  60                 430                   0               88.37             2.27273             90.6428
                  60                 440                   0             88.5298             2.27273             90.8026
                  60                 450                   0              88.956             2.27273             91.2287
                  60                 460                   0             89.1513             2.27273              91.424
                  60                 470                   0             89.2578             2.27273             91.5305
                  60                 480                   0             89.5774             2.27273             91.8501
                  60                 490                   0             90.0568             2.27273             92.3295
                  60                 500                   0             90.2876             2.27273             92.5604
                  60                 510                   0             90.6072             2.27273               92.88
                  60                 520                   0             90.6605             2.27273             92.9332
                  60                 530                   0             90.8913             2.27273             93.1641
                  60                 540                   0             91.1044             2.27273             93.3771
                  60                 550                   0              91.353             2.27273             93.6257
                  60                 560                   0             91.6548             2.27273             93.9276
                  60                 570                   0             91.7791             2.27273             94.0518
                  60                 580                   0              92.294             2.27273             94.5668
                  60                 590                   0             92.5071             2.27273             94.7798
                  60                 600                   0             92.5426             2.27273             94.8153
                  60                 610                   0             93.3594             2.27273             95.6321
                  60                 620                   0             93.4659             2.27273             95.7386
                  60                 630                   0             93.7678             2.27273             96.0405
                  60                 640                   0              93.892             2.27273             96.1648
                  60                 650                   0             94.7443            0.568182             95.3125
                  60                 660                   0             94.8153            0.568182             95.3835
                  60                 670                   0             94.8686            0.568182             95.4368
                  60                 680                   0             94.9219            0.568182             95.4901
                  60                 690                   0             94.9396            0.568182             95.5078
                  60                 700                   0             95.0107            0.568182             95.5788
                  60                 710                   0             95.0639            0.568182             95.6321
                  60                 720                   0             95.1172            0.568182             95.6854
                  60                 730                   0             95.1882            0.568182             95.7564
                  60                 740                   0             95.2592            0.568182             95.8274
                  60                 750                   0             95.4545            0.568182             96.0227
                  60                 760                   0             95.7741            0.568182             96.3423
                  60                 770                   0             95.8807            0.568182             96.4489
                  60                 780                   0             95.9339            0.568182             96.5021
                  60                 790                   0             96.0227            0.568182             96.5909
                  60                 800                   0             96.0582            0.568182             96.6264
                  60                 810                   0             96.1648            0.568182              96.733
                  60                 820                   0             96.2891            0.568182             96.8572
                  60                 830                   0             96.5376            0.568182             97.1058
                  60                 840                   0             96.5554            0.568182             97.1236
                  60                 850                   0             96.5909            0.568182             97.1591
                  60                 860                   0             96.6264            0.568182             97.1946
                  60                 870                   0             96.6442            0.568182             97.2124
                  60                 880                   0             96.6797            0.568182             97.2479
                  60                 890                   0             96.7685            0.568182             97.3366
                  60                 900                   0              96.946            0.568182             97.5142
                  60                 910                   0              97.017            0.568182             97.5852
                  60                 920                   0             97.0526            0.568182             97.6207
                  60                 930                   0             97.0703            0.568182             97.6385
                  60                 940                   0             97.0881            0.568182             97.6562
                  60                 950                   0             97.1591            0.568182             97.7273
                  60                 960                   0             97.2656            0.568182             97.8338
                  60                 970                   0             97.2834            0.568182             97.8516
                  60                 980                   0             97.3366            0.568182             97.9048
                  60                 990                   0             97.3544            0.568182             97.9226
                  60                1000                   0             97.4077            0.568182             97.9759
