                  50                   0                   0             47.0348             15.3409             62.3757
                  50                  10                   0             48.5085             15.9091             64.4176
                  50                  20                   0             50.0178             13.6364             63.6541
                  50                  30                   0             51.3494                12.5             63.8494
                  50                  40                   0             52.9474                12.5             65.4474
                  50                  50                   0             54.5987             11.3636             65.9624
                  50                  60                   0             56.4453             10.7955             67.2408
                  50                  70                   0             58.6825             10.2273             68.9098
                  50                  80                   0             60.6357             10.2273             70.8629
                  50                  90                   0             62.6776             10.2273             72.9048
                  50                 100                   0             66.0511             8.52273             74.5739
                  50                 110                   0             67.6491             8.52273             76.1719
                  50                 120                   0              69.549             7.38636             76.9354
                  50                 130                   0             71.3423             7.38636             78.7287
                  50                 140                   0             72.2479             5.68182             77.9297
                  50                 150                   0             73.1001             4.54545             77.6456
                  50                 160                   0               74.13             4.54545             78.6754
                  50                 170                   0              74.929             4.54545             79.4744
                  50                 180                   0             75.9055             3.40909             79.3146
                  50                 190                   0             76.6868             2.84091             79.5277
                  50                 200                   0             77.2017             2.84091             80.0426
                  50                 210                   0             78.1072             2.84091             80.9482
                  50                 220                   0             78.6932             2.84091             81.5341
                  50                 230                   0             79.3501             2.84091             82.1911
                  50                 240                   0              79.794             2.27273             82.0668
                  50                 250                   0             80.2734             2.27273             82.5462
                  50                 260                   0             80.8771             2.27273             83.1499
                  50                 270                   0             81.1967             2.27273             83.4695
                  50                 280                   0             81.6584             2.27273             83.9311
                  50                 290                   0               82.12             2.27273             84.3928
                  50                 300                   0             82.5462             2.27273             84.8189
                  50                 310                   0             83.1321             2.27273             85.4048
                  50                 320                   0             83.4339             2.27273             85.7067
                  50                 330                   0             83.8778             2.27273             86.1506
                  50                 340                   0             84.3217             2.27273             86.5945
                  50                 350                   0             84.4993             2.27273              86.772
                  50                 360                   0             84.7656             2.27273             87.0384
                  50                 370                   0             85.0852             2.27273              87.358
                  50                 380                   0             85.3161             2.27273             87.5888
                  50                 390                   0             85.5646             2.27273             87.8374
                  50                 400                   0              85.831             2.27273             88.1037
                  50                 410                   0             86.2749             2.27273             88.5476
                  50                 420                   0             86.6122             2.27273             88.8849
                  50                 430                   0             86.9318             2.27273             89.2045
                  50                 440                   0             87.1626             2.27273             89.4354
                  50                 450                   0              87.429             2.27273             89.7017
                  50                 460                   0             87.8551             2.27273             90.1278
                  50                 470                   0             88.1214             2.27273             90.3942
                  50                 480                   0             88.3168             2.27273             90.5895
                  50                 490                   0             88.5121             2.27273             90.7848
                  50                 500                   0             88.6364             2.27273             90.9091
                  50                 510                   0             89.1868             2.27273             91.4595
                  50                 520                   0             89.4176             2.27273             91.6903
                  50                 530                   0             89.6307             2.27273             91.9034
                  50                 540                   0             89.8793             2.27273              92.152
                  50                 550                   0             90.0746             2.27273             92.3473
                  50                 560                   0             90.2344             2.27273             92.5071
                  50                 570                   0             90.6605             2.27273             92.9332
                  50                 580                   0             91.1399             2.27273             93.4126
                  50                 590                   0             91.1932             2.27273             93.4659
                  50                 600                   0              91.424             2.27273             93.6967
                  50                 610                   0             91.6548             2.27273             93.9276
                  50                 620                   0             92.0099             2.27273             94.2827
                  50                 630                   0             92.0455             2.27273             94.3182
                  50                 640                   0              92.081             2.27273             94.3537
                  50                 650                   0             92.4006             2.27273             94.6733
                  50                 660                   0             92.5426             2.27273             94.8153
                  50                 670                   0             93.3771             2.27273             95.6499
                  50                 680                   0             93.4659             2.27273             95.7386
                  50                 690                   0             93.5547             2.27273             95.8274
                  50                 700                   0             93.7678             2.27273             96.0405
                  50                 710                   0             93.8033             2.27273              96.076
                  50                 720                   0             94.6023            0.568182             95.1705
                  50                 730                   0             94.7088            0.568182              95.277
                  50                 740                   0             94.9219            0.568182             95.4901
                  50                 750                   0             95.0817            0.568182             95.6499
                  50                 760                   0             95.0994            0.568182             95.6676
                  50                 770                   0             95.1527            0.568182             95.7209
                  50                 780                   0             95.3658            0.568182             95.9339
                  50                 790                   0             95.5256            0.568182             96.0938
                  50                 800                   0             95.6854            0.568182             96.2536
                  50                 810                   0             95.7031            0.568182             96.2713
                  50                 820                   0             95.7919            0.568182             96.3601
                  50                 830                   0             95.8629            0.568182             96.4311
                  50                 840                   0             96.0227            0.568182             96.5909
                  50                 850                   0              96.218            0.568182             96.7862
                  50                 860                   0             96.3423            0.568182             96.9105
                  50                 870                   0             96.3423            0.568182             96.9105
                  50                 880                   0             96.3601            0.568182             96.9283
                  50                 890                   0             96.3956            0.568182             96.9638
                  50                 900                   0             96.4134            0.568182             96.9815
                  50                 910                   0             96.4489            0.568182              97.017
                  50                 920                   0             96.5909            0.568182             97.1591
                  50                 930                   0             96.6619            0.568182             97.2301
                  50                 940                   0              96.804            0.568182             97.3722
                  50                 950                   0             96.8572            0.568182             97.4254
                  50                 960                   0             96.9815            0.568182             97.5497
                  50                 970                   0             97.0348            0.568182              97.603
                  50                 980                   0             97.0348            0.568182              97.603
                  50                 990                   0             97.0348            0.568182              97.603
                  50                1000                   0             97.1058            0.568182              97.674
