                  55                   0                   0             51.4205             13.0682             64.4886
                  55                  10                   0             53.3913             11.3636              64.755
                  55                  20                   0             55.0426             10.7955             65.8381
                  55                  30                   0              56.978             10.2273             67.2053
                  55                  40                   0             58.7536             10.2273             68.9808
                  55                  50                   0             60.4226             10.2273             70.6499
                  55                  60                   0             62.2514             10.2273             72.4787
                  55                  70                   0             64.3466             9.09091             73.4375
                  55                  80                   0             66.7436             8.52273             75.2663
                  55                  90                   0             68.7678             8.52273             77.2905
                  55                 100                   0             70.6143             7.38636             78.0007
                  55                 110                   0             72.1413             7.38636             79.5277
                  55                 120                   0             72.9759             5.11364             78.0895
                  55                 130                   0             74.2188             4.54545             78.7642
                  55                 140                   0             75.2131             4.54545             79.7585
                  55                 150                   0             75.9233             4.54545             80.4688
                  55                 160                   0             76.7401             3.97727             80.7173
                  55                 170                   0             77.5213             2.84091             80.3622
                  55                 180                   0             78.0185             2.84091             80.8594
                  55                 190                   0             78.6754             2.84091             81.5163
                  55                 200                   0             79.4212             2.84091             82.2621
                  55                 210                   0             80.0426             2.27273             82.3153
                  55                 220                   0             80.3445             2.27273             82.6172
                  55                 230                   0             80.9659             2.27273             83.2386
                  55                 240                   0             81.3743             2.27273              83.647
                  55                 250                   0             81.7827             2.27273             84.0554
                  55                 260                   0             82.1911             2.27273             84.4638
                  55                 270                   0             82.6349             2.27273             84.9077
                  55                 280                   0             83.0256             2.27273             85.2983
                  55                 290                   0             83.4517             2.27273             85.7244
                  55                 300                   0             83.7536             2.27273             86.0263
                  55                 310                   0             84.2152             2.27273             86.4879
                  55                 320                   0              84.446             2.27273             86.7188
                  55                 330                   0             84.6946             2.27273             86.9673
                  55                 340                   0             85.0497             2.27273             87.3224
                  55                 350                   0             85.3161             2.27273             87.5888
                  55                 360                   0             85.6357             2.27273             87.9084
                  55                 370                   0              85.902             2.27273             88.1747
                  55                 380                   0             86.1151             2.27273             88.3878
                  55                 390                   0             86.4524             2.27273             88.7251
                  55                 400                   0             86.7898             2.27273             89.0625
                  55                 410                   0             87.1094             2.27273             89.3821
                  55                 420                   0             87.4112             2.27273             89.6839
                  55                 430                   0              87.642             2.27273             89.9148
                  55                 440                   0             88.0327             2.27273             90.3054
                  55                 450                   0             88.2812             2.27273              90.554
                  55                 460                   0             88.4411             2.27273             90.7138
                  55                 470                   0             88.6541             2.27273             90.9268
                  55                 480                   0             88.8672             2.27273             91.1399
                  55                 490                   0             89.2223             2.27273              91.495
                  55                 500                   0             89.4531             2.27273             91.7259
                  55                 510                   0              89.826             2.27273             92.0987
                  55                 520                   0             90.0746             2.27273             92.3473
                  55                 530                   0             90.4119             2.27273             92.6847
                  55                 540                   0             90.5362             2.27273             92.8089
                  55                 550                   0             90.8736             2.27273             93.1463
                  55                 560                   0             91.0866             2.27273             93.3594
                  55                 570                   0             91.2287             2.27273             93.5014
                  55                 580                   0             91.5305             2.27273             93.8033
                  55                 590                   0             91.6903             2.27273             93.9631
                  55                 600                   0             92.0099             2.27273             94.2827
                  55                 610                   0             92.4006             2.27273             94.6733
                  55                 620                   0             92.4538             2.27273             94.7266
                  55                 630                   0             92.5249             2.27273             94.7976
                  55                 640                   0             93.4482             2.27273             95.7209
                  55                 650                   0             93.5547             2.27273             95.8274
                  55                 660                   0             93.6257             2.27273             95.8984
                  55                 670                   0             93.6967             2.27273             95.9695
                  55                 680                   0             93.7678             2.27273             96.0405
                  55                 690                   0             94.8331            0.568182             95.4013
                  55                 700                   0             94.8509            0.568182              95.419
                  55                 710                   0             94.8864            0.568182             95.4545
                  55                 720                   0             94.9396            0.568182             95.5078
                  55                 730                   0             94.9929            0.568182             95.5611
                  55                 740                   0             95.1527            0.568182             95.7209
                  55                 750                   0             95.1705            0.568182             95.7386
                  55                 760                   0              95.277            0.568182             95.8452
                  55                 770                   0             95.5433            0.568182             96.1115
                  55                 780                   0             95.8274            0.568182             96.3956
                  55                 790                   0             95.8452            0.568182             96.4134
                  55                 800                   0             95.9695            0.568182             96.5376
                  55                 810                   0             95.9872            0.568182             96.5554
                  55                 820                   0             96.0938            0.568182             96.6619
                  55                 830                   0             96.2536            0.568182             96.8217
                  55                 840                   0             96.3068            0.568182              96.875
                  55                 850                   0             96.3778            0.568182              96.946
                  55                 860                   0             96.4134            0.568182             96.9815
                  55                 870                   0             96.4311            0.568182             96.9993
                  55                 880                   0             96.5909            0.568182             97.1591
                  55                 890                   0             96.6264            0.568182             97.1946
                  55                 900                   0             96.6797            0.568182             97.2479
                  55                 910                   0             96.7152            0.568182             97.2834
                  55                 920                   0             96.8395            0.568182             97.4077
                  55                 930                   0             96.9815            0.568182             97.5497
                  55                 940                   0             96.9815            0.568182             97.5497
                  55                 950                   0              97.017            0.568182             97.5852
                  55                 960                   0              97.017            0.568182             97.5852
                  55                 970                   0             97.0348            0.568182              97.603
                  55                 980                   0             97.1413            0.568182             97.7095
                  55                 990                   0             97.2124            0.568182             97.7805
                  55                1000                   0             97.2479            0.568182             97.8161
