                  40                   0                   0             38.1925             22.1591             60.3516
                  40                  10                   0             38.9205             21.0227             59.9432
                  40                  20                   0             40.0391             20.4545             60.4936
                  40                  30                   0             41.1932             20.4545             61.6477
                  40                  40                   0             42.5426             19.8864              62.429
                  40                  50                   0              43.679             19.3182             62.9972
                  40                  60                   0             44.8864             17.6136                62.5
                  40                  70                   0             45.7386             16.4773             62.2159
                  40                  80                   0             48.0114             15.9091             63.9205
                  40                  90                   0             49.3963             14.7727              64.169
                  40                 100                   0             51.2074             13.6364             64.8438
                  40                 110                   0             53.0362             11.3636             64.3999
                  40                 120                   0             54.6165             11.3636             65.9801
                  40                 130                   0              56.978             11.3636             68.3416
                  40                 140                   0             60.5291             11.3636             71.8928
                  40                 150                   0             63.7429             9.65909              73.402
                  40                 160                   0             65.2521             8.52273             73.7749
                  40                 170                   0             67.5426                6.25             73.7926
                  40                 180                   0               68.75                6.25                  75
                  40                 190                   0             70.6676             5.68182             76.3494
                  40                 200                   0             71.2358             5.11364             76.3494
                  40                 210                   0             72.3189             5.11364             77.4325
                  40                 220                   0             73.2067             4.54545             77.7521
                  40                 230                   0             74.0767             3.97727              78.054
                  40                 240                   0             75.1598             3.40909             78.5689
                  40                 250                   0             76.0476             3.40909             79.4567
                  40                 260                   0             76.6868             3.40909             80.0959
                  40                 270                   0             77.2372             3.40909             80.6463
                  40                 280                   0             77.9652             2.84091             80.8061
                  40                 290                   0             78.4801             2.84091              81.321
                  40                 300                   0             79.0661             2.27273             81.3388
                  40                 310                   0              79.581             2.27273             81.8537
                  40                 320                   0             80.0781             2.27273             82.3509
                  40                 330                   0             80.4332             2.27273              82.706
                  40                 340                   0             80.9659             2.27273             83.2386
                  40                 350                   0             81.4098             2.27273             83.6825
                  40                 360                   0             81.8537             2.27273             84.1264
                  40                 370                   0             82.3331             2.27273             84.6058
                  40                 380                   0             82.8303             2.27273              85.103
                  40                 390                   0             83.2919             2.27273             85.5646
                  40                 400                   0             83.6648             2.27273             85.9375
                  40                 410                   0             83.8956             2.27273             86.1683
                  40                 420                   0             84.1619             2.27273             86.4347
                  40                 430                   0             84.6413             2.27273             86.9141
                  40                 440                   0             85.1385             2.27273             87.4112
                  40                 450                   0             85.3516             2.27273             87.6243
                  40                 460                   0             85.8842             2.27273              88.157
                  40                 470                   0             86.2038             2.27273             88.4766
                  40                 480                   0             86.6122             2.27273             88.8849
                  40                 490                   0              86.843             2.27273             89.1158
                  40                 500                   0             87.1094             2.27273             89.3821
                  40                 510                   0             87.2159             2.27273             89.4886
                  40                 520                   0             87.5355             2.27273             89.8082
                  40                 530                   0             87.6776             2.27273             89.9503
                  40                 540                   0             87.7486             2.27273             90.0213
                  40                 550                   0             88.1037             2.27273             90.3764
                  40                 560                   0             88.4943             2.27273              90.767
                  40                 570                   0              89.098             2.27273             91.3707
                  40                 580                   0             89.3466             2.27273             91.6193
                  40                 590                   0             89.6484             2.27273             91.9212
                  40                 600                   0             90.0213             2.27273              92.294
                  40                 610                   0             90.2699             2.27273             92.5426
                  40                 620                   0             90.4297             2.27273             92.7024
                  40                 630                   0             90.5185             2.27273             92.7912
                  40                 640                   0             90.6783             2.27273              92.951
                  40                 650                   0             90.8203             2.27273              93.093
                  40                 660                   0             91.1754             2.27273             93.4482
                  40                 670                   0             91.4773             2.27273               93.75
                  40                 680                   0             91.7791             2.27273             94.0518
                  40                 690                   0             91.9567             2.27273             94.2294
                  40                 700                   0             92.0099             2.27273             94.2827
                  40                 710                   0             92.1165             2.27273             94.3892
                  40                 720                   0             92.5604             2.27273             94.8331
                  40                 730                   0             92.5959             2.27273             94.8686
                  40                 740                   0             93.4304             2.27273             95.7031
                  40                 750                   0             93.5014             2.27273             95.7741
                  40                 760                   0             93.5014             2.27273             95.7741
                  40                 770                   0             93.5192             2.27273             95.7919
                  40                 780                   0             93.7322             2.27273              96.005
                  40                 790                   0             94.6733            0.568182             95.2415
                  40                 800                   0             94.8153            0.568182             95.3835
                  40                 810                   0             94.9041            0.568182             95.4723
                  40                 820                   0              95.206            0.568182             95.7741
                  40                 830                   0             95.3835            0.568182             95.9517
                  40                 840                   0             95.5078            0.568182              96.076
                  40                 850                   0             95.5256            0.568182             96.0938
                  40                 860                   0             95.6676            0.568182             96.2358
                  40                 870                   0             95.8274            0.568182             96.3956
                  40                 880                   0             95.9339            0.568182             96.5021
                  40                 890                   0              96.076            0.568182             96.6442
                  40                 900                   0              96.147            0.568182             96.7152
                  40                 910                   0              96.218            0.568182             96.7862
                  40                 920                   0             96.2713            0.568182             96.8395
                  40                 930                   0             96.2713            0.568182             96.8395
                  40                 940                   0             96.3068            0.568182              96.875
                  40                 950                   0             96.3423            0.568182             96.9105
                  40                 960                   0             96.4844            0.568182             97.0526
                  40                 970                   0             96.6087            0.568182             97.1768
                  40                 980                   0             96.6797            0.568182             97.2479
                  40                 990                   0             96.7152            0.568182             97.2834
                  40                1000                   0             96.7152            0.568182             97.2834
