                   0                   0                   0            0.426136             97.1591             97.5852
                   0                  10                   0            0.568182             96.0227             96.5909
                   0                  20                   0             0.65696             96.0227             96.6797
                   0                  30                   0            0.674716             97.7273              98.402
                   0                  40                   0            0.870028             96.5909             97.4609
                   0                  50                   0            0.941051             94.8864             95.8274
                   0                  60                   0             1.10085             94.8864             95.9872
                   0                  70                   0             1.04759             94.8864             95.9339
                   0                  80                   0             1.20739             94.3182             95.5256
                   0                  90                   0             1.34943               93.75             95.0994
                   0                 100                   0             1.34943               93.75             95.0994
                   0                 110                   0             1.33168               93.75             95.0817
                   0                 120                   0             1.52699             92.6136             94.1406
                   0                 130                   0             1.70455             90.9091             92.6136
                   0                 140                   0             1.81108             90.9091             92.7202
                   0                 150                   0             1.97088             88.6364             90.6072
                   0                 160                   0             2.30824             86.3636             88.6719
                   0                 170                   0             2.37926             86.3636             88.7429
                   0                 180                   0             2.34375             85.2273              87.571
                   0                 190                   0             2.50355             84.6591             87.1626
                   0                 200                   0             2.68111             83.5227             86.2038
                   0                 210                   0              2.8054             82.9545             85.7599
                   0                 220                   0             2.87642             82.9545              85.831
                   0                 230                   0             2.98295             81.8182             84.8011
                   0                 240                   0               3.125             81.8182             84.9432
                   0                 250                   0             3.14276               81.25             84.3928
                   0                 260                   0             3.26705             80.6818             83.9489
                   0                 270                   0             3.37358             78.4091             81.7827
                   0                 280                   0             3.46236             78.4091             81.8714
                   0                 290                   0             3.78196             77.8409             81.6229
                   0                 300                   0             3.97727             75.5682             79.5455
                   0                 310                   0              4.3679                  75             79.3679
                   0                 320                   0             4.65199                  75              79.652
                   0                 330                   0             4.90057                  75             79.9006
                   0                 340                   0             5.20241             74.4318             79.6342
                   0                 350                   0             7.52841             71.0227             78.5511
                   0                 360                   0              7.9723             71.0227              78.995
                   0                 370                   0             8.59375             70.4545             79.0483
                   0                 380                   0             8.98438             69.8864             78.8707
                   0                 390                   0             9.62358             65.3409             74.9645
                   0                 400                   0             9.81889             65.3409             75.1598
                   0                 410                   0             9.87216             64.7727             74.6449
                   0                 420                   0             11.0085             64.7727             75.7812
                   0                 430                   0             12.0028             61.9318             73.9347
                   0                 440                   0             12.3047             61.9318             74.2365
                   0                 450                   0             13.2635             60.7955             74.0589
                   0                 460                   0             14.8438             60.7955             75.6392
                   0                 470                   0              15.625             60.2273             75.8523
                   0                 480                   0             16.6371             59.0909              75.728
                   0                 490                   0             17.6491             57.3864             75.0355
                   0                 500                   0             18.8033               56.25             75.0533
                   0                 510                   0             20.6854             54.5455             75.2308
                   0                 520                   0             21.9638             52.8409             74.8047
                   0                 530                   0             22.3189             52.2727             74.5916
                   0                 540                   0             23.1357             52.2727             75.4084
                   0                 550                   0             24.0589             52.2727             76.3317
                   0                 560                   0             28.1428             48.2955             76.4382
                   0                 570                   0              30.451             47.1591             77.6101
                   0                 580                   0               31.25             46.5909             77.8409
                   0                 590                   0             31.4808             46.5909             78.0717
                   0                 600                   0             33.0256             46.0227             79.0483
                   0                 610                   0             33.7891             46.0227             79.8118
                   0                 620                   0             34.4993             44.8864             79.3857
                   0                 630                   0             34.8544             44.8864             79.7408
                   0                 640                   0             38.5298               43.75             82.2798
                   0                 650                   0              40.483             40.9091              81.392
                   0                 660                   0             41.7259             40.3409             82.0668
                   0                 670                   0             42.1875             39.7727             81.9602
                   0                 680                   0             42.8445             39.7727             82.6172
                   0                 690                   0             43.3061             39.2045             82.5107
                   0                 700                   0              43.892             38.6364             82.5284
                   0                 710                   0             44.1939             38.6364             82.8303
                   0                 720                   0             44.5135             38.0682             82.5817
                   0                 730                   0             46.2713                37.5             83.7713
                   0                 740                   0             46.4134                37.5             83.9134
                   0                 750                   0             47.1591                37.5             84.6591
                   0                 760                   0             48.1001             36.9318              85.032
                   0                 770                   0             49.5561             35.7955             85.3516
                   0                 780                   0             50.1243             33.5227              83.647
                   0                 790                   0             50.5504             33.5227             84.0732
                   0                 800                   0             50.8345             32.9545             83.7891
                   0                 810                   0             51.1364             32.9545             84.0909
                   0                 820                   0             51.6158             32.9545             84.5703
                   0                 830                   0             52.5213             32.3864             84.9077
                   0                 840                   0             52.8054             32.3864             85.1918
                   0                 850                   0              53.125             32.3864             85.5114
                   0                 860                   0             53.5511             32.3864             85.9375
                   0                 870                   0             53.6577             32.3864              86.044
                   0                 880                   0             53.8175             32.3864             86.2038
                   0                 890                   0              53.924             32.3864             86.3104
                   0                 900                   0             54.1726             32.3864             86.5589
                   0                 910                   0             54.2614             32.3864             86.6477
                   0                 920                   0             55.4688               31.25             86.7188
                   0                 930                   0              55.522               31.25              86.772
                   0                 940                   0             55.6996               31.25             86.9496
                   0                 950                   0             56.0547               31.25             87.3047
                   0                 960                   0             56.0902               31.25             87.3402
                   0                 970                   0             56.2322               31.25             87.4822
                   0                 980                   0             56.8359               31.25             88.0859
                   0                 990                   0             57.1555               31.25             88.4055
                   0                1000                   0             58.4872               31.25             89.7372
