                  80                   0                   0              71.946             8.52273             80.4688
                  80                  10                   0             74.9112             4.54545             79.4567
                  80                  20                   0             76.1896             4.54545             80.7351
                  80                  30                   0             77.0419             4.54545             81.5874
                  80                  40                   0             77.8232             3.97727             81.8004
                  80                  50                   0             78.6399             3.97727             82.6172
                  80                  60                   0             79.1548             3.97727             83.1321
                  80                  70                   0             79.8118             2.84091             82.6527
                  80                  80                   0             80.3267             2.27273             82.5994
                  80                  90                   0             80.7173             2.27273             82.9901
                  80                 100                   0             81.1435             2.27273             83.4162
                  80                 110                   0             81.5696             2.27273             83.8423
                  80                 120                   0             81.9425             2.27273             84.2152
                  80                 130                   0             82.1911             2.27273             84.4638
                  80                 140                   0             82.6349             2.27273             84.9077
                  80                 150                   0             82.9368             2.27273             85.2095
                  80                 160                   0             83.4695             2.27273             85.7422
                  80                 170                   0             83.7536             2.27273             86.0263
                  80                 180                   0             84.1264             2.27273             86.3991
                  80                 190                   0             84.3928             2.27273             86.6655
                  80                 200                   0             84.7479             2.27273             87.0206
                  80                 210                   0             85.1385             2.27273             87.4112
                  80                 220                   0             85.5291             2.27273             87.8018
                  80                 230                   0             85.8132             2.27273             88.0859
                  80                 240                   0             86.3281             2.27273             88.6009
                  80                 250                   0             86.5589             2.27273             88.8317
                  80                 260                   0             86.8608             2.27273             89.1335
                  80                 270                   0             87.0384             2.27273             89.3111
                  80                 280                   0             87.2514             2.27273             89.5241
                  80                 290                   0              87.429             2.27273             89.7017
                  80                 300                   0             87.7131             2.27273             89.9858
                  80                 310                   0             88.0682             2.27273             90.3409
                  80                 320                   0              88.228             2.27273             90.5007
                  80                 330                   0             88.4055             2.27273             90.6783
                  80                 340                   0             88.6719             2.27273             90.9446
                  80                 350                   0              89.027             2.27273             91.2997
                  80                 360                   0             89.2756             2.27273             91.5483
                  80                 370                   0             89.4354             2.27273             91.7081
                  80                 380                   0             89.6307             2.27273             91.9034
                  80                 390                   0             89.8793             2.27273              92.152
                  80                 400                   0             90.1278             2.27273             92.4006
                  80                 410                   0             90.3764             2.27273             92.6491
                  80                 420                   0              90.767             2.27273             93.0398
                  80                 430                   0             90.9446             2.27273             93.2173
                  80                 440                   0             91.2287             2.27273             93.5014
                  80                 450                   0             91.4062             2.27273              93.679
                  80                 460                   0             91.5128             2.27273             93.7855
                  80                 470                   0             91.7969             2.27273             94.0696
                  80                 480                   0              92.081             2.27273             94.3537
                  80                 490                   0             92.7734             2.27273             95.0462
                  80                 500                   0             93.2173             2.27273             95.4901
                  80                 510                   0             93.4126             2.27273             95.6854
                  80                 520                   0             93.9631             2.27273             96.2358
                  80                 530                   0             94.0341             2.27273             96.3068
                  80                 540                   0             94.0874             2.27273             96.3601
                  80                 550                   0             94.6023            0.568182             95.1705
                  80                 560                   0               94.62            0.568182             95.1882
                  80                 570                   0             94.7088            0.568182              95.277
                  80                 580                   0             94.7976            0.568182             95.3658
                  80                 590                   0             94.8331            0.568182             95.4013
                  80                 600                   0             95.0994            0.568182             95.6676
                  80                 610                   0             95.1527            0.568182             95.7209
                  80                 620                   0             95.2415            0.568182             95.8097
                  80                 630                   0              95.277            0.568182             95.8452
                  80                 640                   0              95.348            0.568182             95.9162
                  80                 650                   0             95.4013            0.568182             95.9695
                  80                 660                   0             95.4545            0.568182             96.0227
                  80                 670                   0             95.4901            0.568182             96.0582
                  80                 680                   0             95.5433            0.568182             96.1115
                  80                 690                   0             95.7564            0.568182             96.3246
                  80                 700                   0             96.0227            0.568182             96.5909
                  80                 710                   0             96.1115            0.568182             96.6797
                  80                 720                   0             96.2003            0.568182             96.7685
                  80                 730                   0             96.3778            0.568182              96.946
                  80                 740                   0             96.3778            0.568182              96.946
                  80                 750                   0             96.4134            0.568182             96.9815
                  80                 760                   0             96.5021            0.568182             97.0703
                  80                 770                   0             96.6264            0.568182             97.1946
                  80                 780                   0             96.6619            0.568182             97.2301
                  80                 790                   0             96.8572            0.568182             97.4254
                  80                 800                   0              96.875            0.568182             97.4432
                  80                 810                   0             96.9283            0.568182             97.4964
                  80                 820                   0             96.9638            0.568182              97.532
                  80                 830                   0             97.0703            0.568182             97.6385
                  80                 840                   0             97.0881            0.568182             97.6562
                  80                 850                   0             97.1768            0.568182              97.745
                  80                 860                   0             97.2301            0.568182             97.7983
                  80                 870                   0             97.3011            0.568182             97.8693
                  80                 880                   0             97.3366            0.568182             97.9048
                  80                 890                   0             97.4609            0.568182             98.0291
                  80                 900                   0             97.4964            0.568182             98.0646
                  80                 910                   0             97.5142            0.568182             98.0824
                  80                 920                   0             97.6562            0.568182             98.2244
                  80                 930                   0             97.6562            0.568182             98.2244
                  80                 940                   0             97.7628            0.568182              98.331
                  80                 950                   0             97.8693            0.568182             98.4375
                  80                 960                   0             97.8693            0.568182             98.4375
                  80                 970                   0             97.8871            0.568182             98.4553
                  80                 980                   0             97.8871            0.568182             98.4553
                  80                 990                   0             97.9048            0.568182              98.473
                  80                1000                   0             97.9226            0.568182             98.4908
