                  70                   0                   0             64.5064             9.65909             74.1655
                  70                  10                   0             67.2053             7.38636             74.5916
                  70                  20                   0             69.3182             5.68182                  75
                  70                  30                   0             71.4311             5.68182             77.1129
                  70                  40                   0             72.9759             5.11364             78.0895
                  70                  50                   0             74.5028             4.54545             79.0483
                  70                  60                   0             75.4084             4.54545             79.9538
                  70                  70                   0             76.1719             4.54545             80.7173
                  70                  80                   0             77.0064             4.54545             81.5518
                  70                  90                   0             77.8054             3.97727             81.7827
                  70                 100                   0             78.4268             3.40909             81.8359
                  70                 110                   0              78.995             3.40909             82.4041
                  70                 120                   0             79.5455             2.27273             81.8182
                  70                 130                   0             80.2557             2.27273             82.5284
                  70                 140                   0             80.6108             2.27273             82.8835
                  70                 150                   0             80.9837             2.27273             83.2564
                  70                 160                   0             81.3743             2.27273              83.647
                  70                 170                   0             81.7827             2.27273             84.0554
                  70                 180                   0             82.1733             2.27273              84.446
                  70                 190                   0             82.5817             2.27273             84.8544
                  70                 200                   0             83.0256             2.27273             85.2983
                  70                 210                   0             83.3097             2.27273             85.5824
                  70                 220                   0             83.6825             2.27273             85.9553
                  70                 230                   0             84.0376             2.27273             86.3104
                  70                 240                   0             84.4638             2.27273             86.7365
                  70                 250                   0             84.8011             2.27273             87.0739
                  70                 260                   0              85.032             2.27273             87.3047
                  70                 270                   0             85.3338             2.27273             87.6065
                  70                 280                   0             85.5824             2.27273             87.8551
                  70                 290                   0             85.9375             2.27273             88.2102
                  70                 300                   0             86.1861             2.27273             88.4588
                  70                 310                   0             86.6832             2.27273              88.956
                  70                 320                   0              86.843             2.27273             89.1158
                  70                 330                   0             87.1271             2.27273             89.3999
                  70                 340                   0             87.5178             2.27273             89.7905
                  70                 350                   0             87.9261             2.27273             90.1989
                  70                 360                   0             88.0682             2.27273             90.3409
                  70                 370                   0              88.299             2.27273             90.5717
                  70                 380                   0             88.5476             2.27273             90.8203
                  70                 390                   0             88.8849             2.27273             91.1577
                  70                 400                   0             89.1158             2.27273             91.3885
                  70                 410                   0             89.2933             2.27273             91.5661
                  70                 420                   0             89.5064             2.27273             91.7791
                  70                 430                   0             89.6484             2.27273             91.9212
                  70                 440                   0             90.0923             2.27273             92.3651
                  70                 450                   0             90.3409             2.27273             92.6136
                  70                 460                   0             90.6428             2.27273             92.9155
                  70                 470                   0             90.8026             2.27273             93.0753
                  70                 480                   0             90.8381             2.27273             93.1108
                  70                 490                   0             91.2287             2.27273             93.5014
                  70                 500                   0             91.4062             2.27273              93.679
                  70                 510                   0             91.6903             2.27273             93.9631
                  70                 520                   0             91.9212             2.27273             94.1939
                  70                 530                   0             92.3828             2.27273             94.6555
                  70                 540                   0             93.1996             2.27273             95.4723
                  70                 550                   0             93.3594             2.27273             95.6321
                  70                 560                   0             93.5192             2.27273             95.7919
                  70                 570                   0             93.5724             2.27273             95.8452
                  70                 580                   0             93.6435             2.27273             95.9162
                  70                 590                   0              94.549            0.568182             95.1172
                  70                 600                   0             94.6733            0.568182             95.2415
                  70                 610                   0             94.7621            0.568182             95.3303
                  70                 620                   0             94.7976            0.568182             95.3658
                  70                 630                   0             94.8686            0.568182             95.4368
                  70                 640                   0             94.9396            0.568182             95.5078
                  70                 650                   0             94.9574            0.568182             95.5256
                  70                 660                   0             95.0284            0.568182             95.5966
                  70                 670                   0             95.0994            0.568182             95.6676
                  70                 680                   0             95.1705            0.568182             95.7386
                  70                 690                   0             95.2415            0.568182             95.8097
                  70                 700                   0             95.2592            0.568182             95.8274
                  70                 710                   0             95.5788            0.568182              96.147
                  70                 720                   0             95.8452            0.568182             96.4134
                  70                 730                   0             96.0582            0.568182             96.6264
                  70                 740                   0              96.076            0.568182             96.6442
                  70                 750                   0              96.147            0.568182             96.7152
                  70                 760                   0             96.2891            0.568182             96.8572
                  70                 770                   0             96.3423            0.568182             96.9105
                  70                 780                   0             96.4134            0.568182             96.9815
                  70                 790                   0             96.5909            0.568182             97.1591
                  70                 800                   0             96.6442            0.568182             97.2124
                  70                 810                   0             96.6619            0.568182             97.2301
                  70                 820                   0             96.7152            0.568182             97.2834
                  70                 830                   0             96.7152            0.568182             97.2834
                  70                 840                   0              96.733            0.568182             97.3011
                  70                 850                   0             96.8217            0.568182             97.3899
                  70                 860                   0             96.9283            0.568182             97.4964
                  70                 870                   0             96.9993            0.568182             97.5675
                  70                 880                   0              97.017            0.568182             97.5852
                  70                 890                   0             97.0881            0.568182             97.6562
                  70                 900                   0             97.1768            0.568182              97.745
                  70                 910                   0             97.3366            0.568182             97.9048
                  70                 920                   0             97.3366            0.568182             97.9048
                  70                 930                   0             97.3366            0.568182             97.9048
                  70                 940                   0             97.3899            0.568182             97.9581
                  70                 950                   0             97.5142            0.568182             98.0824
                  70                 960                   0              97.532            0.568182             98.1001
                  70                 970                   0              97.603            0.568182             98.1712
                  70                 980                   0             97.6385            0.568182             98.2067
                  70                 990                   0             97.7983            0.568182             98.3665
                  70                1000                   0             97.7983            0.568182             98.3665
