                  35                   0                   0             33.4695             26.7045              60.174
                  35                  10                   0             34.1264             26.7045              60.831
                  35                  20                   0             35.1562             26.7045             61.8608
                  35                  30                   0             36.0085             25.5682             61.5767
                  35                  40                   0             37.0739             23.2955             60.3693
                  35                  50                   0             38.1392             23.2955             61.4347
                  35                  60                   0             39.4176             21.5909             61.0085
                  35                  70                   0             40.7138             21.0227             61.7365
                  35                  80                   0             42.0632             19.8864             61.9496
                  35                  90                   0             43.2351             19.8864             63.1214
                  35                 100                   0             44.6378             18.1818             62.8196
                  35                 110                   0             46.0227             16.4773                62.5
                  35                 120                   0              47.532             14.7727             62.3047
                  35                 130                   0             49.6271             14.2045             63.8317
                  35                 140                   0             51.3139                12.5             63.8139
                  35                 150                   0             52.8409             11.3636             64.2045
                  35                 160                   0             54.6165             11.3636             65.9801
                  35                 170                   0             58.7003             11.3636             70.0639
                  35                 180                   0             62.4645             10.7955             73.2599
                  35                 190                   0             63.9737             10.2273              74.201
                  35                 200                   0             66.0334             6.81818             72.8516
                  35                 210                   0              67.951             5.68182             73.6328
                  35                 220                   0             69.1229             5.68182             74.8047
                  35                 230                   0             70.2415             5.68182             75.9233
                  35                 240                   0             71.6442             5.11364             76.7578
                  35                 250                   0             72.4254             4.54545             76.9709
                  35                 260                   0             73.6683             4.54545             78.2138
                  35                 270                   0             74.5028             3.97727             78.4801
                  35                 280                   0             75.3374             3.40909             78.7464
                  35                 290                   0             75.9233             3.40909             79.3324
                  35                 300                   0             76.8466             3.40909             80.2557
                  35                 310                   0             77.3615             2.84091             80.2024
                  35                 320                   0             77.9119             2.84091             80.7528
                  35                 330                   0             78.2848             2.84091             81.1257
                  35                 340                   0              78.924             2.27273             81.1967
                  35                 350                   0             79.4034             2.27273             81.6761
                  35                 360                   0             79.8295             2.27273             82.1023
                  35                 370                   0             80.4865             2.27273             82.7592
                  35                 380                   0             80.8771             2.27273             83.1499
                  35                 390                   0             81.4098             2.27273             83.6825
                  35                 400                   0             81.8714             2.27273             84.1442
                  35                 410                   0               82.12             2.27273             84.3928
                  35                 420                   0             82.4929             2.27273             84.7656
                  35                 430                   0             82.8658             2.27273             85.1385
                  35                 440                   0             83.3629             2.27273             85.6357
                  35                 450                   0             83.7003             2.27273              85.973
                  35                 460                   0             84.2152             2.27273             86.4879
                  35                 470                   0             84.3395             2.27273             86.6122
                  35                 480                   0             84.5348             2.27273             86.8075
                  35                 490                   0              85.245             2.27273             87.5178
                  35                 500                   0             85.3693             2.27273              87.642
                  35                 510                   0             85.8842             2.27273              88.157
                  35                 520                   0             86.2038             2.27273             88.4766
                  35                 530                   0             86.2926             2.27273             88.5653
                  35                 540                   0             86.5412             2.27273             88.8139
                  35                 550                   0             86.6655             2.27273             88.9382
                  35                 560                   0             87.1626             2.27273             89.4354
                  35                 570                   0             87.5355             2.27273             89.8082
                  35                 580                   0             87.7841             2.27273             90.0568
                  35                 590                   0             88.0149             2.27273             90.2876
                  35                 600                   0             88.3878             2.27273             90.6605
                  35                 610                   0             88.6186             2.27273             90.8913
                  35                 620                   0             88.9027             2.27273             91.1754
                  35                 630                   0              89.098             2.27273             91.3707
                  35                 640                   0             89.4709             2.27273             91.7436
                  35                 650                   0             89.5774             2.27273             91.8501
                  35                 660                   0             89.9148             2.27273             92.1875
                  35                 670                   0             90.0213             2.27273              92.294
                  35                 680                   0             90.3587             2.27273             92.6314
                  35                 690                   0              90.483             2.27273             92.7557
                  35                 700                   0             90.5895             2.27273             92.8622
                  35                 710                   0              90.767             2.27273             93.0398
                  35                 720                   0             91.4773             2.27273               93.75
                  35                 730                   0             91.5483             2.27273              93.821
                  35                 740                   0             91.6371             2.27273             93.9098
                  35                 750                   0             91.9212             2.27273             94.1939
                  35                 760                   0             92.9865             2.27273             95.2592
                  35                 770                   0             93.0398             2.27273             95.3125
                  35                 780                   0             93.1286             2.27273             95.4013
                  35                 790                   0             93.1641             2.27273             95.4368
                  35                 800                   0             93.2706             2.27273             95.5433
                  35                 810                   0             93.3416             2.27273             95.6143
                  35                 820                   0             93.5369             2.27273             95.8097
                  35                 830                   0             94.4247            0.568182             94.9929
                  35                 840                   0             94.7266            0.568182             95.2947
                  35                 850                   0             94.9574            0.568182             95.5256
                  35                 860                   0             94.9751            0.568182             95.5433
                  35                 870                   0             95.0462            0.568182             95.6143
                  35                 880                   0             95.1172            0.568182             95.6854
                  35                 890                   0              95.419            0.568182             95.9872
                  35                 900                   0             95.4545            0.568182             96.0227
                  35                 910                   0             95.6143            0.568182             96.1825
                  35                 920                   0             95.6499            0.568182              96.218
                  35                 930                   0             95.6676            0.568182             96.2358
                  35                 940                   0             95.7386            0.568182             96.3068
                  35                 950                   0             95.7386            0.568182             96.3068
                  35                 960                   0             95.8452            0.568182             96.4134
                  35                 970                   0             95.8629            0.568182             96.4311
                  35                 980                   0             95.8807            0.568182             96.4489
                  35                 990                   0             96.1115            0.568182             96.6797
                  35                1000                   0             96.1825            0.568182             96.7507
