                  10                   0                   0             9.57031             63.6364             73.2067
                  10                  10                   0             9.64134             63.6364             73.2777
                  10                  20                   0             9.83665             63.0682             72.9048
                  10                  30                   0             10.0497             63.0682             73.1179
                  10                  40                   0             10.4403             61.9318             72.3722
                  10                  50                   0             10.5469             60.2273             70.7741
                  10                  60                   0             10.8842             58.5227              69.407
                  10                  70                   0             11.2038             57.3864             68.5902
                  10                  80                   0             11.4879             57.3864             68.8743
                  10                  90                   0             11.8608               56.25             68.1108
                  10                 100                   0             12.2337             55.6818             67.9155
                  10                 110                   0             12.6953             54.5455             67.2408
                  10                 120                   0             13.1214             52.8409             65.9624
                  10                 130                   0             13.2457             52.8409             66.0866
                  10                 140                   0             13.6541             55.6818             69.3359
                  10                 150                   0             14.0625             54.5455              68.608
                  10                 160                   0             14.5064             53.9773             68.4837
                  10                 170                   0             15.1811             48.8636             64.0447
                  10                 180                   0              15.483             48.2955             63.7784
                  10                 190                   0             15.8913             47.1591             63.0504
                  10                 200                   0             16.2287             47.1591             63.3878
                  10                 210                   0             16.7614             46.0227             62.7841
                  10                 220                   0             17.2053             44.3182             61.5234
                  10                 230                   0              17.951             44.3182             62.2692
                  10                 240                   0             19.1051             42.0455             61.1506
                  10                 250                   0             19.9041             41.4773             61.3814
                  10                 260                   0             21.3956             39.7727             61.1683
                  10                 270                   0             22.1236             39.2045             61.3281
                  10                 280                   0              22.745                37.5              60.245
                  10                 290                   0             23.8636             35.7955             59.6591
                  10                 300                   0             24.7514             34.0909             58.8423
                  10                 310                   0             26.2784             34.0909             60.3693
                  10                 320                   0             27.5923             32.9545             60.5469
                  10                 330                   0             29.1016             32.9545             62.0561
                  10                 340                   0             31.2322             31.8182             63.0504
                  10                 350                   0             35.1207             23.2955             58.4162
                  10                 360                   0             37.2337             21.5909             58.8246
                  10                 370                   0             38.7429             20.4545             59.1974
                  10                 380                   0              41.282             19.8864             61.1683
                  10                 390                   0             44.7266             17.0455              61.772
                  10                 400                   0             48.5085             15.9091             64.4176
                  10                 410                   0               50.87             14.7727             65.6428
                  10                 420                   0             52.4503             14.2045             66.6548
                  10                 430                   0             53.5689             13.0682             66.6371
                  10                 440                   0             57.0312             11.9318             68.9631
                  10                 450                   0             57.7237             11.3636             69.0874
                  10                 460                   0             58.6648             10.7955             69.4602
                  10                 470                   0             60.5114             10.7955             71.3068
                  10                 480                   0             61.4347             10.7955             72.2301
                  10                 490                   0             62.5533             10.7955             73.3487
                  10                 500                   0              63.157             9.09091             72.2479
                  10                 510                   0             65.3942             9.09091             74.4851
                  10                 520                   0             66.2109             9.09091             75.3018
                  10                 530                   0             66.8857             8.52273             75.4084
                  10                 540                   0             68.1108             7.95455             76.0653
                  10                 550                   0             69.2294             7.38636             76.6158
                  10                 560                   0             70.0462             7.38636             77.4325
                  10                 570                   0              71.804             7.38636             79.1903
                  10                 580                   0             72.3899                6.25             78.6399
                  10                 590                   0             73.0291                6.25             79.2791
                  10                 600                   0             74.0767             5.68182             79.7585
                  10                 610                   0             74.9467             5.68182             80.6286
                  10                 620                   0             75.8523             5.68182             81.5341
                  10                 630                   0             76.1719             5.68182             81.8537
                  10                 640                   0             76.6158             5.68182             82.2976
                  10                 650                   0              77.255             5.11364             82.3686
                  10                 660                   0             77.4503             5.11364             82.5639
                  10                 670                   0             77.9119             5.11364             83.0256
                  10                 680                   0             78.1783             5.11364             83.2919
                  10                 690                   0              78.782             4.54545             83.3274
                  10                 700                   0             79.0305             4.54545              83.576
                  10                 710                   0             79.4034             4.54545             83.9489
                  10                 720                   0             79.7408             4.54545             84.2862
                  10                 730                   0             79.9716             4.54545              84.517
                  10                 740                   0             80.3445             4.54545             84.8899
                  10                 750                   0              80.522             4.54545             85.0675
                  10                 760                   0             80.8594             4.54545             85.4048
                  10                 770                   0              81.321             3.97727             85.2983
                  10                 780                   0             81.8359             3.97727             85.8132
                  10                 790                   0              82.049             3.97727             86.0263
                  10                 800                   0             82.6705             3.97727             86.6477
                  10                 810                   0             82.8303             3.97727             86.8075
                  10                 820                   0             82.9901             3.97727             86.9673
                  10                 830                   0              83.576             3.97727             87.5533
                  10                 840                   0             84.1087             3.97727             88.0859
                  10                 850                   0             84.4283             3.97727             88.4055
                  10                 860                   0             84.5348             3.97727             88.5121
                  10                 870                   0             84.6946             3.97727             88.6719
                  10                 880                   0             84.9254             3.97727             88.9027
                  10                 890                   0             85.4759             3.97727             89.4531
                  10                 900                   0             85.8842             3.97727             89.8615
                  10                 910                   0              85.973             3.97727             89.9503
                  10                 920                   0             86.2571             3.97727             90.2344
                  10                 930                   0             86.4879             3.97727             90.4652
                  10                 940                   0              86.772             3.97727             90.7493
                  10                 950                   0             87.2869             3.40909              90.696
                  10                 960                   0             87.3224             3.40909             90.7315
                  10                 970                   0             87.5178             3.40909             90.9268
                  10                 980                   0             87.7663             3.40909             91.1754
                  10                 990                   0             87.8729             3.40909              91.282
                  10                1000                   0             88.0327             3.40909             91.4418
