                  65                   0                   0             59.9964             10.2273             70.2237
                  65                  10                   0             62.8551             9.09091              71.946
                  65                  20                   0             64.7017             8.52273             73.2244
                  65                  30                   0             66.4595             8.52273             74.9822
                  65                  40                   0             68.5192             7.95455             76.4737
                  65                  50                   0             70.7386             7.38636              78.125
                  65                  60                   0             72.8338             5.11364             77.9474
                  65                  70                   0             74.0057             5.11364             79.1193
                  65                  80                   0             74.9822             4.54545             79.5277
                  65                  90                   0              75.728             4.54545             80.2734
                  65                 100                   0             76.4915             4.54545             81.0369
                  65                 110                   0             77.2727             4.54545             81.8182
                  65                 120                   0             78.0007             3.40909             81.4098
                  65                 130                   0             78.4801             3.40909             81.8892
                  65                 140                   0             79.0483             2.84091             81.8892
                  65                 150                   0             79.7585             2.84091             82.5994
                  65                 160                   0             80.3445             2.27273             82.6172
                  65                 170                   0             80.7884             2.27273             83.0611
                  65                 180                   0             81.1967             2.27273             83.4695
                  65                 190                   0             81.7472             2.27273             84.0199
                  65                 200                   0             82.0312             2.27273              84.304
                  65                 210                   0             82.3509             2.27273             84.6236
                  65                 220                   0             82.8125             2.27273             85.0852
                  65                 230                   0             83.1676             2.27273             85.4403
                  65                 240                   0             83.5227             2.27273             85.7955
                  65                 250                   0             83.8956             2.27273             86.1683
                  65                 260                   0              84.304             2.27273             86.5767
                  65                 270                   0             84.6768             2.27273             86.9496
                  65                 280                   0             84.8722             2.27273             87.1449
                  65                 290                   0             84.9964             2.27273             87.2692
                  65                 300                   0             85.3161             2.27273             87.5888
                  65                 310                   0             85.8132             2.27273             88.0859
                  65                 320                   0              85.973             2.27273             88.2457
                  65                 330                   0             86.2216             2.27273             88.4943
                  65                 340                   0             86.4879             2.27273             88.7607
                  65                 350                   0             86.7188             2.27273             88.9915
                  65                 360                   0             87.0561             2.27273             89.3288
                  65                 370                   0             87.5178             2.27273             89.7905
                  65                 380                   0             87.8018             2.27273             90.0746
                  65                 390                   0              88.228             2.27273             90.5007
                  65                 400                   0             88.4233             2.27273              90.696
                  65                 410                   0             88.6719             2.27273             90.9446
                  65                 420                   0             88.9915             2.27273             91.2642
                  65                 430                   0             89.1335             2.27273             91.4062
                  65                 440                   0             89.3821             2.27273             91.6548
                  65                 450                   0             89.5064             2.27273             91.7791
                  65                 460                   0              89.897             2.27273             92.1697
                  65                 470                   0             90.1989             2.27273             92.4716
                  65                 480                   0             90.4474             2.27273             92.7202
                  65                 490                   0             90.6605             2.27273             92.9332
                  65                 500                   0              90.696             2.27273             92.9688
                  65                 510                   0             90.9268             2.27273             93.1996
                  65                 520                   0             91.1222             2.27273             93.3949
                  65                 530                   0              91.424             2.27273             93.6967
                  65                 540                   0             91.9389             2.27273             94.2116
                  65                 550                   0             92.0455             2.27273             94.3182
                  65                 560                   0             92.4183             2.27273             94.6911
                  65                 570                   0             93.1818             2.27273             95.4545
                  65                 580                   0             93.4659             2.27273             95.7386
                  65                 590                   0             93.6257             2.27273             95.8984
                  65                 600                   0             93.7145             2.27273             95.9872
                  65                 610                   0              93.821             2.27273             96.0938
                  65                 620                   0             94.6733            0.568182             95.2415
                  65                 630                   0             94.7621            0.568182             95.3303
                  65                 640                   0             94.8331            0.568182             95.4013
                  65                 650                   0             94.8686            0.568182             95.4368
                  65                 660                   0             94.9041            0.568182             95.4723
                  65                 670                   0             94.9929            0.568182             95.5611
                  65                 680                   0             95.0107            0.568182             95.5788
                  65                 690                   0             95.0462            0.568182             95.6143
                  65                 700                   0             95.1349            0.568182             95.7031
                  65                 710                   0             95.1705            0.568182             95.7386
                  65                 720                   0             95.2592            0.568182             95.8274
                  65                 730                   0             95.3303            0.568182             95.8984
                  65                 740                   0             95.6854            0.568182             96.2536
                  65                 750                   0             95.8629            0.568182             96.4311
                  65                 760                   0             95.9339            0.568182             96.5021
                  65                 770                   0             96.1293            0.568182             96.6974
                  65                 780                   0             96.2713            0.568182             96.8395
                  65                 790                   0             96.3246            0.568182             96.8928
                  65                 800                   0             96.4844            0.568182             97.0526
                  65                 810                   0             96.5554            0.568182             97.1236
                  65                 820                   0             96.6087            0.568182             97.1768
                  65                 830                   0             96.6442            0.568182             97.2124
                  65                 840                   0             96.6797            0.568182             97.2479
                  65                 850                   0             96.6797            0.568182             97.2479
                  65                 860                   0             96.6974            0.568182             97.2656
                  65                 870                   0             96.7862            0.568182             97.3544
                  65                 880                   0             96.9105            0.568182             97.4787
                  65                 890                   0             96.9815            0.568182             97.5497
                  65                 900                   0             97.0348            0.568182              97.603
                  65                 910                   0             97.0703            0.568182             97.6385
                  65                 920                   0             97.0703            0.568182             97.6385
                  65                 930                   0             97.2656            0.568182             97.8338
                  65                 940                   0             97.2656            0.568182             97.8338
                  65                 950                   0             97.3011            0.568182             97.8693
                  65                 960                   0             97.3544            0.568182             97.9226
                  65                 970                   0             97.4609            0.568182             98.0291
                  65                 980                   0              97.532            0.568182             98.1001
                  65                 990                   0              97.603            0.568182             98.1712
                  65                1000                   0              97.603            0.568182             98.1712
