                  75                   0                   0             68.2173             9.09091             77.3082
                  75                  10                   0             71.6087             5.11364             76.7223
                  75                  20                   0             73.4375             4.54545              77.983
                  75                  30                   0             74.7159             4.54545             79.2614
                  75                  40                   0              75.799             4.54545             80.3445
                  75                  50                   0             76.7578             4.54545             81.3033
                  75                  60                   0             77.5036             4.54545              82.049
                  75                  70                   0             78.3026             3.97727             82.2798
                  75                  80                   0             78.8707             3.97727              82.848
                  75                  90                   0             79.3857             2.84091             82.2266
                  75                 100                   0             80.0604             2.27273             82.3331
                  75                 110                   0             80.5043             2.27273              82.777
                  75                 120                   0             80.8771             2.27273             83.1499
                  75                 130                   0              81.321             2.27273             83.5938
                  75                 140                   0             81.6406             2.27273             83.9134
                  75                 150                   0             82.0668             2.27273             84.3395
                  75                 160                   0             82.5462             2.27273             84.8189
                  75                 170                   0             82.7947             2.27273             85.0675
                  75                 180                   0             83.1854             2.27273             85.4581
                  75                 190                   0             83.4517             2.27273             85.7244
                  75                 200                   0             83.8246             2.27273             86.0973
                  75                 210                   0              84.375             2.27273             86.6477
                  75                 220                   0             84.7479             2.27273             87.0206
                  75                 230                   0             85.0497             2.27273             87.3224
                  75                 240                   0             85.4226             2.27273             87.6953
                  75                 250                   0             85.6712             2.27273             87.9439
                  75                 260                   0             85.8132             2.27273             88.0859
                  75                 270                   0             86.4524             2.27273             88.7251
                  75                 280                   0             86.5589             2.27273             88.8317
                  75                 290                   0             86.7543             2.27273              89.027
                  75                 300                   0             86.9673             2.27273             89.2401
                  75                 310                   0             87.1804             2.27273             89.4531
                  75                 320                   0             87.7841             2.27273             90.0568
                  75                 330                   0             87.9084             2.27273             90.1811
                  75                 340                   0              88.157             2.27273             90.4297
                  75                 350                   0             88.3878             2.27273             90.6605
                  75                 360                   0             88.6009             2.27273             90.8736
                  75                 370                   0             89.0447             2.27273             91.3175
                  75                 380                   0             89.2223             2.27273              91.495
                  75                 390                   0             89.4354             2.27273             91.7081
                  75                 400                   0             89.6662             2.27273             91.9389
                  75                 410                   0             89.7195             2.27273             91.9922
                  75                 420                   0             89.9503             2.27273              92.223
                  75                 430                   0             90.3409             2.27273             92.6136
                  75                 440                   0              90.767             2.27273             93.0398
                  75                 450                   0             90.9268             2.27273             93.1996
                  75                 460                   0             90.9624             2.27273             93.2351
                  75                 470                   0             91.2287             2.27273             93.5014
                  75                 480                   0             91.4773             2.27273               93.75
                  75                 490                   0             91.6903             2.27273             93.9631
                  75                 500                   0              92.081             2.27273             94.3537
                  75                 510                   0             92.8622             2.27273             95.1349
                  75                 520                   0             93.2528             2.27273             95.5256
                  75                 530                   0             93.3416             2.27273             95.6143
                  75                 540                   0             93.4482             2.27273             95.7209
                  75                 550                   0             94.0341             2.27273             96.3068
                  75                 560                   0             94.1229             2.27273             96.3956
                  75                 570                   0             94.5845            0.568182             95.1527
                  75                 580                   0             94.6733            0.568182             95.2415
                  75                 590                   0             94.7443            0.568182             95.3125
                  75                 600                   0             94.8331            0.568182             95.4013
                  75                 610                   0             94.8509            0.568182              95.419
                  75                 620                   0             94.9396            0.568182             95.5078
                  75                 630                   0             94.9929            0.568182             95.5611
                  75                 640                   0             95.0107            0.568182             95.5788
                  75                 650                   0             95.0817            0.568182             95.6499
                  75                 660                   0             95.3835            0.568182             95.9517
                  75                 670                   0             95.4368            0.568182              96.005
                  75                 680                   0             95.4723            0.568182             96.0405
                  75                 690                   0             95.5433            0.568182             96.1115
                  75                 700                   0             95.7386            0.568182             96.3068
                  75                 710                   0             95.8807            0.568182             96.4489
                  75                 720                   0              96.076            0.568182             96.6442
                  75                 730                   0             96.0938            0.568182             96.6619
                  75                 740                   0             96.3246            0.568182             96.8928
                  75                 750                   0             96.3423            0.568182             96.9105
                  75                 760                   0             96.3956            0.568182             96.9638
                  75                 770                   0             96.5021            0.568182             97.0703
                  75                 780                   0             96.6087            0.568182             97.1768
                  75                 790                   0             96.6619            0.568182             97.2301
                  75                 800                   0             96.6797            0.568182             97.2479
                  75                 810                   0             96.7152            0.568182             97.2834
                  75                 820                   0             96.7507            0.568182             97.3189
                  75                 830                   0              96.804            0.568182             97.3722
                  75                 840                   0             96.8928            0.568182             97.4609
                  75                 850                   0             97.0526            0.568182             97.6207
                  75                 860                   0             97.0881            0.568182             97.6562
                  75                 870                   0             97.1946            0.568182             97.7628
                  75                 880                   0             97.2834            0.568182             97.8516
                  75                 890                   0             97.3189            0.568182             97.8871
                  75                 900                   0             97.3366            0.568182             97.9048
                  75                 910                   0             97.3722            0.568182             97.9403
                  75                 920                   0             97.4432            0.568182             98.0114
                  75                 930                   0             97.4964            0.568182             98.0646
                  75                 940                   0              97.603            0.568182             98.1712
                  75                 950                   0             97.6918            0.568182             98.2599
                  75                 960                   0             97.7273            0.568182             98.2955
                  75                 970                   0             97.7983            0.568182             98.3665
                  75                 980                   0             97.7983            0.568182             98.3665
                  75                 990                   0             97.7983            0.568182             98.3665
                  75                1000                   0             97.8161            0.568182             98.3842
