                  20                   0                   0             19.2649               43.75             63.0149
                  20                  10                   0             19.3004               43.75             63.0504
                  20                  20                   0             19.7621             42.6136             62.3757
                  20                  30                   0              20.348             42.0455             62.3935
                  20                  40                   0             20.7919             40.9091              61.701
                  20                  50                   0             21.6974             40.3409             62.0384
                  20                  60                   0             22.2656             38.6364              60.902
                  20                  70                   0             22.7805             38.6364             61.4169
                  20                  80                   0             23.2244             38.0682             61.2926
                  20                  90                   0             24.0589                37.5             61.5589
                  20                 100                   0             24.8757             36.9318             61.8075
                  20                 110                   0             25.5682             36.3636             61.9318
                  20                 120                   0             26.0121             36.9318             62.9439
                  20                 130                   0             26.8288             35.2273             62.0561
                  20                 140                   0             28.3026             33.5227             61.8253
                  20                 150                   0             29.2081             32.3864             61.5945
                  20                 160                   0             30.1314             30.6818             60.8132
                  20                 170                   0             31.0014             28.9773             59.9787
                  20                 180                   0             32.2621             28.4091             60.6712
                  20                 190                   0             33.4695             28.4091             61.8786
                  20                 200                   0             34.5881             27.2727             61.8608
                  20                 210                   0              36.044             25.5682             61.6122
                  20                 220                   0             37.6065             24.4318             62.0384
                  20                 230                   0             39.4354             22.1591             61.5945
                  20                 240                   0             42.8622             19.3182             62.1804
                  20                 250                   0             45.7031             18.1818             63.8849
                  20                 260                   0              46.875             18.1818             65.0568
                  20                 270                   0             48.9702             18.1818              67.152
                  20                 280                   0              52.397             16.4773             68.8743
                  20                 290                   0             55.0959             11.3636             66.4595
                  20                 300                   0             57.2976             9.65909             66.9567
                  20                 310                   0             58.7713             9.65909             68.4304
                  20                 320                   0             61.7365             9.09091             70.8274
                  20                 330                   0              63.299             7.38636             70.6854
                  20                 340                   0             64.6129             7.38636             71.9993
                  20                 350                   0             65.5895             7.38636             72.9759
                  20                 360                   0             66.5305                6.25             72.7805
                  20                 370                   0             68.4659             5.11364             73.5795
                  20                 380                   0             71.5909             5.11364             76.7045
                  20                 390                   0             72.3722             5.11364             77.4858
                  20                 400                   0              72.745             5.11364             77.8587
                  20                 410                   0             73.2599             4.54545             77.8054
                  20                 420                   0             74.1477             3.97727              78.125
                  20                 430                   0             74.9467             3.97727              78.924
                  20                 440                   0              75.799             3.97727             79.7763
                  20                 450                   0             76.5447             3.40909             79.9538
                  20                 460                   0             76.8643             3.40909             80.2734
                  20                 470                   0             77.3438             2.84091             80.1847
                  20                 480                   0              78.054             2.84091             80.8949
                  20                 490                   0             78.8707             2.84091             81.7116
                  20                 500                   0             79.3324             2.84091             82.1733
                  20                 510                   0             79.8651             2.84091              82.706
                  20                 520                   0             80.3089             2.84091             83.1499
                  20                 530                   0             80.8771             2.84091              83.718
                  20                 540                   0              81.179             2.84091             84.0199
                  20                 550                   0             81.9957             2.84091             84.8366
                  20                 560                   0             82.6349             2.84091             85.4759
                  20                 570                   0             82.8835             2.84091             85.7244
                  20                 580                   0             83.2564             2.84091             86.0973
                  20                 590                   0             83.4517             2.84091             86.2926
                  20                 600                   0             83.6115             2.84091             86.4524
                  20                 610                   0             83.6825             2.84091             86.5234
                  20                 620                   0             84.0732             2.84091             86.9141
                  20                 630                   0             84.7479             2.84091             87.5888
                  20                 640                   0             84.9432             2.84091             87.7841
                  20                 650                   0              85.103             2.84091             87.9439
                  20                 660                   0              85.245             2.84091             88.0859
                  20                 670                   0             85.5114             2.84091             88.3523
                  20                 680                   0             86.0085             2.84091             88.8494
                  20                 690                   0             86.1328             2.84091             88.9737
                  20                 700                   0             86.5057             2.84091             89.3466
                  20                 710                   0             86.8253             2.84091             89.6662
                  20                 720                   0             87.1804             2.84091             90.0213
                  20                 730                   0              87.358             2.84091             90.1989
                  20                 740                   0             87.7486             2.84091             90.5895
                  20                 750                   0             87.8196             2.84091             90.6605
                  20                 760                   0             87.9794             2.84091             90.8203
                  20                 770                   0             88.6009             2.84091             91.4418
                  20                 780                   0             88.6896             2.84091             91.5305
                  20                 790                   0             88.7607             2.84091             91.6016
                  20                 800                   0             88.8139             2.84091             91.6548
                  20                 810                   0             89.2401             2.84091              92.081
                  20                 820                   0             89.6839             2.84091             92.5249
                  20                 830                   0             89.7727             2.84091             92.6136
                  20                 840                   0             89.8615             2.84091             92.7024
                  20                 850                   0             90.3054             2.84091             93.1463
                  20                 860                   0             90.6072             2.84091             93.4482
                  20                 870                   0             91.4418             2.84091             94.2827
                  20                 880                   0             91.6371             2.84091              94.478
                  20                 890                   0             91.8857             2.84091             94.7266
                  20                 900                   0             92.1697             2.84091             95.0107
                  20                 910                   0             92.3295             2.84091             95.1705
                  20                 920                   0             92.5071             2.84091              95.348
                  20                 930                   0             93.4482             1.13636             94.5845
                  20                 940                   0             93.5902             1.13636             94.7266
                  20                 950                   0               93.75             1.13636             94.8864
                  20                 960                   0             93.8388             1.13636             94.9751
                  20                 970                   0             93.8388             1.13636             94.9751
                  20                 980                   0             94.0341             1.13636             95.1705
                  20                 990                   0             94.0874             1.13636             95.2237
                  20                1000                   0             94.1229             1.13636             95.2592
