                  85                   0                   0             74.8935             8.52273             83.4162
                  85                  10                   0             77.2195             4.54545             81.7649
                  85                  20                   0              78.054             3.97727             82.0312
                  85                  30                   0             78.7997             3.97727              82.777
                  85                  40                   0             79.4212             3.97727             83.3984
                  85                  50                   0             80.1314             2.27273             82.4041
                  85                  60                   0             80.5398             2.27273             82.8125
                  85                  70                   0             81.0547             2.27273             83.3274
                  85                  80                   0             81.3388             2.27273             83.6115
                  85                  90                   0             81.6584             2.27273             83.9311
                  85                 100                   0             82.0135             2.27273             84.2862
                  85                 110                   0             82.3686             2.27273             84.6413
                  85                 120                   0             82.8125             2.27273             85.0852
                  85                 130                   0             83.0433             2.27273             85.3161
                  85                 140                   0             83.5405             2.27273             85.8132
                  85                 150                   0             83.9134             2.27273             86.1861
                  85                 160                   0             84.3572             2.27273               86.63
                  85                 170                   0             84.6946             2.27273             86.9673
                  85                 180                   0             84.9609             2.27273             87.2337
                  85                 190                   0             85.3161             2.27273             87.5888
                  85                 200                   0             85.7422             2.27273             88.0149
                  85                 210                   0             86.0795             2.27273             88.3523
                  85                 220                   0             86.3814             2.27273             88.6541
                  85                 230                   0             86.5589             2.27273             88.8317
                  85                 240                   0             86.7898             2.27273             89.0625
                  85                 250                   0             87.0739             2.27273             89.3466
                  85                 260                   0             87.3757             2.27273             89.6484
                  85                 270                   0              87.571             2.27273             89.8438
                  85                 280                   0             87.8018             2.27273             90.0746
                  85                 290                   0             88.0504             2.27273             90.3232
                  85                 300                   0             88.2102             2.27273              90.483
                  85                 310                   0             88.4233             2.27273              90.696
                  85                 320                   0             88.8317             2.27273             91.1044
                  85                 330                   0             89.1513             2.27273              91.424
                  85                 340                   0             89.3643             2.27273             91.6371
                  85                 350                   0             89.5774             2.27273             91.8501
                  85                 360                   0              89.826             2.27273             92.0987
                  85                 370                   0              89.968             2.27273             92.2408
                  85                 380                   0             90.3054             2.27273             92.5781
                  85                 390                   0             90.5362             2.27273             92.8089
                  85                 400                   0             90.8381             2.27273             93.1108
                  85                 410                   0             91.0334             2.27273             93.3061
                  85                 420                   0             91.1932             2.27273             93.4659
                  85                 430                   0              91.424             2.27273             93.6967
                  85                 440                   0              91.495             2.27273             93.7678
                  85                 450                   0             91.6903             2.27273             93.9631
                  85                 460                   0             92.0455             2.27273             94.3182
                  85                 470                   0             92.7379             2.27273             95.0107
                  85                 480                   0             93.4837             2.27273             95.7564
                  85                 490                   0             93.7145             2.27273             95.9872
                  85                 500                   0             93.9276             2.27273             96.2003
                  85                 510                   0             93.9453             2.27273              96.218
                  85                 520                   0             94.0518             2.27273             96.3246
                  85                 530                   0             94.5135            0.568182             95.0817
                  85                 540                   0             94.7976            0.568182             95.3658
                  85                 550                   0             94.8509            0.568182              95.419
                  85                 560                   0             94.9574            0.568182             95.5256
                  85                 570                   0             95.0462            0.568182             95.6143
                  85                 580                   0             95.0639            0.568182             95.6321
                  85                 590                   0             95.1172            0.568182             95.6854
                  85                 600                   0              95.206            0.568182             95.7741
                  85                 610                   0             95.2415            0.568182             95.8097
                  85                 620                   0              95.277            0.568182             95.8452
                  85                 630                   0              95.419            0.568182             95.9872
                  85                 640                   0             95.4368            0.568182              96.005
                  85                 650                   0             95.4545            0.568182             96.0227
                  85                 660                   0             95.5256            0.568182             96.0938
                  85                 670                   0             95.7564            0.568182             96.3246
                  85                 680                   0             95.8984            0.568182             96.4666
                  85                 690                   0             96.0405            0.568182             96.6087
                  85                 700                   0             96.0938            0.568182             96.6619
                  85                 710                   0             96.3068            0.568182              96.875
                  85                 720                   0             96.5376            0.568182             97.1058
                  85                 730                   0             96.5376            0.568182             97.1058
                  85                 740                   0             96.5554            0.568182             97.1236
                  85                 750                   0             96.6442            0.568182             97.2124
                  85                 760                   0              96.804            0.568182             97.3722
                  85                 770                   0             96.8395            0.568182             97.4077
                  85                 780                   0              96.875            0.568182             97.4432
                  85                 790                   0             96.8928            0.568182             97.4609
                  85                 800                   0             96.9815            0.568182             97.5497
                  85                 810                   0             97.0526            0.568182             97.6207
                  85                 820                   0             97.1413            0.568182             97.7095
                  85                 830                   0             97.1768            0.568182              97.745
                  85                 840                   0             97.1946            0.568182             97.7628
                  85                 850                   0             97.2834            0.568182             97.8516
                  85                 860                   0             97.4432            0.568182             98.0114
                  85                 870                   0             97.4964            0.568182             98.0646
                  85                 880                   0             97.4964            0.568182             98.0646
                  85                 890                   0             97.6562            0.568182             98.2244
                  85                 900                   0             97.7273            0.568182             98.2955
                  85                 910                   0             97.7805            0.568182             98.3487
                  85                 920                   0             97.7983            0.568182             98.3665
                  85                 930                   0             97.8338            0.568182              98.402
                  85                 940                   0             97.8871            0.568182             98.4553
                  85                 950                   0             97.8871            0.568182             98.4553
                  85                 960                   0             97.8871            0.568182             98.4553
                  85                 970                   0             97.9048            0.568182              98.473
                  85                 980                   0             97.9226            0.568182             98.4908
                  85                 990                   0             97.9403            0.568182             98.5085
                  85                1000                   0             98.0291            0.568182             98.5973
