                  45                   0                   0             42.6847             19.8864              62.571
                  45                  10                   0             43.9276             19.8864             63.8139
                  45                  20                   0             44.9929             18.1818             63.1747
                  45                  30                   0             46.3956             17.0455             63.4411
                  45                  40                   0             47.9759             15.9091             63.8849
                  45                  50                   0             49.0412             15.3409             64.3821
                  45                  60                   0             50.6747             13.0682             63.7429
                  45                  70                   0             52.5213                12.5             65.0213
                  45                  80                   0             54.2081             10.7955             65.0036
                  45                  90                   0              56.179             10.7955             66.9744
                  45                 100                   0              57.777             10.7955             68.5724
                  45                 110                   0             60.2628             10.7955             71.0582
                  45                 120                   0             64.0803             10.2273             74.3075
                  45                 130                   0             66.3352             9.65909             75.9943
                  45                 140                   0             68.1463             7.38636             75.5327
                  45                 150                   0             69.6555             5.68182             75.3374
                  45                 160                   0             71.0227             5.68182             76.7045
                  45                 170                   0             71.9993             5.11364             77.1129
                  45                 180                   0             73.1179             4.54545             77.6634
                  45                 190                   0             74.0057             4.54545             78.5511
                  45                 200                   0             74.5028             3.97727             78.4801
                  45                 210                   0             75.4084             3.40909             78.8175
                  45                 220                   0              76.456             2.84091             79.2969
                  45                 230                   0             77.1662             2.84091             80.0071
                  45                 240                   0             77.7876             2.84091             80.6286
                  45                 250                   0             78.5866             2.84091             81.4276
                  45                 260                   0             79.0128             2.84091             81.8537
                  45                 270                   0             79.5455             2.27273             81.8182
                  45                 280                   0             79.9538             2.27273             82.2266
                  45                 290                   0               80.38             2.27273             82.6527
                  45                 300                   0             80.7173             2.27273             82.9901
                  45                 310                   0              81.179             2.27273             83.4517
                  45                 320                   0             81.8714             2.27273             84.1442
                  45                 330                   0             82.2088             2.27273             84.4815
                  45                 340                   0             82.9545             2.27273             85.2273
                  45                 350                   0             83.2564             2.27273             85.5291
                  45                 360                   0             83.3807             2.27273             85.6534
                  45                 370                   0             84.0199             2.27273             86.2926
                  45                 380                   0             84.4993             2.27273              86.772
                  45                 390                   0             84.7834             2.27273             87.0561
                  45                 400                   0             84.9609             2.27273             87.2337
                  45                 410                   0             85.3161             2.27273             87.5888
                  45                 420                   0             85.5114             2.27273             87.7841
                  45                 430                   0              86.044             2.27273             88.3168
                  45                 440                   0             86.2926             2.27273             88.5653
                  45                 450                   0             86.8075             2.27273             89.0803
                  45                 460                   0             86.9496             2.27273             89.2223
                  45                 470                   0             87.1626             2.27273             89.4354
                  45                 480                   0             87.3757             2.27273             89.6484
                  45                 490                   0             87.7131             2.27273             89.9858
                  45                 500                   0             88.1037             2.27273             90.3764
                  45                 510                   0             88.1392             2.27273             90.4119
                  45                 520                   0             88.3168             2.27273             90.5895
                  45                 530                   0             88.7074             2.27273             90.9801
                  45                 540                   0              89.169             2.27273             91.4418
                  45                 550                   0             89.4354             2.27273             91.7081
                  45                 560                   0             89.8438             2.27273             92.1165
                  45                 570                   0             90.0391             2.27273             92.3118
                  45                 580                   0             90.2521             2.27273             92.5249
                  45                 590                   0             90.4297             2.27273             92.7024
                  45                 600                   0              90.625             2.27273             92.8977
                  45                 610                   0             90.7493             2.27273              93.022
                  45                 620                   0             90.8913             2.27273             93.1641
                  45                 630                   0             91.4773             2.27273               93.75
                  45                 640                   0             91.9389             2.27273             94.2116
                  45                 650                   0             91.9744             2.27273             94.2472
                  45                 660                   0             92.0987             2.27273             94.3714
                  45                 670                   0             92.1697             2.27273             94.4425
                  45                 680                   0              92.223             2.27273             94.4957
                  45                 690                   0             92.6136             2.27273             94.8864
                  45                 700                   0             92.7202             2.27273             94.9929
                  45                 710                   0             93.5547             2.27273             95.8274
                  45                 720                   0             93.6257             2.27273             95.8984
                  45                 730                   0              93.679             2.27273             95.9517
                  45                 740                   0              93.679             2.27273             95.9517
                  45                 750                   0             93.7322             2.27273              96.005
                  45                 760                   0             94.6911            0.568182             95.2592
                  45                 770                   0             94.7443            0.568182             95.3125
                  45                 780                   0             94.8331            0.568182             95.4013
                  45                 790                   0             95.0817            0.568182             95.6499
                  45                 800                   0             95.3303            0.568182             95.8984
                  45                 810                   0             95.5611            0.568182             96.1293
                  45                 820                   0             95.6676            0.568182             96.2358
                  45                 830                   0             95.6854            0.568182             96.2536
                  45                 840                   0             95.7564            0.568182             96.3246
                  45                 850                   0             95.8807            0.568182             96.4489
                  45                 860                   0             96.1293            0.568182             96.6974
                  45                 870                   0             96.1825            0.568182             96.7507
                  45                 880                   0             96.2536            0.568182             96.8217
                  45                 890                   0             96.2891            0.568182             96.8572
                  45                 900                   0             96.3068            0.568182              96.875
                  45                 910                   0             96.3068            0.568182              96.875
                  45                 920                   0             96.3246            0.568182             96.8928
                  45                 930                   0             96.3778            0.568182              96.946
                  45                 940                   0             96.5376            0.568182             97.1058
                  45                 950                   0             96.6442            0.568182             97.2124
                  45                 960                   0              96.733            0.568182             97.3011
                  45                 970                   0             96.7507            0.568182             97.3189
                  45                 980                   0             96.8572            0.568182             97.4254
                  45                 990                   0             96.9993            0.568182             97.5675
                  45                1000                   0             96.9993            0.568182             97.5675
