                  95                   0                   0              78.924             4.54545             83.4695
                  95                  10                   0             80.8239             2.27273             83.0966
                  95                  20                   0             81.1257             2.27273             83.3984
                  95                  30                   0             81.4808             2.27273             83.7536
                  95                  40                   0             81.7294             2.27273             84.0021
                  95                  50                   0             82.1378             2.27273             84.4105
                  95                  60                   0             82.3864             2.27273             84.6591
                  95                  70                   0             82.6882             2.27273             84.9609
                  95                  80                   0             83.0256             2.27273             85.2983
                  95                  90                   0             83.5405             2.27273             85.8132
                  95                 100                   0             83.8601             2.27273             86.1328
                  95                 110                   0             84.1974             2.27273             86.4702
                  95                 120                   0             84.5526             2.27273             86.8253
                  95                 130                   0             84.8899             2.27273             87.1626
                  95                 140                   0             85.1207             2.27273             87.3935
                  95                 150                   0             85.6179             2.27273             87.8906
                  95                 160                   0              85.902             2.27273             88.1747
                  95                 170                   0             86.2571             2.27273             88.5298
                  95                 180                   0             86.5589             2.27273             88.8317
                  95                 190                   0             86.8786             2.27273             89.1513
                  95                 200                   0             87.0561             2.27273             89.3288
                  95                 210                   0             87.3402             2.27273             89.6129
                  95                 220                   0             87.5888             2.27273             89.8615
                  95                 230                   0             87.7663             2.27273             90.0391
                  95                 240                   0             88.1037             2.27273             90.3764
                  95                 250                   0             88.2635             2.27273             90.5362
                  95                 260                   0             88.3168             2.27273             90.5895
                  95                 270                   0             88.6541             2.27273             90.9268
                  95                 280                   0             88.9205             2.27273             91.1932
                  95                 290                   0             89.1513             2.27273              91.424
                  95                 300                   0             89.3999             2.27273             91.6726
                  95                 310                   0             89.5774             2.27273             91.8501
                  95                 320                   0              89.897             2.27273             92.1697
                  95                 330                   0             90.1634             2.27273             92.4361
                  95                 340                   0             90.2344             2.27273             92.5071
                  95                 350                   0             90.3764             2.27273             92.6491
                  95                 360                   0              90.696             2.27273             92.9688
                  95                 370                   0             91.0156             2.27273             93.2884
                  95                 380                   0             91.1222             2.27273             93.3949
                  95                 390                   0             91.3175             2.27273             93.5902
                  95                 400                   0             91.4595             2.27273             93.7322
                  95                 410                   0             92.5071             2.27273             94.7798
                  95                 420                   0             92.7734             2.27273             95.0462
                  95                 430                   0             93.3239             2.27273             95.5966
                  95                 440                   0             93.4126             2.27273             95.6854
                  95                 450                   0             93.6612             2.27273             95.9339
                  95                 460                   0              93.821             2.27273             96.0938
                  95                 470                   0             94.0518             2.27273             96.3246
                  95                 480                   0             94.1939             2.27273             96.4666
                  95                 490                   0             94.6023             1.13636             95.7386
                  95                 500                   0             94.7088            0.568182              95.277
                  95                 510                   0             94.7443            0.568182             95.3125
                  95                 520                   0             94.8509            0.568182              95.419
                  95                 530                   0             94.9219            0.568182             95.4901
                  95                 540                   0             95.0284            0.568182             95.5966
                  95                 550                   0             95.0639            0.568182             95.6321
                  95                 560                   0             95.1172            0.568182             95.6854
                  95                 570                   0             95.1882            0.568182             95.7564
                  95                 580                   0             95.2237            0.568182             95.7919
                  95                 590                   0             95.2947            0.568182             95.8629
                  95                 600                   0             95.5788            0.568182              96.147
                  95                 610                   0             95.6854            0.568182             96.2536
                  95                 620                   0             95.7031            0.568182             96.2713
                  95                 630                   0             95.8274            0.568182             96.3956
                  95                 640                   0             95.8984            0.568182             96.4666
                  95                 650                   0             96.0582            0.568182             96.6264
                  95                 660                   0             96.1293            0.568182             96.6974
                  95                 670                   0              96.218            0.568182             96.7862
                  95                 680                   0             96.4311            0.568182             96.9993
                  95                 690                   0             96.4666            0.568182             97.0348
                  95                 700                   0             96.5021            0.568182             97.0703
                  95                 710                   0             96.6087            0.568182             97.1768
                  95                 720                   0             96.6442            0.568182             97.2124
                  95                 730                   0              96.733            0.568182             97.3011
                  95                 740                   0              96.875            0.568182             97.4432
                  95                 750                   0              96.875            0.568182             97.4432
                  95                 760                   0             97.0526            0.568182             97.6207
                  95                 770                   0             97.1236            0.568182             97.6918
                  95                 780                   0             97.1946            0.568182             97.7628
                  95                 790                   0             97.2656            0.568182             97.8338
                  95                 800                   0             97.3011            0.568182             97.8693
                  95                 810                   0             97.3366            0.568182             97.9048
                  95                 820                   0             97.4077            0.568182             97.9759
                  95                 830                   0             97.5142            0.568182             98.0824
                  95                 840                   0             97.5852            0.568182             98.1534
                  95                 850                   0             97.6562            0.568182             98.2244
                  95                 860                   0             97.8161            0.568182             98.3842
                  95                 870                   0             97.9048            0.568182              98.473
                  95                 880                   0             97.9226            0.568182             98.4908
                  95                 890                   0             97.9403            0.568182             98.5085
                  95                 900                   0             98.0469            0.568182             98.6151
                  95                 910                   0             98.0646            0.568182             98.6328
                  95                 920                   0             98.1712            0.568182             98.7393
                  95                 930                   0             98.1712            0.568182             98.7393
                  95                 940                   0             98.2067            0.568182             98.7749
                  95                 950                   0             98.2244            0.568182             98.7926
                  95                 960                   0             98.2422            0.568182             98.8104
                  95                 970                   0             98.2599            0.568182             98.8281
                  95                 980                   0             98.2599            0.568182             98.8281
                  95                 990                   0             98.2599            0.568182             98.8281
                  95                1000                   0             98.2599            0.568182             98.8281
