                  90                   0                   0             77.2727             6.81818             84.0909
                  90                  10                   0             78.8885             3.40909             82.2976
                  90                  20                   0             79.5455             3.40909             82.9545
                  90                  30                   0             80.3977             2.27273             82.6705
                  90                  40                   0             80.8416             2.27273             83.1143
                  90                  50                   0               81.25             2.27273             83.5227
                  90                  60                   0             81.6406             2.27273             83.9134
                  90                  70                   0             81.9247             2.27273             84.1974
                  90                  80                   0             82.3509             2.27273             84.6236
                  90                  90                   0             82.5462             2.27273             84.8189
                  90                 100                   0             82.9545             2.27273             85.2273
                  90                 110                   0             83.2386             2.27273             85.5114
                  90                 120                   0              83.647             2.27273             85.9197
                  90                 130                   0             84.0199             2.27273             86.2926
                  90                 140                   0              84.446             2.27273             86.7188
                  90                 150                   0             84.7479             2.27273             87.0206
                  90                 160                   0             84.9787             2.27273             87.2514
                  90                 170                   0             85.4581             2.27273             87.7308
                  90                 180                   0             85.7955             2.27273             88.0682
                  90                 190                   0             86.1151             2.27273             88.3878
                  90                 200                   0             86.3636             2.27273             88.6364
                  90                 210                   0             86.7365             2.27273             89.0092
                  90                 220                   0             87.0916             2.27273             89.3643
                  90                 230                   0             87.3047             2.27273             89.5774
                  90                 240                   0             87.5178             2.27273             89.7905
                  90                 250                   0             87.8196             2.27273             90.0923
                  90                 260                   0             87.9972             2.27273             90.2699
                  90                 270                   0              88.228             2.27273             90.5007
                  90                 280                   0             88.3345             2.27273             90.6072
                  90                 290                   0             88.5831             2.27273             90.8558
                  90                 300                   0             88.8139             2.27273             91.0866
                  90                 310                   0             89.1513             2.27273              91.424
                  90                 320                   0             89.3288             2.27273             91.6016
                  90                 330                   0             89.6307             2.27273             91.9034
                  90                 340                   0             89.8438             2.27273             92.1165
                  90                 350                   0             90.1989             2.27273             92.4716
                  90                 360                   0             90.2876             2.27273             92.5604
                  90                 370                   0             90.4474             2.27273             92.7202
                  90                 380                   0              90.696             2.27273             92.9688
                  90                 390                   0             91.0866             2.27273             93.3594
                  90                 400                   0             91.1399             2.27273             93.4126
                  90                 410                   0             91.4062             2.27273              93.679
                  90                 420                   0              91.495             2.27273             93.7678
                  90                 430                   0             91.6903             2.27273             93.9631
                  90                 440                   0             91.9567             2.27273             94.2294
                  90                 450                   0             93.1641             2.27273             95.4368
                  90                 460                   0             93.3771             2.27273             95.6499
                  90                 470                   0             93.6612             2.27273             95.9339
                  90                 480                   0             93.9276             2.27273             96.2003
                  90                 490                   0             94.1584             2.27273             96.4311
                  90                 500                   0             94.2116             2.27273             96.4844
                  90                 510                   0             94.7088            0.568182              95.277
                  90                 520                   0             94.7443            0.568182             95.3125
                  90                 530                   0             94.7798            0.568182              95.348
                  90                 540                   0             94.8686            0.568182             95.4368
                  90                 550                   0             94.9751            0.568182             95.5433
                  90                 560                   0             95.0639            0.568182             95.6321
                  90                 570                   0             95.0817            0.568182             95.6499
                  90                 580                   0             95.1172            0.568182             95.6854
                  90                 590                   0              95.206            0.568182             95.7741
                  90                 600                   0             95.2592            0.568182             95.8274
                  90                 610                   0              95.348            0.568182             95.9162
                  90                 620                   0              95.419            0.568182             95.9872
                  90                 630                   0             95.4545            0.568182             96.0227
                  90                 640                   0             95.4723            0.568182             96.0405
                  90                 650                   0             95.7741            0.568182             96.3423
                  90                 660                   0             95.9339            0.568182             96.5021
                  90                 670                   0              96.076            0.568182             96.6442
                  90                 680                   0             96.1825            0.568182             96.7507
                  90                 690                   0             96.3423            0.568182             96.9105
                  90                 700                   0             96.4666            0.568182             97.0348
                  90                 710                   0             96.4844            0.568182             97.0526
                  90                 720                   0             96.5554            0.568182             97.1236
                  90                 730                   0             96.5909            0.568182             97.1591
                  90                 740                   0             96.7152            0.568182             97.2834
                  90                 750                   0             96.8395            0.568182             97.4077
                  90                 760                   0             96.8572            0.568182             97.4254
                  90                 770                   0             96.8928            0.568182             97.4609
                  90                 780                   0             96.9815            0.568182             97.5497
                  90                 790                   0             97.0348            0.568182              97.603
                  90                 800                   0             97.1236            0.568182             97.6918
                  90                 810                   0             97.1946            0.568182             97.7628
                  90                 820                   0             97.2656            0.568182             97.8338
                  90                 830                   0             97.3189            0.568182             97.8871
                  90                 840                   0             97.4609            0.568182             98.0291
                  90                 850                   0             97.5675            0.568182             98.1357
                  90                 860                   0             97.5852            0.568182             98.1534
                  90                 870                   0             97.6385            0.568182             98.2067
                  90                 880                   0             97.7095            0.568182             98.2777
                  90                 890                   0             97.7805            0.568182             98.3487
                  90                 900                   0             97.8338            0.568182              98.402
                  90                 910                   0             97.8338            0.568182              98.402
                  90                 920                   0             97.8338            0.568182              98.402
                  90                 930                   0             97.9936            0.568182             98.5618
                  90                 940                   0             98.0646            0.568182             98.6328
                  90                 950                   0             98.0646            0.568182             98.6328
                  90                 960                   0             98.0824            0.568182             98.6506
                  90                 970                   0             98.1001            0.568182             98.6683
                  90                 980                   0             98.1357            0.568182             98.7038
                  90                 990                   0             98.1357            0.568182             98.7038
                  90                1000                   0             98.1357            0.568182             98.7038
