                  25                   0                   0             17.1875                12.5             29.6875
                  25                  10                   0             17.5604                12.5             30.0604
                  25                  20                   0             17.9332                12.5             30.4332
                  25                  30                   0             18.2884                12.5             30.7884
                  25                  40                   0             18.5014                12.5             31.0014
                  25                  50                   0             18.9276                12.5             31.4276
                  25                  60                   0             19.3004                12.5             31.8004
                  25                  70                   0             19.6555                12.5             32.1555
                  25                  80                   0             20.0284             11.9318             31.9602
                  25                  90                   0             20.6854             11.9318             32.6172
                  25                 100                   0              21.005             11.3636             32.3686
                  25                 110                   0             21.2713             11.3636             32.6349
                  25                 120                   0             21.6797             11.3636             33.0433
                  25                 130                   0             22.1591             11.3636             33.5227
                  25                 140                   0             22.3366             11.3636             33.7003
                  25                 150                   0             22.5142             11.3636             33.8778
                  25                 160                   0             22.8161             11.3636             34.1797
                  25                 170                   0             23.1889             11.3636             34.5526
                  25                 180                   0             23.6151             10.7955             34.4105
                  25                 190                   0              24.343             10.7955             35.1385
                  25                 200                   0             25.1065             8.52273             33.6293
                  25                 210                   0              25.799             6.81818             32.6172
                  25                 220                   0             26.2429             5.68182             31.9247
                  25                 230                   0             26.6158             5.68182             32.2976
                  25                 240                   0             27.7699             2.84091             30.6108
                  25                 250                   0             28.4979             1.70455             30.2024
                  25                 260                   0             29.1548             1.13636             30.2912
                  25                 270                   0             29.5987             1.13636             30.7351
                  25                 280                   0             30.6286             1.13636             31.7649
                  25                 290                   0             31.3565             1.13636             32.4929
                  25                 300                   0             32.0312             1.13636             33.1676
                  25                 310                   0             32.4574             1.13636             33.5938
                  25                 320                   0             33.4339             1.13636             34.5703
                  25                 330                   0             33.7003             1.13636             34.8366
                  25                 340                   0             34.3572             1.13636             35.4936
                  25                 350                   0             34.5526             1.13636             35.6889
                  25                 360                   0             35.6534             1.13636             36.7898
                  25                 370                   0             36.3459             1.13636             37.4822
                  25                 380                   0             37.0028             1.13636             38.1392
                  25                 390                   0             37.5533             1.13636             38.6896
                  25                 400                   0             37.7131             1.13636             38.8494
                  25                 410                   0              38.157             1.13636             39.2933
                  25                 420                   0             38.4943             1.13636             39.6307
                  25                 430                   0             38.5476             1.13636             39.6839
                  25                 440                   0             38.7784             1.13636             39.9148
                  25                 450                   0             39.1868             1.13636             40.3232
                  25                 460                   0             39.7195             1.13636             40.8558
                  25                 470                   0             40.2344             1.13636             41.3707
                  25                 480                   0             40.6428             1.13636             41.7791
                  25                 490                   0             41.3885             1.13636             42.5249
                  25                 500                   0             41.5128             1.13636             42.6491
                  25                 510                   0             41.9212             1.13636             43.0575
                  25                 520                   0             42.8089             1.13636             43.9453
                  25                 530                   0             42.9688             1.13636             44.1051
                  25                 540                   0             43.1463             1.13636             44.2827
                  25                 550                   0             43.3061             1.13636             44.4425
                  25                 560                   0             43.4126             1.13636              44.549
                  25                 570                   0             43.4126             1.13636              44.549
                  25                 580                   0             43.6257             1.13636             44.7621
                  25                 590                   0             44.2472             1.13636             45.3835
                  25                 600                   0             44.3182             1.13636             45.4545
                  25                 610                   0             44.9396             1.13636              46.076
                  25                 620                   0             45.5611             1.13636             46.6974
                  25                 630                   0             47.2479             1.13636             48.3842
                  25                 640                   0             47.5142             1.13636             48.6506
                  25                 650                   0             48.0646             1.13636              49.201
                  25                 660                   0             49.4496             1.13636             50.5859
                  25                 670                   0             49.5561             1.13636             50.6925
                  25                 680                   0             50.1243             1.13636             51.2607
                  25                 690                   0             50.4261             1.13636             51.5625
                  25                 700                   0             51.7756             1.13636             52.9119
                  25                 710                   0             51.9709             1.13636             53.1072
                  25                 720                   0             52.3615             1.13636             53.4979
                  25                 730                   0             52.6101             1.13636             53.7464
                  25                 740                   0             53.0185             1.13636             54.1548
                  25                 750                   0             53.3558             1.13636             54.4922
                  25                 760                   0              53.995             1.13636             55.1314
                  25                 770                   0             54.3501             1.13636             55.4865
                  25                 780                   0             55.2912             1.13636             56.4276
                  25                 790                   0              55.593             1.13636             56.7294
                  25                 800                   0             56.6584             1.13636             57.7947
                  25                 810                   0             57.9013             1.13636             59.0376
                  25                 820                   0             58.7003             1.13636             59.8366
                  25                 830                   0             59.6768             1.13636             60.8132
                  25                 840                   0             60.3693             1.13636             61.5057
                  25                 850                   0             60.9375             1.13636             62.0739
                  25                 860                   0             62.2159             1.13636             63.3523
                  25                 870                   0             62.4112             1.13636             63.5476
                  25                 880                   0             62.5888             1.13636             63.7251
                  25                 890                   0             63.1037             1.13636             64.2401
                  25                 900                   0             63.1747             1.13636             64.3111
                  25                 910                   0              63.299             1.13636             64.4354
                  25                 920                   0             63.5653             1.13636             64.7017
                  25                 930                   0             64.2578             1.13636             65.3942
                  25                 940                   0             64.5064             1.13636             65.6428
                  25                 950                   0             64.6484             1.13636             65.7848
                  25                 960                   0             64.8082             1.13636             65.9446
                  25                 970                   0              64.897             1.13636             66.0334
                  25                 980                   0             65.1101             1.13636             66.2464
                  25                 990                   0             65.3054             1.13636             66.4418
                  25                1000                   0             65.7315             1.13636             66.8679
