                  75                   0                   0             38.7962             1.13636             39.9325
                  75                  10                   0             39.4176             1.13636              40.554
                  75                  20                   0             39.8082             1.13636             40.9446
                  75                  30                   0              40.696             1.13636             41.8324
                  75                  40                   0             41.1754             1.13636             42.3118
                  75                  50                   0             42.1165             1.13636             43.2528
                  75                  60                   0             42.9688             1.13636             44.1051
                  75                  70                   0             43.6967             1.13636             44.8331
                  75                  80                   0             44.0163             1.13636             45.1527
                  75                  90                   0             44.1584             1.13636             45.2947
                  75                 100                   0             44.2294             1.13636             45.3658
                  75                 110                   0             44.3892             1.13636             45.5256
                  75                 120                   0             44.6555             1.13636             45.7919
                  75                 130                   0             45.0817             1.13636              46.218
                  75                 140                   0             45.1705             1.13636             46.3068
                  75                 150                   0              45.419             1.13636             46.5554
                  75                 160                   0             45.5966             1.13636              46.733
                  75                 170                   0             45.6499             1.13636             46.7862
                  75                 180                   0             45.8807             1.13636              47.017
                  75                 190                   0             45.9162             1.13636             47.0526
                  75                 200                   0             46.2713             1.13636             47.4077
                  75                 210                   0             46.3068             1.13636             47.4432
                  75                 220                   0             46.3956             1.13636              47.532
                  75                 230                   0             46.4844             1.13636             47.6207
                  75                 240                   0             46.5909             1.13636             47.7273
                  75                 250                   0             46.9105             1.13636             48.0469
                  75                 260                   0             46.9815             1.13636             48.1179
                  75                 270                   0             47.8161             1.13636             48.9524
                  75                 280                   0             48.2777             1.13636             49.4141
                  75                 290                   0             48.6861             1.13636             49.8224
                  75                 300                   0             49.0589             1.13636             50.1953
                  75                 310                   0              49.201             1.13636             50.3374
                  75                 320                   0                  50             1.13636             51.1364
                  75                 330                   0             50.6037             1.13636             51.7401
                  75                 340                   0             51.2429             1.13636             52.3793
                  75                 350                   0             51.8643             1.13636             53.0007
                  75                 360                   0              52.397             1.13636             53.5334
                  75                 370                   0             52.7876             1.13636              53.924
                  75                 380                   0             54.1903             1.13636             55.3267
                  75                 390                   0             55.2912             1.13636             56.4276
                  75                 400                   0             57.3686             1.13636              58.505
                  75                 410                   0             58.1854             1.13636             59.3217
                  75                 420                   0             59.0199             1.13636             60.1562
                  75                 430                   0              60.103             1.13636             61.2393
                  75                 440                   0             61.0618             1.13636             62.1982
                  75                 450                   0             62.7486            0.568182             63.3168
                  75                 460                   0               63.37            0.568182             63.9382
                  75                 470                   0             64.3288            0.568182              64.897
                  75                 480                   0             65.6428            0.568182             66.2109
                  75                 490                   0             66.1577            0.568182             66.7259
                  75                 500                   0             66.8857            0.568182             67.4538
                  75                 510                   0             67.5781            0.568182             68.1463
                  75                 520                   0             67.7734            0.568182             68.3416
                  75                 530                   0             68.5014            0.568182             69.0696
                  75                 540                   0             68.8565            0.568182             69.4247
                  75                 550                   0             69.7976            0.568182             70.3658
                  75                 560                   0             70.8629            0.568182             71.4311
                  75                 570                   0             71.9815            0.568182             72.5497
                  75                 580                   0             73.3842            0.568182             73.9524
                  75                 590                   0             74.3786            0.568182             74.9467
                  75                 600                   0             75.5859            0.568182             76.1541
                  75                 610                   0             76.7756            0.568182             77.3438
                  75                 620                   0             77.3615            0.568182             77.9297
                  75                 630                   0             77.7166            0.568182             78.2848
                  75                 640                   0             78.9595            0.568182             79.5277
                  75                 650                   0             79.4212            0.568182             79.9893
                  75                 660                   0             79.4389            0.568182             80.0071
                  75                 670                   0             79.5632            0.568182             80.1314
                  75                 680                   0             80.0071            0.568182             80.5753
                  75                 690                   0             80.3622            0.568182             80.9304
                  75                 700                   0             80.9837            0.568182             81.5518
                  75                 710                   0             81.0902            0.568182             81.6584
                  75                 720                   0             81.3033            0.568182             81.8714
                  75                 730                   0             81.4098            0.568182              81.978
                  75                 740                   0             82.3153            0.568182             82.8835
                  75                 750                   0             82.3153            0.568182             82.8835
                  75                 760                   0             82.6882            0.568182             83.2564
                  75                 770                   0             82.8303            0.568182             83.3984
                  75                 780                   0             83.8601            0.568182             84.4283
                  75                 790                   0             83.9666                   0             83.9666
                  75                 800                   0             84.0909                   0             84.0909
                  75                 810                   0             85.1207                   0             85.1207
                  75                 820                   0             85.2095                   0             85.2095
                  75                 830                   0             86.3104                   0             86.3104
                  75                 840                   0             86.3104                   0             86.3104
                  75                 850                   0             86.3104                   0             86.3104
                  75                 860                   0             86.3991                   0             86.3991
                  75                 870                   0             86.5945                   0             86.5945
                  75                 880                   0             86.8075                   0             86.8075
                  75                 890                   0             86.9851                   0             86.9851
                  75                 900                   0             88.0504                   0             88.0504
                  75                 910                   0             88.0682                   0             88.0682
                  75                 920                   0             88.5653                   0             88.5653
                  75                 930                   0             88.8139                   0             88.8139
                  75                 940                   0             88.8317                   0             88.8317
                  75                 950                   0             89.0447                   0             89.0447
                  75                 960                   0             89.2045                   0             89.2045
                  75                 970                   0             89.2401                   0             89.2401
                  75                 980                   0             89.2578                   0             89.2578
                  75                 990                   0             89.2933                   0             89.2933
                  75                1000                   0             90.5362                   0             90.5362
