                  45                   0                   0             27.1484             7.38636             34.5348
                  45                  10                   0             28.4268             7.95455             36.3814
                  45                  20                   0             28.9418             6.81818             35.7599
                  45                  30                   0             29.2259             6.81818              36.044
                  45                  40                   0             29.7763             6.81818             36.5945
                  45                  50                   0             30.3089                6.25             36.5589
                  45                  60                   0             30.7706                6.25             37.0206
                  45                  70                   0             31.1257                6.25             37.3757
                  45                  80                   0              31.978             5.68182             37.6598
                  45                  90                   0             32.5462             5.68182              38.228
                  45                 100                   0             33.0433             3.40909             36.4524
                  45                 110                   0              33.505             1.13636             34.6413
                  45                 120                   0             33.8956             1.13636              35.032
                  45                 130                   0             34.2862             1.13636             35.4226
                  45                 140                   0             34.5703             1.13636             35.7067
                  45                 150                   0             34.8722             1.13636             36.0085
                  45                 160                   0             35.5114             1.13636             36.6477
                  45                 170                   0             36.4879             1.13636             37.6243
                  45                 180                   0             37.2692             1.13636             38.4055
                  45                 190                   0             38.0859             1.13636             39.2223
                  45                 200                   0             38.5653             1.13636             39.7017
                  45                 210                   0              39.169             1.13636             40.3054
                  45                 220                   0             39.9325             1.13636             41.0689
                  45                 230                   0             40.7315             1.13636             41.8679
                  45                 240                   0             41.2287             1.13636             42.3651
                  45                 250                   0             42.2053             1.13636             43.3416
                  45                 260                   0             43.0043             1.13636             44.1406
                  45                 270                   0             43.3771             1.13636             44.5135
                  45                 280                   0             43.9098             1.13636             45.0462
                  45                 290                   0             44.0696             1.13636              45.206
                  45                 300                   0             44.5135             1.13636             45.6499
                  45                 310                   0             44.6733             1.13636             45.8097
                  45                 320                   0             44.9396             1.13636              46.076
                  45                 330                   0             45.0817             1.13636              46.218
                  45                 340                   0             45.2592             1.13636             46.3956
                  45                 350                   0              45.419             1.13636             46.5554
                  45                 360                   0             45.8097             1.13636              46.946
                  45                 370                   0             45.9695             1.13636             47.1058
                  45                 380                   0             46.1115             1.13636             47.2479
                  45                 390                   0             47.2479             1.13636             48.3842
                  45                 400                   0             47.3722             1.13636             48.5085
                  45                 410                   0             47.5852             1.13636             48.7216
                  45                 420                   0              47.674             1.13636             48.8104
                  45                 430                   0             47.7273             1.13636             48.8636
                  45                 440                   0             47.9936             1.13636               49.13
                  45                 450                   0             48.1712             1.13636             49.3075
                  45                 460                   0             48.3665             1.13636             49.5028
                  45                 470                   0             48.9702             1.13636             50.1065
                  45                 480                   0             49.6982             1.13636             50.8345
                  45                 490                   0             50.1065             1.13636             51.2429
                  45                 500                   0             51.1541             1.13636             52.2905
                  45                 510                   0             51.7045             1.13636             52.8409
                  45                 520                   0             52.5923             1.13636             53.7287
                  45                 530                   0             53.6044             1.13636             54.7408
                  45                 540                   0             54.6875             1.13636             55.8239
                  45                 550                   0             55.0959             1.13636             56.2322
                  45                 560                   0             55.9659             1.13636             57.1023
                  45                 570                   0             56.6939             1.13636             57.8303
                  45                 580                   0             57.0312             1.13636             58.1676
                  45                 590                   0             57.0312             1.13636             58.1676
                  45                 600                   0             57.7237             1.13636             58.8601
                  45                 610                   0             58.0788             1.13636             59.2152
                  45                 620                   0             58.5582             1.13636             59.6946
                  45                 630                   0             58.7358             1.13636             59.8722
                  45                 640                   0             59.2507             1.13636             60.3871
                  45                 650                   0             60.8842             1.13636             62.0206
                  45                 660                   0             62.2159             1.13636             63.3523
                  45                 670                   0             63.0682             1.13636             64.2045
                  45                 680                   0             63.6896             1.13636              64.826
                  45                 690                   0             64.1513             1.13636             65.2876
                  45                 700                   0             64.7727             1.13636             65.9091
                  45                 710                   0             64.9148             1.13636             66.0511
                  45                 720                   0             65.2344             1.13636             66.3707
                  45                 730                   0             65.3764             1.13636             66.5128
                  45                 740                   0              65.767             1.13636             66.9034
                  45                 750                   0             65.9979             1.13636             67.1342
                  45                 760                   0             66.4418             1.13636             67.5781
                  45                 770                   0             67.8089             1.13636             68.9453
                  45                 780                   0             67.8089             1.13636             68.9453
                  45                 790                   0             68.1286             1.13636             69.2649
                  45                 800                   0             68.2884             1.13636             69.4247
                  45                 810                   0             68.3949             1.13636             69.5312
                  45                 820                   0             68.6435             1.13636             69.7798
                  45                 830                   0             68.7855             1.13636             69.9219
                  45                 840                   0             68.8033             1.13636             69.9396
                  45                 850                   0             69.1229             1.13636             70.2592
                  45                 860                   0             69.2116             1.13636              70.348
                  45                 870                   0             69.3892             1.13636             70.5256
                  45                 880                   0              70.206             1.13636             71.3423
                  45                 890                   0              70.206             1.13636             71.3423
                  45                 900                   0             70.2947             1.13636             71.4311
                  45                 910                   0             71.7507             1.13636             72.8871
                  45                 920                   0             72.4432            0.568182             73.0114
                  45                 930                   0             72.8693            0.568182             73.4375
                  45                 940                   0             72.9936            0.568182             73.5618
                  45                 950                   0             73.0291            0.568182             73.5973
                  45                 960                   0             73.0469            0.568182             73.6151
                  45                 970                   0             73.9169            0.568182             74.4851
                  45                 980                   0             73.9524            0.568182             74.5206
                  45                 990                   0             73.9702            0.568182             74.5384
                  45                1000                   0             74.3253            0.568182             74.8935
