                  15                   0                   0               11.63             15.9091             27.5391
                  15                  10                   0             12.0916             15.3409             27.4325
                  15                  20                   0             12.2692             15.3409             27.6101
                  15                  30                   0             12.4112             15.3409             27.7521
                  15                  40                   0             12.6598             14.7727             27.4325
                  15                  50                   0             12.8551             14.2045             27.0597
                  15                  60                   0             13.1747             14.2045             27.3793
                  15                  70                   0             13.4766             13.6364             27.1129
                  15                  80                   0             13.6186             13.0682             26.6868
                  15                  90                   0             13.9027                12.5             26.4027
                  15                 100                   0             14.1335                12.5             26.6335
                  15                 110                   0             14.4886                12.5             26.9886
                  15                 120                   0             14.8793                12.5             27.3793
                  15                 130                   0             15.1811                12.5             27.6811
                  15                 140                   0             15.3764                12.5             27.8764
                  15                 150                   0              15.767                12.5              28.267
                  15                 160                   0             16.1399                12.5             28.6399
                  15                 170                   0              16.282                12.5              28.782
                  15                 180                   0             16.6548                12.5             29.1548
                  15                 190                   0             17.0277             11.9318             28.9595
                  15                 200                   0              17.223             11.9318             29.1548
                  15                 210                   0             17.5781             11.9318             29.5099
                  15                 220                   0             17.8267             11.9318             29.7585
                  15                 230                   0             18.3061             11.9318             30.2379
                  15                 240                   0             18.6257             11.9318             30.5575
                  15                 250                   0             18.9986             11.9318             30.9304
                  15                 260                   0             19.3182             11.3636             30.6818
                  15                 270                   0             19.5312             11.3636             30.8949
                  15                 280                   0             19.9574             11.3636              31.321
                  15                 290                   0             20.4901             11.3636             31.8537
                  15                 300                   0             21.0227             11.3636             32.3864
                  15                 310                   0              21.804             11.3636             33.1676
                  15                 320                   0             22.5142             10.2273             32.7415
                  15                 330                   0             23.0469             10.2273             33.2741
                  15                 340                   0              23.331             10.2273             33.5582
                  15                 350                   0             23.9347             10.2273             34.1619
                  15                 360                   0             24.9112             5.68182              30.593
                  15                 370                   0             25.1953             5.11364             30.3089
                  15                 380                   0             26.2074             5.11364              31.321
                  15                 390                   0             26.4737             5.11364             31.5874
                  15                 400                   0             26.5803             5.11364             31.6939
                  15                 410                   0             27.1307             5.11364             32.2443
                  15                 420                   0             27.2017             5.11364             32.3153
                  15                 430                   0             27.8764             5.11364             32.9901
                  15                 440                   0             29.3679             3.97727             33.3452
                  15                 450                   0              29.723             2.84091             32.5639
                  15                 460                   0             30.2024             2.84091             33.0433
                  15                 470                   0             31.0547             2.84091             33.8956
                  15                 480                   0             31.6761             2.84091              34.517
                  15                 490                   0             32.3864             1.13636             33.5227
                  15                 500                   0             32.7592             1.13636             33.8956
                  15                 510                   0             33.0966             1.13636              34.233
                  15                 520                   0             33.3452             1.13636             34.4815
                  15                 530                   0             34.3572             1.13636             35.4936
                  15                 540                   0             34.8189             1.13636             35.9553
                  15                 550                   0             35.0497             1.13636             36.1861
                  15                 560                   0             35.6712             1.13636             36.8075
                  15                 570                   0             35.7422             1.13636             36.8786
                  15                 580                   0             36.2216             1.13636              37.358
                  15                 590                   0             36.4879             1.13636             37.6243
                  15                 600                   0             36.6122             1.13636             37.7486
                  15                 610                   0              36.843             1.13636             37.9794
                  15                 620                   0             37.4822             1.13636             38.6186
                  15                 630                   0             37.9439             1.13636             39.0803
                  15                 640                   0             38.6541             1.13636             39.7905
                  15                 650                   0             39.3111             1.13636             40.4474
                  15                 660                   0             40.1456             1.13636              41.282
                  15                 670                   0             40.5362             1.13636             41.6726
                  15                 680                   0             41.1044             1.13636             42.2408
                  15                 690                   0             42.1342             1.13636             43.2706
                  15                 700                   0             42.8977             1.13636             44.0341
                  15                 710                   0             43.3061             1.13636             44.4425
                  15                 720                   0              43.679             1.13636             44.8153
                  15                 730                   0             44.2116             1.13636              45.348
                  15                 740                   0             44.6733             1.13636             45.8097
                  15                 750                   0             46.1648             1.13636             47.3011
                  15                 760                   0             46.8928             1.13636             48.0291
                  15                 770                   0             47.1413             1.13636             48.2777
                  15                 780                   0             47.3189             1.13636             48.4553
                  15                 790                   0             47.3722             1.13636             48.5085
                  15                 800                   0             47.8161             1.13636             48.9524
                  15                 810                   0             48.5263             1.13636             49.6626
                  15                 820                   0             49.3608             1.13636             50.4972
                  15                 830                   0             49.7337             1.13636               50.87
                  15                 840                   0               50.87             1.13636             52.0064
                  15                 850                   0             51.5447             1.13636             52.6811
                  15                 860                   0             52.5923             1.13636             53.7287
                  15                 870                   0             52.7344             1.13636             53.8707
                  15                 880                   0             53.1428             1.13636             54.2791
                  15                 890                   0             53.2848             1.13636             54.4212
                  15                 900                   0             53.6577             1.13636              54.794
                  15                 910                   0             53.7997             1.13636             54.9361
                  15                 920                   0             54.6875             1.13636             55.8239
                  15                 930                   0             54.8828             1.13636             56.0192
                  15                 940                   0             55.0604             1.13636             56.1967
                  15                 950                   0             55.6108             1.13636             56.7472
                  15                 960                   0             55.7351             1.13636             56.8714
                  15                 970                   0             57.2798             1.13636             58.4162
                  15                 980                   0             57.6882             1.13636             58.8246
                  15                 990                   0             57.9013             1.13636             59.0376
                  15                1000                   0             57.9723             1.13636             59.1087
