                  70                   0                   0             37.1449             2.27273             39.4176
                  70                  10                   0             37.6598             1.13636             38.7962
                  70                  20                   0               38.37             1.13636             39.5064
                  70                  30                   0             39.1158             1.13636             40.2521
                  70                  40                   0             39.6484             1.13636             40.7848
                  70                  50                   0             40.1811             1.13636             41.3175
                  70                  60                   0             41.1754             1.13636             42.3118
                  70                  70                   0             41.9389             1.13636             43.0753
                  70                  80                   0             42.7734             1.13636             43.9098
                  70                  90                   0             43.5192             1.13636             44.6555
                  70                 100                   0             43.9276             1.13636             45.0639
                  70                 110                   0             44.0163             1.13636             45.1527
                  70                 120                   0             44.1229             1.13636             45.2592
                  70                 130                   0             44.2472             1.13636             45.3835
                  70                 140                   0              44.478             1.13636             45.6143
                  70                 150                   0             44.6733             1.13636             45.8097
                  70                 160                   0             44.8864             1.13636             46.0227
                  70                 170                   0             45.3658             1.13636             46.5021
                  70                 180                   0             45.5256             1.13636             46.6619
                  70                 190                   0             45.6143             1.13636             46.7507
                  70                 200                   0             45.7031             1.13636             46.8395
                  70                 210                   0             45.8807             1.13636              47.017
                  70                 220                   0             45.9517             1.13636             47.0881
                  70                 230                   0              46.147             1.13636             47.2834
                  70                 240                   0             46.3601             1.13636             47.4964
                  70                 250                   0             46.5021             1.13636             47.6385
                  70                 260                   0             46.5376             1.13636              47.674
                  70                 270                   0             46.6619             1.13636             47.7983
                  70                 280                   0             46.7507             1.13636             47.8871
                  70                 290                   0             47.6918             1.13636             48.8281
                  70                 300                   0             48.1357             1.13636              49.272
                  70                 310                   0             48.7571             1.13636             49.8935
                  70                 320                   0             49.0057             1.13636              50.142
                  70                 330                   0             49.1832             1.13636             50.3196
                  70                 340                   0             49.6804             1.13636             50.8168
                  70                 350                   0             50.0178             1.13636             51.1541
                  70                 360                   0             50.3729             1.13636             51.5092
                  70                 370                   0             50.6925             1.13636             51.8288
                  70                 380                   0             51.1541             1.13636             52.2905
                  70                 390                   0             52.8764             1.13636             54.0128
                  70                 400                   0             53.2315             1.13636             54.3679
                  70                 410                   0             54.4034             1.13636             55.5398
                  70                 420                   0             55.8949             1.13636             57.0312
                  70                 430                   0             56.7294             1.13636             57.8658
                  70                 440                   0             57.2621             1.13636             58.3984
                  70                 450                   0             58.4162             1.13636             59.5526
                  70                 460                   0              60.103             1.13636             61.2393
                  70                 470                   0             61.2038             1.13636             62.3402
                  70                 480                   0              61.772             1.13636             62.9084
                  70                 490                   0             63.2635             1.13636             64.3999
                  70                 500                   0             63.7074             1.13636             64.8438
                  70                 510                   0             64.7372             1.13636             65.8736
                  70                 520                   0             65.1101             1.13636             66.2464
                  70                 530                   0             66.6016            0.568182             67.1697
                  70                 540                   0             66.9922            0.568182             67.5604
                  70                 550                   0             68.4126            0.568182             68.9808
                  70                 560                   0             68.6612            0.568182             69.2294
                  70                 570                   0             68.7322            0.568182             69.3004
                  70                 580                   0             68.9098            0.568182              69.478
                  70                 590                   0             69.2827            0.568182             69.8509
                  70                 600                   0              69.549            0.568182             70.1172
                  70                 610                   0             70.0107            0.568182             70.5788
                  70                 620                   0             70.1527            0.568182             70.7209
                  70                 630                   0             70.3125            0.568182             70.8807
                  70                 640                   0             72.1413            0.568182             72.7095
                  70                 650                   0             73.3132            0.568182             73.8814
                  70                 660                   0             74.5206            0.568182             75.0888
                  70                 670                   0             74.9467            0.568182             75.5149
                  70                 680                   0             76.0831            0.568182             76.6513
                  70                 690                   0             77.2195            0.568182             77.7876
                  70                 700                   0             78.3736            0.568182             78.9418
                  70                 710                   0             79.2081            0.568182             79.7763
                  70                 720                   0             79.2081            0.568182             79.7763
                  70                 730                   0             79.7763            0.568182             80.3445
                  70                 740                   0             80.8771            0.568182             81.4453
                  70                 750                   0             81.1967            0.568182             81.7649
                  70                 760                   0             81.3388            0.568182              81.907
                  70                 770                   0             81.5518            0.568182               82.12
                  70                 780                   0             81.6229            0.568182             82.1911
                  70                 790                   0             81.7649            0.568182             82.3331
                  70                 800                   0             81.8359            0.568182             82.4041
                  70                 810                   0             81.9957            0.568182             82.5639
                  70                 820                   0             82.0135            0.568182             82.5817
                  70                 830                   0             82.2798            0.568182              82.848
                  70                 840                   0             82.6882            0.568182             83.2564
                  70                 850                   0              82.777            0.568182             83.3452
                  70                 860                   0             84.1797            0.568182             84.7479
                  70                 870                   0              84.304            0.568182             84.8722
                  70                 880                   0             84.4638                   0             84.4638
                  70                 890                   0             84.4638                   0             84.4638
                  70                 900                   0             84.5348                   0             84.5348
                  70                 910                   0             85.5291                   0             85.5291
                  70                 920                   0             85.7599                   0             85.7599
                  70                 930                   0             86.0795                   0             86.0795
                  70                 940                   0             87.1982                   0             87.1982
                  70                 950                   0             87.8196                   0             87.8196
                  70                 960                   0             87.8551                   0             87.8551
                  70                 970                   0              88.299                   0              88.299
                  70                 980                   0              88.299                   0              88.299
                  70                 990                   0             88.3523                   0             88.3523
                  70                1000                   0             88.3523                   0             88.3523
