                  50                   0                   0             29.2791             7.38636             36.6655
                  50                  10                   0             30.3089                6.25             36.5589
                  50                  20                   0             30.8594                6.25             37.1094
                  50                  30                   0             31.3565                6.25             37.6065
                  50                  40                   0             31.7649                6.25             38.0149
                  50                  50                   0             32.4929                6.25             38.7429
                  50                  60                   0             33.0256             5.68182             38.7074
                  50                  70                   0             33.4695             3.97727             37.4467
                  50                  80                   0             34.0732             2.27273             36.3459
                  50                  90                   0              34.446             1.13636             35.5824
                  50                 100                   0             34.7301             1.13636             35.8665
                  50                 110                   0              35.032             1.13636             36.1683
                  50                 120                   0             35.5646             1.13636              36.701
                  50                 130                   0             36.3281             1.13636             37.4645
                  50                 140                   0             37.4112             1.13636             38.5476
                  50                 150                   0             38.4233             1.13636             39.5597
                  50                 160                   0             39.4531             1.13636             40.5895
                  50                 170                   0             40.1456             1.13636              41.282
                  50                 180                   0             40.8381             1.13636             41.9744
                  50                 190                   0             41.2109             1.13636             42.3473
                  50                 200                   0             41.8501             1.13636             42.9865
                  50                 210                   0             42.5959             1.13636             43.7322
                  50                 220                   0             43.3771             1.13636             44.5135
                  50                 230                   0             43.5369             1.13636             44.6733
                  50                 240                   0             43.9986             1.13636             45.1349
                  50                 250                   0             44.1939             1.13636             45.3303
                  50                 260                   0             44.5135             1.13636             45.6499
                  50                 270                   0             44.5845             1.13636             45.7209
                  50                 280                   0             44.7798             1.13636             45.9162
                  50                 290                   0             44.8331             1.13636             45.9695
                  50                 300                   0             45.0994             1.13636             46.2358
                  50                 310                   0             45.2592             1.13636             46.3956
                  50                 320                   0             45.7209             1.13636             46.8572
                  50                 330                   0             45.8807             1.13636              47.017
                  50                 340                   0             45.9872             1.13636             47.1236
                  50                 350                   0             46.1648             1.13636             47.3011
                  50                 360                   0              46.218             1.13636             47.3544
                  50                 370                   0             47.3544             1.13636             48.4908
                  50                 380                   0             47.5142             1.13636             48.6506
                  50                 390                   0             47.5142             1.13636             48.6506
                  50                 400                   0             47.7983             1.13636             48.9347
                  50                 410                   0             48.0646             1.13636              49.201
                  50                 420                   0             48.1357             1.13636              49.272
                  50                 430                   0             48.2777             1.13636             49.4141
                  50                 440                   0             49.0412             1.13636             50.1776
                  50                 450                   0             49.5206             1.13636              50.657
                  50                 460                   0             49.9645             1.13636             51.1009
                  50                 470                   0             50.6037             1.13636             51.7401
                  50                 480                   0             51.4205             1.13636             52.5568
                  50                 490                   0             51.8643             1.13636             53.0007
                  50                 500                   0             52.8764             1.13636             54.0128
                  50                 510                   0             53.9062             1.13636             55.0426
                  50                 520                   0             54.9006             1.13636             56.0369
                  50                 530                   0             56.0547             1.13636             57.1911
                  50                 540                   0              56.179             1.13636             57.3153
                  50                 550                   0             56.5518             1.13636             57.6882
                  50                 560                   0             57.4574             1.13636             58.5938
                  50                 570                   0             57.7237             1.13636             58.8601
                  50                 580                   0             58.4872             1.13636             59.6236
                  50                 590                   0             58.6825             1.13636             59.8189
                  50                 600                   0             60.4581             1.13636             61.5945
                  50                 610                   0             60.9375             1.13636             62.0739
                  50                 620                   0             62.4645             1.13636             63.6009
                  50                 630                   0             62.9794             1.13636             64.1158
                  50                 640                   0             63.6719             1.13636             64.8082
                  50                 650                   0             64.0447             1.13636             65.1811
                  50                 660                   0              64.897             1.13636             66.0334
                  50                 670                   0             65.2876             1.13636              66.424
                  50                 680                   0             65.8026             1.13636             66.9389
                  50                 690                   0             65.9446             1.13636              67.081
                  50                 700                   0             66.0334             1.13636             67.1697
                  50                 710                   0             67.3651             1.13636             68.5014
                  50                 720                   0             67.5249             1.13636             68.6612
                  50                 730                   0             68.0398             1.13636             69.1761
                  50                 740                   0              68.093             1.13636             69.2294
                  50                 750                   0             68.1996             1.13636             69.3359
                  50                 760                   0             68.2884             1.13636             69.4247
                  50                 770                   0             68.6612             1.13636             69.7976
                  50                 780                   0             68.9986             1.13636             70.1349
                  50                 790                   0             69.0341             1.13636             70.1705
                  50                 800                   0             69.0341             1.13636             70.1705
                  50                 810                   0             69.0341             1.13636             70.1705
                  50                 820                   0             69.0341             1.13636             70.1705
                  50                 830                   0             69.1761             1.13636             70.3125
                  50                 840                   0             71.3246            0.568182             71.8928
                  50                 850                   0             72.1236            0.568182             72.6918
                  50                 860                   0             72.1946            0.568182             72.7628
                  50                 870                   0             72.2479            0.568182             72.8161
                  50                 880                   0             72.4077            0.568182             72.9759
                  50                 890                   0             72.5142            0.568182             73.0824
                  50                 900                   0             72.6207            0.568182             73.1889
                  50                 910                   0             73.0646            0.568182             73.6328
                  50                 920                   0             73.3132            0.568182             73.8814
                  50                 930                   0              73.331            0.568182             73.8991
                  50                 940                   0             73.5263            0.568182             74.0945
                  50                 950                   0             73.9347            0.568182             74.5028
                  50                 960                   0             74.3963            0.568182             74.9645
                  50                 970                   0             74.4141            0.568182             74.9822
                  50                 980                   0             75.6747            0.568182             76.2429
                  50                 990                   0             76.8111            0.568182             77.3793
                  50                1000                   0             76.9176            0.568182             77.4858
