                  65                   0                   0             34.8011             3.97727             38.7784
                  65                  10                   0              35.831             3.40909             39.2401
                  65                  20                   0             36.4702             2.27273             38.7429
                  65                  30                   0             36.9851             1.13636             38.1214
                  65                  40                   0             37.9084             1.13636             39.0447
                  65                  50                   0             38.6186             1.13636              39.755
                  65                  60                   0             39.3821             1.13636             40.5185
                  65                  70                   0             39.9325             1.13636             41.0689
                  65                  80                   0             40.4652             1.13636             41.6016
                  65                  90                   0             41.0689             1.13636             42.2053
                  65                 100                   0              42.223             1.13636             43.3594
                  65                 110                   0             42.8445             1.13636             43.9808
                  65                 120                   0             43.5369             1.13636             44.6733
                  65                 130                   0             43.8743             1.13636             45.0107
                  65                 140                   0             43.9631             1.13636             45.0994
                  65                 150                   0             44.0874             1.13636             45.2237
                  65                 160                   0             44.3359             1.13636             45.4723
                  65                 170                   0               44.62             1.13636             45.7564
                  65                 180                   0             44.7976             1.13636             45.9339
                  65                 190                   0             45.0462             1.13636             46.1825
                  65                 200                   0             45.3835             1.13636             46.5199
                  65                 210                   0             45.4545             1.13636             46.5909
                  65                 220                   0             45.6676             1.13636              46.804
                  65                 230                   0             45.7919             1.13636             46.9283
                  65                 240                   0             45.9162             1.13636             47.0526
                  65                 250                   0             46.0938             1.13636             47.2301
                  65                 260                   0             46.1648             1.13636             47.3011
                  65                 270                   0             46.5021             1.13636             47.6385
                  65                 280                   0             46.5199             1.13636             47.6562
                  65                 290                   0             46.6442             1.13636             47.7805
                  65                 300                   0              46.733             1.13636             47.8693
                  65                 310                   0             47.4964             1.13636             48.6328
                  65                 320                   0             48.1889             1.13636             49.3253
                  65                 330                   0              48.544             1.13636             49.6804
                  65                 340                   0             48.8459             1.13636             49.9822
                  65                 350                   0             49.3786             1.13636             50.5149
                  65                 360                   0             49.6626             1.13636              50.799
                  65                 370                   0             49.9822             1.13636             51.1186
                  65                 380                   0             50.6037             1.13636             51.7401
                  65                 390                   0             50.8168             1.13636             51.9531
                  65                 400                   0             51.3139             1.13636             52.4503
                  65                 410                   0             51.9709             1.13636             53.1072
                  65                 420                   0             52.3793             1.13636             53.5156
                  65                 430                   0             53.6399             1.13636             54.7763
                  65                 440                   0             54.6165             1.13636             55.7528
                  65                 450                   0             55.8771             1.13636             57.0135
                  65                 460                   0             56.4986             1.13636             57.6349
                  65                 470                   0             57.8303             1.13636             58.9666
                  65                 480                   0             58.7536             1.13636             59.8899
                  65                 490                   0             59.4638             1.13636             60.6001
                  65                 500                   0             59.6946             1.13636              60.831
                  65                 510                   0             61.6122             1.13636             62.7486
                  65                 520                   0             63.7074             1.13636             64.8438
                  65                 530                   0             64.4354             1.13636             65.5717
                  65                 540                   0             65.1634             1.13636             66.2997
                  65                 550                   0             65.9268             1.13636             67.0632
                  65                 560                   0             66.1044             1.13636             67.2408
                  65                 570                   0             66.6016             1.13636             67.7379
                  65                 580                   0             66.7259             1.13636             67.8622
                  65                 590                   0             66.8324             1.13636             67.9688
                  65                 600                   0             67.1697             1.13636             68.3061
                  65                 610                   0             68.0398            0.568182              68.608
                  65                 620                   0             69.1051            0.568182             69.6733
                  65                 630                   0             69.1406            0.568182             69.7088
                  65                 640                   0             69.9574            0.568182             70.5256
                  65                 650                   0             70.0994            0.568182             70.6676
                  65                 660                   0              70.206            0.568182             70.7741
                  65                 670                   0             70.5788            0.568182              71.147
                  65                 680                   0             70.6676            0.568182             71.2358
                  65                 690                   0             70.7386            0.568182             71.3068
                  65                 700                   0             70.8629            0.568182             71.4311
                  65                 710                   0             70.9517            0.568182             71.5199
                  65                 720                   0             71.3246            0.568182             71.8928
                  65                 730                   0             73.2422            0.568182             73.8104
                  65                 740                   0             74.3075            0.568182             74.8757
                  65                 750                   0              75.728            0.568182             76.2962
                  65                 760                   0             77.3793            0.568182             77.9474
                  65                 770                   0             77.6634            0.568182             78.2315
                  65                 780                   0             78.7642            0.568182             79.3324
                  65                 790                   0             79.8828            0.568182              80.451
                  65                 800                   0             80.1314            0.568182             80.6996
                  65                 810                   0               80.38            0.568182             80.9482
                  65                 820                   0             80.4688            0.568182             81.0369
                  65                 830                   0             81.4098            0.568182              81.978
                  65                 840                   0             81.7649            0.568182             82.3331
                  65                 850                   0             81.8359            0.568182             82.4041
                  65                 860                   0             82.3331            0.568182             82.9013
                  65                 870                   0             82.4219            0.568182             82.9901
                  65                 880                   0             82.8658            0.568182             83.4339
                  65                 890                   0             82.9901            0.568182             83.5582
                  65                 900                   0             83.3452            0.568182             83.9134
                  65                 910                   0             83.3452            0.568182             83.9134
                  65                 920                   0             83.4695            0.568182             84.0376
                  65                 930                   0             83.4695            0.568182             84.0376
                  65                 940                   0             83.8068            0.568182              84.375
                  65                 950                   0             83.9311            0.568182             84.4993
                  65                 960                   0             84.2507                   0             84.2507
                  65                 970                   0              84.446                   0              84.446
                  65                 980                   0              84.446                   0              84.446
                  65                 990                   0             85.5824                   0             85.5824
                  65                1000                   0             86.2393                   0             86.2393
