                 100                   0                   0             45.0994             1.13636             46.2358
                 100                  10                   0             44.9041             1.13636             46.0405
                 100                  20                   0             45.1527             1.13636             46.2891
                 100                  30                   0             45.1882             1.13636             46.3246
                 100                  40                   0             45.7919             1.13636             46.9283
                 100                  50                   0              46.005             1.13636             47.1413
                 100                  60                   0              46.218             1.13636             47.3544
                 100                  70                   0             46.5376             1.13636              47.674
                 100                  80                   0             46.8395             1.13636             47.9759
                 100                  90                   0             46.8928             1.13636             48.0291
                 100                 100                   0              46.946             1.13636             48.0824
                 100                 110                   0             47.1768             1.13636             48.3132
                 100                 120                   0             47.3544             1.13636             48.4908
                 100                 130                   0             48.1534             1.13636             49.2898
                 100                 140                   0             48.9879             1.13636             50.1243
                 100                 150                   0             50.1243             1.13636             51.2607
                 100                 160                   0             51.1719             1.13636             52.3082
                 100                 170                   0             51.8643             1.13636             53.0007
                 100                 180                   0             52.7876             1.13636              53.924
                 100                 190                   0             53.0362            0.568182             53.6044
                 100                 200                   0             53.3913            0.568182             53.9595
                 100                 210                   0              54.652            0.568182             55.2202
                 100                 220                   0              56.321            0.568182             56.8892
                 100                 230                   0             57.1023            0.568182             57.6705
                 100                 240                   0             58.1499            0.568182              58.718
                 100                 250                   0             60.2628            0.568182              60.831
                 100                 260                   0             62.2869            0.568182             62.8551
                 100                 270                   0             65.8913            0.568182             66.4595
                 100                 280                   0             68.9986            0.568182             69.5668
                 100                 290                   0             70.8629            0.568182             71.4311
                 100                 300                   0             71.7152            0.568182             72.2834
                 100                 310                   0             73.0824            0.568182             73.6506
                 100                 320                   0             73.7749            0.568182              74.343
                 100                 330                   0             74.3608            0.568182              74.929
                 100                 340                   0             75.1243            0.568182             75.6925
                 100                 350                   0             75.9055            0.568182             76.4737
                 100                 360                   0             76.7578            0.568182              77.326
                 100                 370                   0             77.5746            0.568182             78.1428
                 100                 380                   0             78.6754                   0             78.6754
                 100                 390                   0             79.3324                   0             79.3324
                 100                 400                   0             80.2379                   0             80.2379
                 100                 410                   0             81.1612                   0             81.1612
                 100                 420                   0             82.2976                   0             82.2976
                 100                 430                   0             82.5284                   0             82.5284
                 100                 440                   0             83.1143                   0             83.1143
                 100                 450                   0             83.2741                   0             83.2741
                 100                 460                   0             83.4872                   0             83.4872
                 100                 470                   0             83.8778                   0             83.8778
                 100                 480                   0             84.2685                   0             84.2685
                 100                 490                   0             84.6236                   0             84.6236
                 100                 500                   0             84.9787                   0             84.9787
                 100                 510                   0             85.2805                   0             85.2805
                 100                 520                   0             85.6001                   0             85.6001
                 100                 530                   0             85.7067                   0             85.7067
                 100                 540                   0             85.7955                   0             85.7955
                 100                 550                   0             86.3459                   0             86.3459
                 100                 560                   0             86.4879                   0             86.4879
                 100                 570                   0             86.9318                   0             86.9318
                 100                 580                   0             87.3047                   0             87.3047
                 100                 590                   0             87.7486                   0             87.7486
                 100                 600                   0             87.8196                   0             87.8196
                 100                 610                   0             88.1392                   0             88.1392
                 100                 620                   0             88.7251                   0             88.7251
                 100                 630                   0             88.7784                   0             88.7784
                 100                 640                   0             88.9027                   0             88.9027
                 100                 650                   0             89.0447                   0             89.0447
                 100                 660                   0             89.1513                   0             89.1513
                 100                 670                   0             89.5774                   0             89.5774
                 100                 680                   0             89.6662                   0             89.6662
                 100                 690                   0             89.7372                   0             89.7372
                 100                 700                   0              89.897                   0              89.897
                 100                 710                   0             90.1456                   0             90.1456
                 100                 720                   0              90.554                   0              90.554
                 100                 730                   0             90.6783                   0             90.6783
                 100                 740                   0             91.1399                   0             91.1399
                 100                 750                   0             91.1399                   0             91.1399
                 100                 760                   0              91.495                   0              91.495
                 100                 770                   0             91.5483                   0             91.5483
                 100                 780                   0             91.5661                   0             91.5661
                 100                 790                   0             91.5838                   0             91.5838
                 100                 800                   0             91.6193                   0             91.6193
                 100                 810                   0             93.1818                   0             93.1818
                 100                 820                   0             93.3771                   0             93.3771
                 100                 830                   0             93.3771                   0             93.3771
                 100                 840                   0             93.8033                   0             93.8033
                 100                 850                   0             93.8033                   0             93.8033
                 100                 860                   0             93.8743                   0             93.8743
                 100                 870                   0             93.9453                   0             93.9453
                 100                 880                   0             93.9453                   0             93.9453
                 100                 890                   0             94.3892                   0             94.3892
                 100                 900                   0              94.407                   0              94.407
                 100                 910                   0              94.407                   0              94.407
                 100                 920                   0             94.5135                   0             94.5135
                 100                 930                   0             94.5668                   0             94.5668
                 100                 940                   0             94.5668                   0             94.5668
                 100                 950                   0             94.5668                   0             94.5668
                 100                 960                   0             94.5668                   0             94.5668
                 100                 970                   0             94.5668                   0             94.5668
                 100                 980                   0             94.5668                   0             94.5668
                 100                 990                   0             94.9396                   0             94.9396
                 100                1000                   0             94.9396                   0             94.9396
