                  85                   0                   0             41.5305             1.13636             42.6669
                  85                  10                   0              42.152             1.13636             43.2884
                  85                  20                   0             43.0575             1.13636             44.1939
                  85                  30                   0             43.9276             1.13636             45.0639
                  85                  40                   0             44.1939             1.13636             45.3303
                  85                  50                   0             44.3537             1.13636             45.4901
                  85                  60                   0              44.407             1.13636             45.5433
                  85                  70                   0             44.9041             1.13636             46.0405
                  85                  80                   0             45.0817             1.13636              46.218
                  85                  90                   0             45.1705             1.13636             46.3068
                  85                 100                   0             45.3658             1.13636             46.5021
                  85                 110                   0             45.5433             1.13636             46.6797
                  85                 120                   0             45.6321             1.13636             46.7685
                  85                 130                   0             45.7741             1.13636             46.9105
                  85                 140                   0             46.1825             1.13636             47.3189
                  85                 150                   0              46.218             1.13636             47.3544
                  85                 160                   0             46.2713             1.13636             47.4077
                  85                 170                   0             46.5021             1.13636             47.6385
                  85                 180                   0             46.6264             1.13636             47.7628
                  85                 190                   0             46.7862             1.13636             47.9226
                  85                 200                   0             47.1591             1.13636             48.2955
                  85                 210                   0              47.603             1.13636             48.7393
                  85                 220                   0             47.7095             1.13636             48.8459
                  85                 230                   0             48.0646             1.13636              49.201
                  85                 240                   0              48.473             1.13636             49.6094
                  85                 250                   0             49.0412             1.13636             50.1776
                  85                 260                   0             49.7337             1.13636               50.87
                  85                 270                   0             49.9467             1.13636             51.0831
                  85                 280                   0             50.6214             1.13636             51.7578
                  85                 290                   0             51.2251             1.13636             52.3615
                  85                 300                   0             52.2195             1.13636             53.3558
                  85                 310                   0             53.3026            0.568182             53.8707
                  85                 320                   0             54.5277            0.568182             55.0959
                  85                 330                   0             56.3388            0.568182              56.907
                  85                 340                   0             57.0845            0.568182             57.6527
                  85                 350                   0             58.0788            0.568182              58.647
                  85                 360                   0             60.2983            0.568182             60.8665
                  85                 370                   0             61.2393            0.568182             61.8075
                  85                 380                   0               61.63            0.568182             62.1982
                  85                 390                   0             63.1214            0.568182             63.6896
                  85                 400                   0             64.2578            0.568182              64.826
                  85                 410                   0             67.1342            0.568182             67.7024
                  85                 420                   0              68.892            0.568182             69.4602
                  85                 430                   0             70.7031            0.568182             71.2713
                  85                 440                   0             71.5732            0.568182             72.1413
                  85                 450                   0              73.544            0.568182             74.1122
                  85                 460                   0             74.3253            0.568182             74.8935
                  85                 470                   0             74.5916            0.568182             75.1598
                  85                 480                   0             75.2841            0.568182             75.8523
                  85                 490                   0             76.7223            0.568182             77.2905
                  85                 500                   0             76.9709            0.568182             77.5391
                  85                 510                   0             77.3438            0.568182             77.9119
                  85                 520                   0             78.5689            0.568182             79.1371
                  85                 530                   0             79.1548            0.568182              79.723
                  85                 540                   0             80.2912            0.568182             80.8594
                  85                 550                   0             80.7351            0.568182             81.3033
                  85                 560                   0             80.8949            0.568182             81.4631
                  85                 570                   0               81.25            0.568182             81.8182
                  85                 580                   0             81.5341            0.568182             82.1023
                  85                 590                   0             81.5696            0.568182             82.1378
                  85                 600                   0             82.4574            0.568182             83.0256
                  85                 610                   0             82.8658            0.568182             83.4339
                  85                 620                   0             83.0966            0.568182             83.6648
                  85                 630                   0             83.4162                   0             83.4162
                  85                 640                   0             83.8956                   0             83.8956
                  85                 650                   0             84.1619                   0             84.1619
                  85                 660                   0             84.5526                   0             84.5526
                  85                 670                   0             84.7479                   0             84.7479
                  85                 680                   0             85.6357                   0             85.6357
                  85                 690                   0             85.7244                   0             85.7244
                  85                 700                   0             85.7422                   0             85.7422
                  85                 710                   0             86.0795                   0             86.0795
                  85                 720                   0             86.2393                   0             86.2393
                  85                 730                   0             87.3935                   0             87.3935
                  85                 740                   0             88.4411                   0             88.4411
                  85                 750                   0             88.4411                   0             88.4411
                  85                 760                   0             88.6009                   0             88.6009
                  85                 770                   0             88.8672                   0             88.8672
                  85                 780                   0             90.0213                   0             90.0213
                  85                 790                   0             90.8558                   0             90.8558
                  85                 800                   0             90.8913                   0             90.8913
                  85                 810                   0             90.9091                   0             90.9091
                  85                 820                   0             90.9446                   0             90.9446
                  85                 830                   0             91.0511                   0             91.0511
                  85                 840                   0             91.1044                   0             91.1044
                  85                 850                   0             91.1044                   0             91.1044
                  85                 860                   0             91.1754                   0             91.1754
                  85                 870                   0             91.2464                   0             91.2464
                  85                 880                   0             91.2642                   0             91.2642
                  85                 890                   0             91.5305                   0             91.5305
                  85                 900                   0             91.7791                   0             91.7791
                  85                 910                   0             92.0099                   0             92.0099
                  85                 920                   0             92.0277                   0             92.0277
                  85                 930                   0             93.5724                   0             93.5724
                  85                 940                   0             93.6257                   0             93.6257
                  85                 950                   0             93.6257                   0             93.6257
                  85                 960                   0             93.6257                   0             93.6257
                  85                 970                   0             93.6257                   0             93.6257
                  85                 980                   0             93.6257                   0             93.6257
                  85                 990                   0             94.1229                   0             94.1229
                  85                1000                   0             94.1229                   0             94.1229
