                  10                   0                   0             8.25639             20.4545             28.7109
                  10                  10                   0             8.50497             20.4545             28.9595
                  10                  20                   0              8.7358             20.4545             29.1903
                  10                  30                   0              8.8956             20.4545             29.3501
                  10                  40                   0             9.25071             20.4545             29.7053
                  10                  50                   0             9.55256             19.8864             29.4389
                  10                  60                   0             9.81889             19.3182             29.1371
                  10                  70                   0             9.92543             19.3182             29.2436
                  10                  80                   0              10.103             19.3182             29.4212
                  10                  90                   0             10.3161               18.75             29.0661
                  10                 100                   0             10.4936             17.6136             28.1072
                  10                 110                   0             10.7777             17.0455             27.8232
                  10                 120                   0             11.1328             16.4773             27.6101
                  10                 130                   0             11.4702             15.9091             27.3793
                  10                 140                   0             11.6122             15.9091             27.5213
                  10                 150                   0              11.843             15.9091             27.7521
                  10                 160                   0             12.3402             15.3409             27.6811
                  10                 170                   0             12.5178             15.3409             27.8587
                  10                 180                   0             12.7486             15.3409             28.0895
                  10                 190                   0             12.7308             15.3409             28.0717
                  10                 200                   0             12.8374             15.3409             28.1783
                  10                 210                   0             13.2457             15.3409             28.5866
                  10                 220                   0             13.6009             13.0682              26.669
                  10                 230                   0             13.8672             13.0682             26.9354
                  10                 240                   0             14.1868             13.0682              27.255
                  10                 250                   0             14.4709                12.5             26.9709
                  10                 260                   0             14.6129                12.5             27.1129
                  10                 270                   0             14.9148                12.5             27.4148
                  10                 280                   0              15.554                12.5              28.054
                  10                 290                   0             15.8203             11.9318             27.7521
                  10                 300                   0             15.9979             11.9318             27.9297
                  10                 310                   0             16.2642             11.9318              28.196
                  10                 320                   0             16.7259             11.9318             28.6577
                  10                 330                   0             16.9034             11.9318             28.8352
                  10                 340                   0             17.9332             11.3636             29.2969
                  10                 350                   0             18.1641             11.3636             29.5277
                  10                 360                   0             18.7322             10.7955             29.5277
                  10                 370                   0             19.3359             10.7955             30.1314
                  10                 380                   0             20.5078             10.2273             30.7351
                  10                 390                   0             20.9695             10.2273             31.1967
                  10                 400                   0             21.6087             10.2273             31.8359
                  10                 410                   0             22.0526             9.65909             31.7116
                  10                 420                   0             22.2834             9.65909             31.9425
                  10                 430                   0             22.4964             9.65909             32.1555
                  10                 440                   0             22.8693             9.65909             32.5284
                  10                 450                   0             23.2067             9.65909             32.8658
                  10                 460                   0             23.6861             9.65909             33.3452
                  10                 470                   0             24.4496             9.65909             34.1087
                  10                 480                   0             25.2131             9.65909             34.8722
                  10                 490                   0             25.4261             9.65909             35.0852
                  10                 500                   0             25.9943             9.65909             35.6534
                  10                 510                   0             26.2962             9.65909             35.9553
                  10                 520                   0              27.255             9.65909             36.9141
                  10                 530                   0              28.125             9.65909             37.7841
                  10                 540                   0             29.2259             5.68182             34.9077
                  10                 550                   0             30.6641             3.40909             34.0732
                  10                 560                   0              31.108             2.27273             33.3807
                  10                 570                   0             31.4276             2.27273             33.7003
                  10                 580                   0             32.1023             1.70455             33.8068
                  10                 590                   0              32.777             1.70455             34.4815
                  10                 600                   0             33.5582             1.13636             34.6946
                  10                 610                   0             33.7536             1.13636             34.8899
                  10                 620                   0             34.7656             1.13636              35.902
                  10                 630                   0             34.9787             1.13636             36.1151
                  10                 640                   0              35.032             1.13636             36.1683
                  10                 650                   0             35.1562             1.13636             36.2926
                  10                 660                   0             35.2273             1.13636             36.3636
                  10                 670                   0             35.3338             1.13636             36.4702
                  10                 680                   0             35.6534             1.13636             36.7898
                  10                 690                   0             36.7543             1.13636             37.8906
                  10                 700                   0             37.2159             1.13636             38.3523
                  10                 710                   0             37.8196             1.13636              38.956
                  10                 720                   0             38.8317             1.13636              39.968
                  10                 730                   0             39.2045             1.13636             40.3409
                  10                 740                   0             40.1101             1.13636             41.2464
                  10                 750                   0             40.3764             1.13636             41.5128
                  10                 760                   0             40.4652             1.13636             41.6016
                  10                 770                   0             40.5362             1.13636             41.6726
                  10                 780                   0             40.8558             1.13636             41.9922
                  10                 790                   0             42.0632             1.13636             43.1996
                  10                 800                   0             42.5071             1.13636             43.6435
                  10                 810                   0             43.5902             1.13636             44.7266
                  10                 820                   0              43.821             1.13636             44.9574
                  10                 830                   0             45.1882             1.13636             46.3246
                  10                 840                   0             45.4723             1.13636             46.6087
                  10                 850                   0             45.8629             1.13636             46.9993
                  10                 860                   0              47.532             1.13636             48.6683
                  10                 870                   0             48.6861             1.13636             49.8224
                  10                 880                   0             48.9169             1.13636             50.0533
                  10                 890                   0              49.272             1.13636             50.4084
                  10                 900                   0             49.5561             1.13636             50.6925
                  10                 910                   0             49.7514             1.13636             50.8878
                  10                 920                   0              50.142             1.13636             51.2784
                  10                 930                   0             50.1598             1.13636             51.2962
                  10                 940                   0             50.5327             1.13636              51.669
                  10                 950                   0             51.7401             1.13636             52.8764
                  10                 960                   0             52.5746             1.13636             53.7109
                  10                 970                   0             53.3913             1.13636             54.5277
                  10                 980                   0             54.4034             1.13636             55.5398
                  10                 990                   0             54.9183             1.13636             56.0547
                  10                1000                   0             55.0781             1.13636             56.2145
