                  20                   0                   0             14.5597             13.6364              28.196
                  20                  10                   0              14.968             13.0682             28.0362
                  20                  20                   0             15.1634                12.5             27.6634
                  20                  30                   0             15.5007                12.5             28.0007
                  20                  40                   0              15.696                12.5              28.196
                  20                  50                   0             15.8913                12.5             28.3913
                  20                  60                   0             16.0511                12.5             28.5511
                  20                  70                   0             16.3352                12.5             28.8352
                  20                  80                   0             16.7436                12.5             29.2436
                  20                  90                   0             17.0277                12.5             29.5277
                  20                 100                   0             17.3473                12.5             29.8473
                  20                 110                   0             17.6491                12.5             30.1491
                  20                 120                   0             17.8622                12.5             30.3622
                  20                 130                   0             18.1108                12.5             30.6108
                  20                 140                   0              18.608             11.9318             30.5398
                  20                 150                   0             19.1051             11.9318             31.0369
                  20                 160                   0             19.2294             11.9318             31.1612
                  20                 170                   0             19.4957             11.9318             31.4276
                  20                 180                   0             20.0284             11.3636              31.392
                  20                 190                   0             20.4545             11.3636             31.8182
                  20                 200                   0             21.1293             11.3636             32.4929
                  20                 210                   0             21.5732             11.3636             32.9368
                  20                 220                   0              21.733             11.3636             33.0966
                  20                 230                   0             22.1413             11.3636              33.505
                  20                 240                   0             22.9936             11.3636             34.3572
                  20                 250                   0              23.331             10.7955             34.1264
                  20                 260                   0             23.9524             10.7955             34.7479
                  20                 270                   0             24.5916             10.2273             34.8189
                  20                 280                   0             25.2131             10.2273             35.4403
                  20                 290                   0             25.4084             10.2273             35.6357
                  20                 300                   0             26.0121             5.68182             31.6939
                  20                 310                   0             26.7933             5.68182             32.4751
                  20                 320                   0             27.1662             5.11364             32.2798
                  20                 330                   0              27.468             5.11364             32.5817
                  20                 340                   0             28.5334             3.97727             32.5107
                  20                 350                   0             29.1193             3.97727             33.0966
                  20                 360                   0             29.3857             3.97727             33.3629
                  20                 370                   0             30.0426             2.84091             32.8835
                  20                 380                   0             30.5043             2.84091             33.3452
                  20                 390                   0             31.4098             2.27273             33.6825
                  20                 400                   0             32.1555             1.13636             33.2919
                  20                 410                   0             33.4339             1.13636             34.5703
                  20                 420                   0             34.0909             1.13636             35.2273
                  20                 430                   0             34.9432             1.13636             36.0795
                  20                 440                   0              35.174             1.13636             36.3104
                  20                 450                   0             35.4403             1.13636             36.5767
                  20                 460                   0             35.5114             1.13636             36.6477
                  20                 470                   0             36.3636             1.13636                37.5
                  20                 480                   0             37.3402             1.13636             38.4766
                  20                 490                   0             37.6953             1.13636             38.8317
                  20                 500                   0              38.299             1.13636             39.4354
                  20                 510                   0              39.169             1.13636             40.3054
                  20                 520                   0             39.4176             1.13636              40.554
                  20                 530                   0             39.9148             1.13636             41.0511
                  20                 540                   0             40.3232             1.13636             41.4595
                  20                 550                   0             40.4652             1.13636             41.6016
                  20                 560                   0              40.696             1.13636             41.8324
                  20                 570                   0             40.8736             1.13636             42.0099
                  20                 580                   0             40.9801             1.13636             42.1165
                  20                 590                   0             41.1044             1.13636             42.2408
                  20                 600                   0              41.424             1.13636             42.5604
                  20                 610                   0             41.6016             1.13636             42.7379
                  20                 620                   0             42.5426             1.13636              43.679
                  20                 630                   0             43.2173             1.13636             44.3537
                  20                 640                   0             43.6612             1.13636             44.7976
                  20                 650                   0             44.3359             1.13636             45.4723
                  20                 660                   0             44.8509             1.13636             45.9872
                  20                 670                   0             46.6442             1.13636             47.7805
                  20                 680                   0             46.8928             1.13636             48.0291
                  20                 690                   0             47.4432             1.13636             48.5795
                  20                 700                   0             47.5675             1.13636             48.7038
                  20                 710                   0             48.1179             1.13636             49.2543
                  20                 720                   0             48.6861             1.13636             49.8224
                  20                 730                   0             50.2486             1.13636             51.3849
                  20                 740                   0             50.4261             1.13636             51.5625
                  20                 750                   0              51.456             1.13636             52.5923
                  20                 760                   0             51.9531             1.13636             53.0895
                  20                 770                   0             52.1307             1.13636              53.267
                  20                 780                   0             52.7166             1.13636              53.853
                  20                 790                   0             52.8764             1.13636             54.0128
                  20                 800                   0             53.6222             1.13636             54.7585
                  20                 810                   0             54.2081             1.13636             55.3445
                  20                 820                   0             54.7585             1.13636             55.8949
                  20                 830                   0             54.9538             1.13636             56.0902
                  20                 840                   0             55.6108             1.13636             56.7472
                  20                 850                   0             55.7706             1.13636              56.907
                  20                 860                   0              56.392             1.13636             57.5284
                  20                 870                   0             56.8892             1.13636             58.0256
                  20                 880                   0             57.1733             1.13636             58.3097
                  20                 890                   0             57.4041             1.13636             58.5405
                  20                 900                   0             57.6705             1.13636             58.8068
                  20                 910                   0             58.9844             1.13636             60.1207
                  20                 920                   0             59.5881             1.13636             60.7244
                  20                 930                   0             59.7124             1.13636             60.8487
                  20                 940                   0             59.8544             1.13636             60.9908
                  20                 950                   0             60.9553             1.13636             62.0916
                  20                 960                   0             61.3814             1.13636             62.5178
                  20                 970                   0             61.4169             1.13636             62.5533
                  20                 980                   0             61.4702             1.13636             62.6065
                  20                 990                   0             61.6122             1.13636             62.7486
                  20                1000                   0             63.6364             1.13636             64.7727
