                  35                   0                   0              22.532             11.3636             33.8956
                  35                  10                   0             23.0646             10.7955             33.8601
                  35                  20                   0             23.5618             9.65909             33.2209
                  35                  30                   0             23.8814             9.09091             32.9723
                  35                  40                   0             24.1655             8.52273             32.6882
                  35                  50                   0             24.6626             7.95455             32.6172
                  35                  60                   0             24.9822             7.95455             32.9368
                  35                  70                   0             25.3374             7.95455             33.2919
                  35                  80                   0             25.9588             7.95455             33.9134
                  35                  90                   0             26.4915             7.95455              34.446
                  35                 100                   0             27.0774             6.81818             33.8956
                  35                 110                   0             27.8232             6.81818             34.6413
                  35                 120                   0             28.5866                6.25             34.8366
                  35                 130                   0             29.2436             5.68182             34.9254
                  35                 140                   0             29.9716             5.11364             35.0852
                  35                 150                   0             30.7528             3.97727             34.7301
                  35                 160                   0             31.4098             1.70455             33.1143
                  35                 170                   0             32.2621             1.13636             33.3984
                  35                 180                   0             32.8125             1.13636             33.9489
                  35                 190                   0             33.2386             1.13636              34.375
                  35                 200                   0              33.718             1.13636             34.8544
                  35                 210                   0             33.9844             1.13636             35.1207
                  35                 220                   0              34.375             1.13636             35.5114
                  35                 230                   0             34.9077             1.13636              36.044
                  35                 240                   0             35.2095             1.13636             36.3459
                  35                 250                   0             36.0263             1.13636             37.1626
                  35                 260                   0             36.5412             1.13636             37.6776
                  35                 270                   0             37.0384             1.13636             38.1747
                  35                 280                   0             37.4822             1.13636             38.6186
                  35                 290                   0             37.9616             1.13636              39.098
                  35                 300                   0             38.4233             1.13636             39.5597
                  35                 310                   0             38.8139             1.13636             39.9503
                  35                 320                   0              39.098             1.13636             40.2344
                  35                 330                   0             39.7905             1.13636             40.9268
                  35                 340                   0             40.3587             1.13636              41.495
                  35                 350                   0              40.625             1.13636             41.7614
                  35                 360                   0             40.9979             1.13636             42.1342
                  35                 370                   0              41.282             1.13636             42.4183
                  35                 380                   0             41.5128             1.13636             42.6491
                  35                 390                   0             42.3118             1.13636             43.4482
                  35                 400                   0             42.6491             1.13636             43.7855
                  35                 410                   0             43.3061             1.13636             44.4425
                  35                 420                   0             43.4659             1.13636             44.6023
                  35                 430                   0             44.2649             1.13636             45.4013
                  35                 440                   0             44.5135             1.13636             45.6499
                  35                 450                   0             45.2592             1.13636             46.3956
                  35                 460                   0             45.4368             1.13636             46.5732
                  35                 470                   0             45.8984             1.13636             47.0348
                  35                 480                   0             45.9162             1.13636             47.0526
                  35                 490                   0             46.2358             1.13636             47.3722
                  35                 500                   0             46.3601             1.13636             47.4964
                  35                 510                   0             46.5376             1.13636              47.674
                  35                 520                   0             46.7152             1.13636             47.8516
                  35                 530                   0             47.2479             1.13636             48.3842
                  35                 540                   0             47.5497             1.13636             48.6861
                  35                 550                   0              48.473             1.13636             49.6094
                  35                 560                   0             49.2365             1.13636             50.3729
                  35                 570                   0             49.8935             1.13636             51.0298
                  35                 580                   0             50.6747             1.13636             51.8111
                  35                 590                   0              51.527             1.13636             52.6634
                  35                 600                   0             52.4858             1.13636             53.6222
                  35                 610                   0             53.0007             1.13636             54.1371
                  35                 620                   0             53.8175             1.13636             54.9538
                  35                 630                   0             53.9595             1.13636             55.0959
                  35                 640                   0             55.1314             1.13636             56.2678
                  35                 650                   0              55.522             1.13636             56.6584
                  35                 660                   0             56.4453             1.13636             57.5817
                  35                 670                   0             57.1555             1.13636             58.2919
                  35                 680                   0             57.5639             1.13636             58.7003
                  35                 690                   0             58.9311             1.13636             60.0675
                  35                 700                   0             59.8544             1.13636             60.9908
                  35                 710                   0             60.6534             1.13636             61.7898
                  35                 720                   0             61.0263             1.13636             62.1626
                  35                 730                   0             61.1506             1.13636             62.2869
                  35                 740                   0             62.4822             1.13636             63.6186
                  35                 750                   0             62.8374             1.13636             63.9737
                  35                 760                   0              64.027             1.13636             65.1634
                  35                 770                   0             64.3466             1.13636              65.483
                  35                 780                   0             64.6662             1.13636             65.8026
                  35                 790                   0              64.826             1.13636             65.9624
                  35                 800                   0             65.3054             1.13636             66.4418
                  35                 810                   0             65.5007             1.13636             66.6371
                  35                 820                   0             65.8026             1.13636             66.9389
                  35                 830                   0             66.4062             1.13636             67.5426
                  35                 840                   0             66.4595             1.13636             67.5959
                  35                 850                   0             66.5661             1.13636             67.7024
                  35                 860                   0             66.5661             1.13636             67.7024
                  35                 870                   0             66.6726             1.13636             67.8089
                  35                 880                   0             66.7436             1.13636               67.88
                  35                 890                   0             68.1108             1.13636             69.2472
                  35                 900                   0             68.2884             1.13636             69.4247
                  35                 910                   0             68.5547             1.13636             69.6911
                  35                 920                   0             69.0518             1.13636             70.1882
                  35                 930                   0             69.1229             1.13636             70.2592
                  35                 940                   0             69.6023             1.13636             70.7386
                  35                 950                   0             69.7798             1.13636             70.9162
                  35                 960                   0             69.8153             1.13636             70.9517
                  35                 970                   0             70.2237             1.13636             71.3601
                  35                 980                   0             70.2237             1.13636             71.3601
                  35                 990                   0             70.2592             1.13636             71.3956
                  35                1000                   0             70.4545             1.13636             71.5909
