                  65                   0                   0             1.74006             46.0227             47.7628
                  65                  10                   0             2.21946             40.9091             43.1286
                  65                  20                   0             2.43253             42.0455              44.478
                  65                  30                   0             2.91193             39.2045             42.1165
                  65                  40                   0             3.42685             35.2273             38.6541
                  65                  50                   0             3.65767                37.5             41.1577
                  65                  60                   0             4.29688             34.6591              38.956
                  65                  70                   0             4.45668             34.6591             39.1158
                  65                  80                   0             4.70526             35.7955             40.5007
                  65                  90                   0             5.30895               31.25             36.5589
                  65                 100                   0             6.19673               31.25             37.4467
                  65                 110                   0             6.37429             32.3864             38.7607
                  65                 120                   0              6.7294             28.9773             35.7067
                  65                 130                   0             7.08452             29.5455               36.63
                  65                 140                   0             7.45739             27.2727             34.7301
                  65                 150                   0             7.84801             25.5682             33.4162
                  65                 160                   0             9.55256             28.4091             37.9616
                  65                 170                   0             9.97869             26.7045             36.6832
                  65                 180                   0             10.3516             24.4318             34.7834
                  65                 190                   0             10.7422             24.4318              35.174
                  65                 200                   0             11.2571             24.4318             35.6889
                  65                 210                   0              11.772             23.8636             35.6357
                  65                 220                   0             12.1804             23.8636              36.044
                  65                 230                   0             13.3168             22.7273              36.044
                  65                 240                   0             15.6605             19.3182             34.9787
                  65                 250                   0             16.1932             21.5909             37.7841
                  65                 260                   0             16.0511             20.4545             36.5057
                  65                 270                   0             16.5483             20.4545             37.0028
                  65                 280                   0             17.1165             20.4545              37.571
                  65                 290                   0             17.1875             22.1591             39.3466
                  65                 300                   0             17.9332             21.5909             39.5241
                  65                 310                   0             18.4482             20.4545             38.9027
                  65                 320                   0             20.6321             19.3182             39.9503
                  65                 330                   0             21.1115             19.3182             40.4297
                  65                 340                   0             21.7862             19.3182             41.1044
                  65                 350                   0             23.2067             19.3182             42.5249
                  65                 360                   0             24.1122               18.75             42.8622
                  65                 370                   0             25.4616               18.75             44.2116
                  65                 380                   0             27.0597               18.75             45.8097
                  65                 390                   0             27.5923               18.75             46.3423
                  65                 400                   0             28.5334             14.2045             42.7379
                  65                 410                   0             29.3857             14.2045             43.5902
                  65                 420                   0             30.4332                12.5             42.9332
                  65                 430                   0             32.1733                12.5             44.6733
                  65                 440                   0             35.7422             11.9318              47.674
                  65                 450                   0             37.9084             11.9318             49.8402
                  65                 460                   0             38.7251             10.7955             49.5206
                  65                 470                   0             40.0036             10.7955              50.799
                  65                 480                   0             40.4119             10.7955             51.2074
                  65                 490                   0             42.2585             7.95455             50.2131
                  65                 500                   0             46.5199             10.2273             56.7472
                  65                 510                   0             48.6151             10.2273             58.8423
                  65                 520                   0             49.2188             10.2273              59.446
                  65                 530                   0              51.527             9.09091             60.6179
                  65                 540                   0             52.3438             9.09091             61.4347
                  65                 550                   0             53.1428             8.52273             61.6655
                  65                 560                   0             54.2614             8.52273             62.7841
                  65                 570                   0             55.1847             8.52273             63.7074
                  65                 580                   0             55.9659             8.52273             64.4886
                  65                 590                   0             56.5341             7.95455             64.4886
                  65                 600                   0             56.8182             7.95455             64.7727
                  65                 610                   0             57.0135             7.95455              64.968
                  65                 620                   0             57.1023             7.95455             65.0568
                  65                 630                   0             57.8835             7.38636             65.2699
                  65                 640                   0             58.3984             7.38636             65.7848
                  65                 650                   0              60.973             6.81818             67.7912
                  65                 660                   0             61.4879             6.81818             68.3061
                  65                 670                   0             61.9141             6.81818             68.7322
                  65                 680                   0             63.4766             6.81818             70.2947
                  65                 690                   0             65.1989             2.27273             67.4716
                  65                 700                   0             67.0987             2.27273             69.3714
                  65                 710                   0             67.2763             2.27273              69.549
                  65                 720                   0             66.6193             2.27273              68.892
                  65                 730                   0             66.9212             2.27273             69.1939
                  65                 740                   0             67.1875             2.27273             69.4602
                  65                 750                   0             69.2294             2.27273             71.5021
                  65                 760                   0             70.6143             2.27273             72.8871
                  65                 770                   0             73.2067             2.27273             75.4794
                  65                 780                   0              74.272             2.27273             76.5447
                  65                 790                   0             74.3253             2.27273              76.598
                  65                 800                   0             75.6392             2.27273             77.9119
                  65                 810                   0             76.5803             2.27273              78.853
                  65                 820                   0             76.6868             2.27273             78.9595
                  65                 830                   0             75.3374             2.27273             77.6101
                  65                 840                   0             77.6811             2.27273             79.9538
                  65                 850                   0             79.4567             2.27273             81.7294
                  65                 860                   0             79.5455             2.27273             81.8182
                  65                 870                   0              79.652             2.27273             81.9247
                  65                 880                   0             80.6818             2.27273             82.9545
                  65                 890                   0             81.7827             2.27273             84.0554
                  65                 900                   0             81.8537             2.27273             84.1264
                  65                 910                   0             81.9425             2.27273             84.2152
                  65                 920                   0             82.1555             2.27273             84.4283
                  65                 930                   0             82.4929             2.27273             84.7656
                  65                 940                   0             82.5107             2.27273             84.7834
                  65                 950                   0             82.5994             2.27273             84.8722
                  65                 960                   0             82.6527             2.27273             84.9254
                  65                 970                   0             82.6882             2.27273             84.9609
                  65                 980                   0             82.6882             2.27273             84.9609
                  65                 990                   0              82.706             2.27273             84.9787
                  65                1000                   0             83.7358             2.27273             86.0085
