                  40                   0                   0            0.355114             67.0455             67.4006
                  40                  10                   0            0.372869             65.3409             65.7138
                  40                  20                   0            0.443892             60.7955             61.2393
                  40                  30                   0            0.408381             57.9545             58.3629
                  40                  40                   0             0.53267             55.1136             55.6463
                  40                  50                   0             0.53267             53.9773             54.5099
                  40                  60                   0            0.674716             51.7045             52.3793
                  40                  70                   0            0.923295             47.1591             48.0824
                  40                  80                   0              1.2429             44.3182             45.5611
                  40                  90                   0             1.61577             42.6136             44.2294
                  40                 100                   0             1.68679             42.0455             43.7322
                  40                 110                   0             1.81108             36.3636             38.1747
                  40                 120                   0             2.13068                37.5             39.6307
                  40                 130                   0              2.2017             32.3864             34.5881
                  40                 140                   0             2.52131             28.4091             30.9304
                  40                 150                   0             2.55682                  25             27.5568
                  40                 160                   0             2.75213                  25             27.7521
                  40                 170                   0             3.24929             24.4318             27.6811
                  40                 180                   0             3.62216             23.2955             26.9176
                  40                 190                   0             4.22585             22.7273             26.9531
                  40                 200                   0             4.86506             26.7045             31.5696
                  40                 210                   0             5.91264             23.8636             29.7763
                  40                 220                   0             5.39773             28.4091             33.8068
                  40                 230                   0             5.69957             26.1364             31.8359
                  40                 240                   0             7.75923             22.1591             29.9183
                  40                 250                   0             8.57599             22.1591             30.7351
                  40                 260                   0             9.42827             21.5909             31.0192
                  40                 270                   0             8.66477             22.7273              31.392
                  40                 280                   0             9.26847             22.1591             31.4276
                  40                 290                   0             9.80114             21.5909              31.392
                  40                 300                   0              10.174             21.0227             31.1967
                  40                 310                   0             10.4048             23.2955             33.7003
                  40                 320                   0             10.8842             23.2955             34.1797
                  40                 330                   0             12.1982             21.5909             33.7891
                  40                 340                   0              11.843             22.1591             34.0021
                  40                 350                   0             12.4467             22.1591             34.6058
                  40                 360                   0             13.6719             22.1591              35.831
                  40                 370                   0             13.9382             21.5909             35.5291
                  40                 380                   0             14.1158             20.4545             34.5703
                  40                 390                   0             14.7372             19.3182             34.0554
                  40                 400                   0             14.6484             19.3182             33.9666
                  40                 410                   0             15.4297             19.3182             34.7479
                  40                 420                   0             16.7081             19.3182             36.0263
                  40                 430                   0             17.1697               18.75             35.9197
                  40                 440                   0             17.4716             18.1818             35.6534
                  40                 450                   0             17.8622             17.6136             35.4759
                  40                 460                   0             19.2116             17.0455             36.2571
                  40                 470                   0             20.0817             13.6364              33.718
                  40                 480                   0             20.4545             13.6364             34.0909
                  40                 490                   0             21.6442             14.7727             36.4169
                  40                 500                   0             22.3544             14.7727             37.1271
                  40                 510                   0             22.7983             14.2045             37.0028
                  40                 520                   0             23.0469             11.9318             34.9787
                  40                 530                   0             25.8878             13.6364             39.5241
                  40                 540                   0             26.7401             11.9318             38.6719
                  40                 550                   0             29.3679             11.9318             41.2997
                  40                 560                   0             30.8239             15.9091              46.733
                  40                 570                   0              34.233             15.3409             49.5739
                  40                 580                   0             34.1619             13.0682             47.2301
                  40                 590                   0             35.5824             13.0682             48.6506
                  40                 600                   0             35.8487             13.0682             48.9169
                  40                 610                   0             36.2038             13.0682              49.272
                  40                 620                   0             36.9141             13.0682             49.9822
                  40                 630                   0             37.1094             13.0682             50.1776
                  40                 640                   0             37.7663             13.0682             50.8345
                  40                 650                   0             37.8729             13.0682             50.9411
                  40                 660                   0              38.299             11.9318             50.2308
                  40                 670                   0             39.3999             11.9318             51.3317
                  40                 680                   0             40.4474             10.2273             50.6747
                  40                 690                   0             44.5668             9.09091             53.6577
                  40                 700                   0             45.1882             11.9318               57.12
                  40                 710                   0             46.2003                12.5             58.7003
                  40                 720                   0             46.4489                12.5             58.9489
                  40                 730                   0             46.6264             11.9318             58.5582
                  40                 740                   0             46.9105             11.9318             58.8423
                  40                 750                   0             47.0703             11.9318             59.0021
                  40                 760                   0             47.2479             11.9318             59.1797
                  40                 770                   0             47.8161             11.9318             59.7479
                  40                 780                   0             48.5085             11.9318             60.4403
                  40                 790                   0             48.8636             11.9318             60.7955
                  40                 800                   0             50.1243             11.9318             62.0561
                  40                 810                   0             51.9886             11.9318             63.9205
                  40                 820                   0             52.1839             11.9318             64.1158
                  40                 830                   0             52.3082             11.9318             64.2401
                  40                 840                   0             52.4148             11.9318             64.3466
                  40                 850                   0             53.5334             11.9318             65.4652
                  40                 860                   0             54.4567             11.3636             65.8203
                  40                 870                   0             54.7763             11.3636             66.1399
                  40                 880                   0             55.2557             13.0682             68.3239
                  40                 890                   0             55.4688             13.0682             68.5369
                  40                 900                   0             60.2805             8.52273             68.8033
                  40                 910                   0             60.2983             8.52273              68.821
                  40                 920                   0             61.9851             8.52273             70.5078
                  40                 930                   0             62.0384             8.52273             70.5611
                  40                 940                   0             62.2869             8.52273             70.8097
                  40                 950                   0              64.027             8.52273             72.5497
                  40                 960                   0             66.0511             8.52273             74.5739
                  40                 970                   0             66.1754             7.95455               74.13
                  40                 980                   0             66.7436             7.95455             74.6982
                  40                 990                   0             66.7791             7.95455             74.7337
                  40                1000                   0             66.8146             7.95455             74.7692
