                  20                   0                   0                   0               93.75               93.75
                  20                  10                   0                   0             93.1818             93.1818
                  20                  20                   0                   0             89.2045             89.2045
                  20                  30                   0                   0             83.5227             83.5227
                  20                  40                   0                   0             82.9545             82.9545
                  20                  50                   0                   0             80.6818             80.6818
                  20                  60                   0           0.0177557             77.2727             77.2905
                  20                  70                   0           0.0177557             74.4318             74.4496
                  20                  80                   0           0.0177557             71.5909             71.6087
                  20                  90                   0           0.0177557             70.4545             70.4723
                  20                 100                   0           0.0177557             63.6364             63.6541
                  20                 110                   0           0.0710227             60.2273             60.2983
                  20                 120                   0            0.230824             56.8182              57.049
                  20                 130                   0            0.159801             48.2955             48.4553
                  20                 140                   0            0.355114               43.75             44.1051
                  20                 150                   0            0.674716             42.0455             42.7202
                  20                 160                   0            0.550426             38.6364             39.1868
                  20                 170                   0            0.621449             35.7955             36.4169
                  20                 180                   0            0.621449             33.5227             34.1442
                  20                 190                   0            0.816761             32.3864             33.2031
                  20                 200                   0             1.06534               31.25             32.3153
                  20                 210                   0             1.26065             27.2727             28.5334
                  20                 220                   0             1.49148             27.8409             29.3324
                  20                 230                   0              1.7223             19.3182             21.0405
                  20                 240                   0             2.07741             19.8864             21.9638
                  20                 250                   0             3.46236             19.3182             22.7805
                  20                 260                   0             3.51562             18.1818             21.6974
                  20                 270                   0             3.74645             17.0455             20.7919
                  20                 280                   0             3.92401             17.6136             21.5376
                  20                 290                   0             3.78196             18.1818             21.9638
                  20                 300                   0             3.94176             17.0455             20.9872
                  20                 310                   0             4.54545             15.9091             20.4545
                  20                 320                   0             4.66974             15.9091             20.5788
                  20                 330                   0              4.8473             18.1818             23.0291
                  20                 340                   0              5.0071             15.3409              20.348
                  20                 350                   0             5.55753             18.1818             23.7393
                  20                 360                   0             6.69389             18.1818             24.8757
                  20                 370                   0             6.78267             19.3182             26.1009
                  20                 380                   0             7.10227               18.75             25.8523
                  20                 390                   0             7.84801             19.8864             27.7344
                  20                 400                   0             8.02557             19.8864             27.9119
                  20                 410                   0             8.87784             21.5909             30.4688
                  20                 420                   0             9.67685             21.5909             31.2678
                  20                 430                   0             10.5114             19.8864             30.3977
                  20                 440                   0             10.7244             19.8864             30.6108
                  20                 450                   0             11.5057             19.3182             30.8239
                  20                 460                   0             11.9318               18.75             30.6818
                  20                 470                   0             11.7188             17.6136             29.3324
                  20                 480                   0             11.9851             17.6136             29.5987
                  20                 490                   0             12.4467             22.7273              35.174
                  20                 500                   0             11.2571             22.7273             33.9844
                  20                 510                   0             12.3224             15.3409             27.6634
                  20                 520                   0                12.5             13.6364             26.1364
                  20                 530                   0              11.843             19.3182             31.1612
                  20                 540                   0              12.358             18.1818             30.5398
                  20                 550                   0             13.2102             18.1818              31.392
                  20                 560                   0             15.0213             17.0455             32.0668
                  20                 570                   0             15.2876             17.0455             32.3331
                  20                 580                   0             17.0987             16.4773              33.576
                  20                 590                   0             17.3473             13.6364             30.9837
                  20                 600                   0             17.7379             13.6364             31.3743
                  20                 610                   0             16.5305             13.6364             30.1669
                  20                 620                   0             16.9212             13.6364             30.5575
                  20                 630                   0             20.6676                12.5             33.1676
                  20                 640                   0             21.3423             13.0682             34.4105
                  20                 650                   0             23.3665             13.0682             36.4347
                  20                 660                   0              25.799                12.5              38.299
                  20                 670                   0             26.5803             11.9318             38.5121
                  20                 680                   0             26.7578             11.9318             38.6896
                  20                 690                   0             27.3793                12.5             39.8793
                  20                 700                   0             28.3203                12.5             40.8203
                  20                 710                   0             28.6754                12.5             41.1754
                  20                 720                   0              28.782                12.5              41.282
                  20                 730                   0             29.7585             11.9318             41.6903
                  20                 740                   0             29.8651             11.9318             41.7969
                  20                 750                   0             31.1967             11.9318             43.1286
                  20                 760                   0              29.581             15.3409             44.9219
                  20                 770                   0             32.7415             15.3409             48.0824
                  20                 780                   0             33.2741             15.3409             48.6151
                  20                 790                   0             33.5582             15.3409             48.8991
                  20                 800                   0             33.7713             15.3409             49.1122
                  20                 810                   0             34.8544             15.3409             50.1953
                  20                 820                   0             34.9787             17.6136             52.5923
                  20                 830                   0             36.3104             17.6136              53.924
                  20                 840                   0             37.1982             17.6136             54.8118
                  20                 850                   0             39.0092             14.2045             53.2138
                  20                 860                   0             39.2401             13.6364             52.8764
                  20                 870                   0             39.3111             13.6364             52.9474
                  20                 880                   0             41.1222             13.6364             54.7585
                  20                 890                   0             44.2294             13.0682             57.2976
                  20                 900                   0             45.1882             13.0682             58.2564
                  20                 910                   0             43.3416             13.0682             56.4098
                  20                 920                   0             43.5014             13.6364             57.1378
                  20                 930                   0             44.2116                12.5             56.7116
                  20                 940                   0             45.0639             9.09091             54.1548
                  20                 950                   0              45.206             9.09091             54.2969
                  20                 960                   0              45.419             9.09091             54.5099
                  20                 970                   0             46.4844             9.09091             55.5753
                  20                 980                   0             46.6797             9.09091             55.7706
                  20                 990                   0              46.946             8.52273             55.4688
                  20                1000                   0             49.2543             8.52273              57.777
