                  60                   0                   0             19.1229             11.9318             31.0547
                  60                  10                   0             21.3601             10.2273             31.5874
                  60                  20                   0             22.3722             9.65909             32.0312
                  60                  30                   0             23.5795             9.65909             33.2386
                  60                  40                   0             24.4141             7.38636             31.8004
                  60                  50                   0             25.4972             5.68182              31.179
                  60                  60                   0             26.3672             5.68182              32.049
                  60                  70                   0             27.0952             5.68182              32.777
                  60                  80                   0             27.9652             5.68182              33.647
                  60                  90                   0              27.255                6.25              33.505
                  60                 100                   0             28.1072             4.54545             32.6527
                  60                 110                   0              28.924             4.54545             33.4695
                  60                 120                   0             29.3146             3.40909             32.7237
                  60                 130                   0             29.5987             3.40909             33.0078
                  60                 140                   0             29.9006             2.84091             32.7415
                  60                 150                   0             30.7706             2.84091             33.6115
                  60                 160                   0             31.4986             2.84091             34.3395
                  60                 170                   0             32.2088             2.84091             35.0497
                  60                 180                   0             33.0788             2.84091             35.9197
                  60                 190                   0             33.6825             2.84091             36.5234
                  60                 200                   0             34.0732             2.84091             36.9141
                  60                 210                   0              34.517             2.84091              37.358
                  60                 220                   0             36.0618             1.70455             37.7663
                  60                 230                   0              36.701             1.70455             38.4055
                  60                 240                   0             36.8786             1.70455             38.5831
                  60                 250                   0             37.4112             1.70455             39.1158
                  60                 260                   0             37.5355             1.70455             39.2401
                  60                 270                   0             38.5121             1.70455             40.2166
                  60                 280                   0             38.8317             1.70455             40.5362
                  60                 290                   0             39.1335             1.70455             40.8381
                  60                 300                   0             39.3111             1.70455             41.0156
                  60                 310                   0             39.5064             1.70455             41.2109
                  60                 320                   0             39.7905             1.13636             40.9268
                  60                 330                   0             40.2876             1.13636              41.424
                  60                 340                   0             40.5007             1.13636             41.6371
                  60                 350                   0             41.0334             1.13636             42.1697
                  60                 360                   0             41.8146             1.13636              42.951
                  60                 370                   0             42.1165             1.13636             43.2528
                  60                 380                   0             42.7912             1.13636             43.9276
                  60                 390                   0             43.4482             1.13636             44.5845
                  60                 400                   0             44.1406             1.13636              45.277
                  60                 410                   0             44.3004             1.13636             45.4368
                  60                 420                   0             44.5135             1.13636             45.6499
                  60                 430                   0             45.4723             1.13636             46.6087
                  60                 440                   0             47.2301             1.13636             48.3665
                  60                 450                   0             47.6918             1.13636             48.8281
                  60                 460                   0             48.7393             1.13636             49.8757
                  60                 470                   0             49.2898             1.13636             50.4261
                  60                 480                   0             49.7869             1.13636             50.9233
                  60                 490                   0             50.2131             1.13636             51.3494
                  60                 500                   0             50.7812             1.13636             51.9176
                  60                 510                   0             51.7045             1.13636             52.8409
                  60                 520                   0             52.6278             1.13636             53.7642
                  60                 530                   0              53.054             1.13636             54.1903
                  60                 540                   0             53.3026             1.13636             54.4389
                  60                 550                   0             53.9773             1.13636             55.1136
                  60                 560                   0              55.451             1.13636             56.5874
                  60                 570                   0             55.8771             1.13636             57.0135
                  60                 580                   0             56.6406             1.13636              57.777
                  60                 590                   0             57.2621             1.13636             58.3984
                  60                 600                   0             57.4041             1.13636             58.5405
                  60                 610                   0             57.5817             1.13636              58.718
                  60                 620                   0             58.6825             1.13636             59.8189
                  60                 630                   0             58.9489             1.13636             60.0852
                  60                 640                   0             59.7124             1.13636             60.8487
                  60                 650                   0             60.6534             1.13636             61.7898
                  60                 660                   0             61.1506             1.13636             62.2869
                  60                 670                   0             61.2038             1.13636             62.3402
                  60                 680                   0             61.4879             1.13636             62.6243
                  60                 690                   0             62.0384             1.13636             63.1747
                  60                 700                   0             62.4112             1.13636             63.5476
                  60                 710                   0             62.5888             1.13636             63.7251
                  60                 720                   0              63.157             1.13636             64.2933
                  60                 730                   0             63.2635             1.13636             64.3999
                  60                 740                   0              64.027             1.13636             65.1634
                  60                 750                   0             64.2401             1.13636             65.3764
                  60                 760                   0             64.4531             1.13636             65.5895
                  60                 770                   0             65.5895             1.13636             66.7259
                  60                 780                   0             67.6669             1.13636             68.8033
                  60                 790                   0             67.8267             1.13636             68.9631
                  60                 800                   0             67.8977             1.13636             69.0341
                  60                 810                   0             71.3601             1.13636             72.4964
                  60                 820                   0             71.5554             1.13636             72.6918
                  60                 830                   0             71.8928             1.13636             73.0291
                  60                 840                   0             72.2834             1.13636             73.4197
                  60                 850                   0             72.3544             1.13636             73.4908
                  60                 860                   0             72.3722             1.13636             73.5085
                  60                 870                   0             72.4432             1.13636             73.5795
                  60                 880                   0             73.5085             1.13636             74.6449
                  60                 890                   0             73.9702             1.13636             75.1065
                  60                 900                   0             73.9879             1.13636             75.1243
                  60                 910                   0             74.0057             1.13636              75.142
                  60                 920                   0             74.0234             1.13636             75.1598
                  60                 930                   0             76.4915             1.13636             77.6278
                  60                 940                   0             77.8054             1.13636             78.9418
                  60                 950                   0              78.054             1.13636             79.1903
                  60                 960                   0             78.5511             1.13636             79.6875
                  60                 970                   0             78.5689             1.13636             79.7053
                  60                 980                   0             78.6577             1.13636              79.794
                  60                 990                   0             78.7464             1.13636             79.8828
                  60                1000                   0             78.8175             1.13636             79.9538
