                  15                   0                   0            0.390625             47.1591             47.5497
                  15                  10                   0            0.514915             44.3182             44.8331
                  15                  20                   0             0.65696             43.1818             43.8388
                  15                  30                   0            0.639205             40.3409             40.9801
                  15                  40                   0            0.799006             40.3409             41.1399
                  15                  50                   0            0.887784             38.0682              38.956
                  15                  60                   0             1.26065             35.7955             37.0561
                  15                  70                   0             1.20739             33.5227             34.7301
                  15                  80                   0             1.29616               31.25             32.5462
                  15                  90                   0             1.54474             30.1136             31.6584
                  15                 100                   0             1.49148             30.6818             32.1733
                  15                 110                   0             1.74006             27.8409              29.581
                  15                 120                   0             2.00639             26.1364             28.1428
                  15                 130                   0             2.11293             26.7045             28.8175
                  15                 140                   0             2.27273             25.5682             27.8409
                  15                 150                   0             2.89418                  25             27.8942
                  15                 160                   0             3.79972             22.1591             25.9588
                  15                 170                   0             3.74645             23.2955             27.0419
                  15                 180                   0             3.49787             21.5909             25.0888
                  15                 190                   0             3.85298             19.3182             23.1712
                  15                 200                   0             4.33239             19.3182             23.6506
                  15                 210                   0             4.75852             13.6364             18.3949
                  15                 220                   0             5.23793             10.2273             15.4652
                  15                 230                   0             5.62855             11.3636             16.9922
                  15                 240                   0             6.10795             13.0682             19.1761
                  15                 250                   0             6.76491                12.5             19.2649
                  15                 260                   0             7.29759             13.0682             20.3658
                  15                 270                   0             7.54616             13.0682             20.6143
                  15                 280                   0              7.8125                12.5             20.3125
                  15                 290                   0             8.48722                12.5             20.9872
                  15                 300                   0             9.17969                12.5             21.6797
                  15                 310                   0             9.55256                12.5             22.0526
                  15                 320                   0             10.3871             11.9318             22.3189
                  15                 330                   0             10.7067             11.9318             22.6385
                  15                 340                   0              10.902             11.9318             22.8338
                  15                 350                   0             12.1449             7.38636             19.5312
                  15                 360                   0             13.1747             7.38636             20.5611
                  15                 370                   0             13.6186             7.38636              21.005
                  15                 380                   0             13.7784             7.38636             21.1648
                  15                 390                   0             14.5064             6.81818             21.3246
                  15                 400                   0             15.0213             5.68182             20.7031
                  15                 410                   0             15.3409             5.68182             21.0227
                  15                 420                   0             15.6783             5.68182             21.3601
                  15                 430                   0             16.1932             5.68182              21.875
                  15                 440                   0             16.3175             5.68182             21.9993
                  15                 450                   0             16.9212             5.68182              22.603
                  15                 460                   0             17.1165             5.68182             22.7983
                  15                 470                   0             19.8509             1.13636             20.9872
                  15                 480                   0              21.076             1.13636             22.2124
                  15                 490                   0             21.7152             1.13636             22.8516
                  15                 500                   0             21.7685             1.13636             22.9048
                  15                 510                   0              21.875             1.13636             23.0114
                  15                 520                   0             22.4609             1.13636             23.5973
                  15                 530                   0             23.1357             1.13636              24.272
                  15                 540                   0             23.7216             5.68182             29.4034
                  15                 550                   0             23.8636             5.68182             29.5455
                  15                 560                   0             24.0412             5.68182              29.723
                  15                 570                   0              24.272             5.68182             29.9538
                  15                 580                   0             24.4141             1.13636             25.5504
                  15                 590                   0             25.4794             1.13636             26.6158
                  15                 600                   0             25.7812             1.13636             26.9176
                  15                 610                   0             26.1186             1.13636              27.255
                  15                 620                   0             29.2791             1.13636             30.4155
                  15                 630                   0             30.6108             1.13636             31.7472
                  15                 640                   0             31.4808             1.13636             32.6172
                  15                 650                   0             32.6349             1.13636             33.7713
                  15                 660                   0             33.1676             1.13636              34.304
                  15                 670                   0             34.2862             1.13636             35.4226
                  15                 680                   0             34.8544             1.13636             35.9908
                  15                 690                   0             37.8018             1.13636             38.9382
                  15                 700                   0             38.6541             1.13636             39.7905
                  15                 710                   0             38.7251             1.13636             39.8615
                  15                 720                   0             39.2933             1.13636             40.4297
                  15                 730                   0             39.9148             1.13636             41.0511
                  15                 740                   0              40.483             1.13636             41.6193
                  15                 750                   0             41.3707             1.13636             42.5071
                  15                 760                   0             42.5249             1.13636             43.6612
                  15                 770                   0             43.3594             1.13636             44.4957
                  15                 780                   0             44.1406             1.13636              45.277
                  15                 790                   0             45.6143             1.13636             46.7507
                  15                 800                   0             47.2124             1.13636             48.3487
                  15                 810                   0              47.674             1.13636             48.8104
                  15                 820                   0             46.3778             1.13636             47.5142
                  15                 830                   0             46.4311             1.13636             47.5675
                  15                 840                   0             46.6619             1.13636             47.7983
                  15                 850                   0              49.201             1.13636             50.3374
                  15                 860                   0              50.071             1.13636             51.2074
                  15                 870                   0             50.3018             1.13636             51.4382
                  15                 880                   0             52.0241             1.13636             53.1605
                  15                 890                   0              52.397             1.13636             53.5334
                  15                 900                   0             53.3913             1.13636             54.5277
                  15                 910                   0             54.0483             1.13636             55.1847
                  15                 920                   0             54.1548             1.13636             55.2912
                  15                 930                   0             55.5398             1.13636             56.6761
                  15                 940                   0             56.0014             1.13636             57.1378
                  15                 950                   0             56.9602             1.13636             58.0966
                  15                 960                   0             57.1378             1.13636             58.2741
                  15                 970                   0             57.3331             1.13636             58.4695
                  15                 980                   0              57.777             1.13636             58.9134
                  15                 990                   0              57.848             1.13636             58.9844
                  15                1000                   0             59.2152             1.13636             60.3516
