                  70                   0                   0              25.657             7.38636             33.0433
                  70                  10                   0             27.4325             5.11364             32.5462
                  70                  20                   0             28.2138             5.11364             33.3274
                  70                  30                   0             28.8885             5.11364             34.0021
                  70                  40                   0              29.723             5.11364             34.8366
                  70                  50                   0             30.2912             5.11364             35.4048
                  70                  60                   0             29.1726             8.52273             37.6953
                  70                  70                   0             30.1847             4.54545             34.7301
                  70                  80                   0             30.3445             3.97727             34.3217
                  70                  90                   0             31.1612             3.97727             35.1385
                  70                 100                   0             31.6761             3.97727             35.6534
                  70                 110                   0             32.3509             2.84091             35.1918
                  70                 120                   0             33.1676             2.84091             36.0085
                  70                 130                   0             34.1797             2.84091             37.0206
                  70                 140                   0             34.7834             2.84091             37.6243
                  70                 150                   0              35.103             2.84091             37.9439
                  70                 160                   0             35.6534             2.84091             38.4943
                  70                 170                   0             36.1151             2.84091              38.956
                  70                 180                   0             36.4169             2.84091             39.2578
                  70                 190                   0             36.8786             2.84091             39.7195
                  70                 200                   0             37.4467             2.84091             40.2876
                  70                 210                   0             38.8849             2.27273             41.1577
                  70                 220                   0             39.1868             1.70455             40.8913
                  70                 230                   0             39.5064             1.70455             41.2109
                  70                 240                   0             39.6484             1.70455              41.353
                  70                 250                   0             39.9325             1.70455             41.6371
                  70                 260                   0             40.1989             1.70455             41.9034
                  70                 270                   0             40.3942             1.70455             42.0987
                  70                 280                   0             41.2287             1.70455             42.9332
                  70                 290                   0             42.1165             1.70455              43.821
                  70                 300                   0             42.3828             1.70455             44.0874
                  70                 310                   0             42.7024             1.70455              44.407
                  70                 320                   0             42.9332             1.13636             44.0696
                  70                 330                   0             43.6612             1.13636             44.7976
                  70                 340                   0             44.7976             1.13636             45.9339
                  70                 350                   0             45.0639             1.13636             46.2003
                  70                 360                   0             45.2237             1.13636             46.3601
                  70                 370                   0             46.3956             1.13636              47.532
                  70                 380                   0             47.8161             1.13636             48.9524
                  70                 390                   0             48.6506             1.13636             49.7869
                  70                 400                   0             50.3374             1.13636             51.4737
                  70                 410                   0             50.7635             1.13636             51.8999
                  70                 420                   0             51.1186             1.13636              52.255
                  70                 430                   0             51.4737             1.13636             52.6101
                  70                 440                   0             52.3082             1.13636             53.4446
                  70                 450                   0             52.9297             1.13636             54.0661
                  70                 460                   0             53.6754             1.13636             54.8118
                  70                 470                   0             54.5277             1.13636             55.6641
                  70                 480                   0             55.4865             1.13636             56.6229
                  70                 490                   0             55.9482             1.13636             57.0845
                  70                 500                   0              56.907             1.13636             58.0433
                  70                 510                   0             57.5817             1.13636              58.718
                  70                 520                   0             58.7713             1.13636             59.9077
                  70                 530                   0             59.0909             1.13636             60.2273
                  70                 540                   0             59.7124             1.13636             60.8487
                  70                 550                   0             60.3338             1.13636             61.4702
                  70                 560                   0             60.4581             1.13636             61.5945
                  70                 570                   0             60.4936             1.13636               61.63
                  70                 580                   0             61.0973             1.13636             62.2337
                  70                 590                   0              61.701             1.13636             62.8374
                  70                 600                   0             62.7486             1.13636             63.8849
                  70                 610                   0             64.2223             1.13636             65.3587
                  70                 620                   0             66.8679             1.13636             68.0043
                  70                 630                   0             67.2408             1.13636             68.3771
                  70                 640                   0             68.4659             1.13636             69.6023
                  70                 650                   0             68.5369             1.13636             69.6733
                  70                 660                   0             69.0518             1.13636             70.1882
                  70                 670                   0              69.549             1.13636             70.6854
                  70                 680                   0             69.8153             1.13636             70.9517
                  70                 690                   0             69.8509             1.13636             70.9872
                  70                 700                   0             71.4311             1.13636             72.5675
                  70                 710                   0             71.8395             1.13636             72.9759
                  70                 720                   0             72.0348             1.13636             73.1712
                  70                 730                   0             72.9759             1.13636             74.1122
                  70                 740                   0             74.7159             1.13636             75.8523
                  70                 750                   0               75.87             1.13636             77.0064
                  70                 760                   0             75.9766             1.13636             77.1129
                  70                 770                   0             76.3672             1.13636             77.5036
                  70                 780                   0              76.456             1.13636             77.5923
                  70                 790                   0              76.598             1.13636             77.7344
                  70                 800                   0             76.6513             1.13636             77.7876
                  70                 810                   0             76.9886             1.13636              78.125
                  70                 820                   0             77.1307             1.13636              78.267
                  70                 830                   0             77.2727             1.13636             78.4091
                  70                 840                   0             77.5036             1.13636             78.6399
                  70                 850                   0              78.125             1.13636             79.2614
                  70                 860                   0             78.3381             1.13636             79.4744
                  70                 870                   0             78.6932             1.13636             79.8295
                  70                 880                   0              78.853             1.13636             79.9893
                  70                 890                   0             79.1193             1.13636             80.2557
                  70                 900                   0             79.3324             1.13636             80.4688
                  70                 910                   0             79.3679             1.13636             80.5043
                  70                 920                   0             79.3857             1.13636              80.522
                  70                 930                   0             81.0902             1.13636             82.2266
                  70                 940                   0             81.8359             1.13636             82.9723
                  70                 950                   0             84.5881             1.13636             85.7244
                  70                 960                   0             84.8366             1.13636              85.973
                  70                 970                   0             84.9787             1.13636             86.1151
                  70                 980                   0             85.3161             1.13636             86.4524
                  70                 990                   0             85.3161             1.13636             86.4524
                  70                1000                   0             85.3516             1.13636             86.4879
