                  55                   0                   0             16.1754             14.2045               30.38
                  55                  10                   0             18.2351             14.7727             33.0078
                  55                  20                   0             18.9098             10.7955             29.7053
                  55                  30                   0             20.8097             9.65909             30.4688
                  55                  40                   0             21.7152             7.95455             29.6697
                  55                  50                   0              22.532             9.09091             31.6229
                  55                  60                   0             23.2599             7.38636             30.6463
                  55                  70                   0             24.0234             5.68182             29.7053
                  55                  80                   0              24.858             5.68182             30.5398
                  55                  90                   0             25.4972             5.68182              31.179
                  55                 100                   0             25.2308                6.25             31.4808
                  55                 110                   0              26.598             5.11364             31.7116
                  55                 120                   0              27.255             4.54545             31.8004
                  55                 130                   0             28.1072             3.40909             31.5163
                  55                 140                   0             28.8707             3.40909             32.2798
                  55                 150                   0             29.3857             2.84091             32.2266
                  55                 160                   0              29.581             2.84091             32.4219
                  55                 170                   0             30.1136             2.84091             32.9545
                  55                 180                   0             31.1612             2.84091             34.0021
                  55                 190                   0             31.7649             2.84091             34.6058
                  55                 200                   0             32.5817             2.84091             35.4226
                  55                 210                   0             33.3274             2.84091             36.1683
                  55                 220                   0             34.9964             1.70455              36.701
                  55                 230                   0             35.3693             1.70455             37.0739
                  55                 240                   0              35.831             1.70455             37.5355
                  55                 250                   0             36.2926             1.70455             37.9972
                  55                 260                   0             36.8253             1.70455             38.5298
                  55                 270                   0             37.2692             1.70455             38.9737
                  55                 280                   0             37.5355             1.70455             39.2401
                  55                 290                   0             37.5888             1.70455             39.2933
                  55                 300                   0             37.7841             1.70455             39.4886
                  55                 310                   0             38.2812             1.70455             39.9858
                  55                 320                   0             38.3878             1.13636             39.5241
                  55                 330                   0             38.6186             1.13636              39.755
                  55                 340                   0             39.0092             1.13636             40.1456
                  55                 350                   0             39.6662             1.13636             40.8026
                  55                 360                   0             40.1989             1.13636             41.3352
                  55                 370                   0             40.3764             1.13636             41.5128
                  55                 380                   0             40.4297             1.13636             41.5661
                  55                 390                   0             41.3352             1.13636             42.4716
                  55                 400                   0             42.4183             1.13636             43.5547
                  55                 410                   0             43.3416             1.13636              44.478
                  55                 420                   0             43.9453             1.13636             45.0817
                  55                 430                   0             44.1584             1.13636             45.2947
                  55                 440                   0             44.4602             1.13636             45.5966
                  55                 450                   0             45.1527             1.13636             46.2891
                  55                 460                   0             45.9517             1.13636             47.0881
                  55                 470                   0             47.3011             1.13636             48.4375
                  55                 480                   0             47.8871             1.13636             49.0234
                  55                 490                   0             48.7749             1.13636             49.9112
                  55                 500                   0             49.5206             1.13636              50.657
                  55                 510                   0             49.8402             1.13636             50.9766
                  55                 520                   0             50.5504             1.13636             51.6868
                  55                 530                   0             51.1896             1.13636              52.326
                  55                 540                   0             52.3615             1.13636             53.4979
                  55                 550                   0             52.7699             1.13636             53.9062
                  55                 560                   0             53.0717             1.13636             54.2081
                  55                 570                   0             54.5099             1.13636             55.6463
                  55                 580                   0             55.0249             1.13636             56.1612
                  55                 590                   0             55.2202             1.13636             56.3565
                  55                 600                   0             55.8949             1.13636             57.0312
                  55                 610                   0             56.0192             1.13636             57.1555
                  55                 620                   0             56.6229             1.13636             57.7592
                  55                 630                   0             57.2443             1.13636             58.3807
                  55                 640                   0             58.0256             1.13636             59.1619
                  55                 650                   0             58.2209             1.13636             59.3572
                  55                 660                   0             59.3572             1.13636             60.4936
                  55                 670                   0             60.2273             1.13636             61.3636
                  55                 680                   0             60.6357             1.13636              61.772
                  55                 690                   0             60.8132             1.13636             61.9496
                  55                 700                   0             61.3104             1.13636             62.4467
                  55                 710                   0             62.0206             1.13636              63.157
                  55                 720                   0             62.0916             1.13636              63.228
                  55                 730                   0             62.1271             1.13636             63.2635
                  55                 740                   0             62.2514             1.13636             63.3878
                  55                 750                   0             63.3523             1.13636             64.4886
                  55                 760                   0             63.4766             1.13636             64.6129
                  55                 770                   0              64.098             1.13636             65.2344
                  55                 780                   0             64.2578             1.13636             65.3942
                  55                 790                   0             64.3999             1.13636             65.5362
                  55                 800                   0             64.5419             1.13636             65.6783
                  55                 810                   0             64.6307             1.13636              65.767
                  55                 820                   0             64.7017             1.13636             65.8381
                  55                 830                   0             64.7195             1.13636             65.8558
                  55                 840                   0             64.8793             1.13636             66.0156
                  55                 850                   0             66.0689             1.13636             67.2053
                  55                 860                   0              67.223             1.13636             68.3594
                  55                 870                   0             68.6967             1.13636             69.8331
                  55                 880                   0             68.6967             1.13636             69.8331
                  55                 890                   0             69.7443             1.13636             70.8807
                  55                 900                   0             69.7621             1.13636             70.8984
                  55                 910                   0             70.1882             1.13636             71.3246
                  55                 920                   0              70.348             1.13636             71.4844
                  55                 930                   0             70.3658             1.13636             71.5021
                  55                 940                   0             70.5966             1.13636              71.733
                  55                 950                   0             70.6143             1.13636             71.7507
                  55                 960                   0             71.2003             1.13636             72.3366
                  55                 970                   0             72.2479             1.13636             73.3842
                  55                 980                   0             72.9759             1.13636             74.1122
                  55                 990                   0             73.0114             1.13636             74.1477
                  55                1000                   0             73.2955             1.13636             74.4318
