                  50                   0                   0             14.3111             17.6136             31.9247
                  50                  10                   0             16.0511             15.3409              31.392
                  50                  20                   0             15.7493             17.6136             33.3629
                  50                  30                   0             16.3352             17.6136             33.9489
                  50                  40                   0             16.9567             15.9091             32.8658
                  50                  50                   0             17.5959             14.2045             31.8004
                  50                  60                   0             18.9808             13.0682              32.049
                  50                  70                   0             19.8509             10.2273             30.0781
                  50                  80                   0             20.7386             9.09091             29.8295
                  50                  90                   0             22.7273             5.68182             28.4091
                  50                 100                   0             23.4908             5.68182             29.1726
                  50                 110                   0              24.343             5.11364             29.4567
                  50                 120                   0             24.9645             4.54545             29.5099
                  50                 130                   0             25.7635             4.54545             30.3089
                  50                 140                   0             25.5504             3.97727             29.5277
                  50                 150                   0             26.7045             3.40909             30.1136
                  50                 160                   0             27.6811             2.84091              30.522
                  50                 170                   0             28.6399             2.84091             31.4808
                  50                 180                   0             29.0838             2.84091             31.9247
                  50                 190                   0             29.5632             2.84091             32.4041
                  50                 200                   0             30.9659             2.84091             33.8068
                  50                 210                   0             31.3565             2.84091             34.1974
                  50                 220                   0             32.9723             1.70455             34.6768
                  50                 230                   0             33.9489             1.70455             35.6534
                  50                 240                   0             34.6768             1.70455             36.3814
                  50                 250                   0             35.1385             1.70455              36.843
                  50                 260                   0             35.6179             1.70455             37.3224
                  50                 270                   0             36.5057             1.70455             38.2102
                  50                 280                   0             36.6832             1.70455             38.3878
                  50                 290                   0             36.9851             1.70455             38.6896
                  50                 300                   0             37.1626             1.70455             38.8672
                  50                 310                   0             37.3224             1.70455              39.027
                  50                 320                   0             37.4645             1.13636             38.6009
                  50                 330                   0             37.5888             1.13636             38.7251
                  50                 340                   0             37.8374             1.13636             38.9737
                  50                 350                   0             38.3523             1.13636             39.4886
                  50                 360                   0             38.7074             1.13636             39.8438
                  50                 370                   0             38.7962             1.13636             39.9325
                  50                 380                   0             38.9205             1.13636             40.0568
                  50                 390                   0             39.7727             1.13636             40.9091
                  50                 400                   0             40.3409             1.13636             41.4773
                  50                 410                   0             40.4652             1.13636             41.6016
                  50                 420                   0             41.8146             1.13636              42.951
                  50                 430                   0             42.4893             1.13636             43.6257
                  50                 440                   0             43.4837             1.13636               44.62
                  50                 450                   0             44.0518             1.13636             45.1882
                  50                 460                   0             44.1939             1.13636             45.3303
                  50                 470                   0             44.5312             1.13636             45.6676
                  50                 480                   0             45.1349             1.13636             46.2713
                  50                 490                   0             46.0582             1.13636             47.1946
                  50                 500                   0             47.5497             1.13636             48.6861
                  50                 510                   0             48.5085             1.13636             49.6449
                  50                 520                   0             49.2365             1.13636             50.3729
                  50                 530                   0             49.7869             1.13636             50.9233
                  50                 540                   0             50.5504             1.13636             51.6868
                  50                 550                   0             51.1009             1.13636             52.2372
                  50                 560                   0             51.4205             1.13636             52.5568
                  50                 570                   0             51.9709             1.13636             53.1072
                  50                 580                   0             53.0007             1.13636             54.1371
                  50                 590                   0             53.6399             1.13636             54.7763
                  50                 600                   0             53.7109             1.13636             54.8473
                  50                 610                   0             53.8707             1.13636             55.0071
                  50                 620                   0             54.8118             1.13636             55.9482
                  50                 630                   0             54.9183             1.13636             56.0547
                  50                 640                   0             55.5575             1.13636             56.6939
                  50                 650                   0             55.9126             1.13636              57.049
                  50                 660                   0              56.978             1.13636             58.1143
                  50                 670                   0             57.9013             1.13636             59.0376
                  50                 680                   0             58.7358             1.13636             59.8722
                  50                 690                   0             58.8956             1.13636              60.032
                  50                 700                   0             60.6001             1.13636             61.7365
                  50                 710                   0             60.8132             1.13636             61.9496
                  50                 720                   0             61.3814             1.13636             62.5178
                  50                 730                   0             61.8608             1.13636             62.9972
                  50                 740                   0             62.1094             1.13636             63.2457
                  50                 750                   0             62.1449             1.13636             63.2812
                  50                 760                   0             62.4467             1.13636             63.5831
                  50                 770                   0             63.2102             1.13636             64.3466
                  50                 780                   0             63.4411             1.13636             64.5774
                  50                 790                   0             63.8317             1.13636              64.968
                  50                 800                   0             63.9915             1.13636             65.1278
                  50                 810                   0             64.1335             1.13636             65.2699
                  50                 820                   0             64.2578             1.13636             65.3942
                  50                 830                   0             64.2933             1.13636             65.4297
                  50                 840                   0             64.4354             1.13636             65.5717
                  50                 850                   0             64.5241             1.13636             65.6605
                  50                 860                   0             64.5597             1.13636              65.696
                  50                 870                   0              64.755             1.13636             65.8913
                  50                 880                   0             64.8615             1.13636             65.9979
                  50                 890                   0             64.9858             1.13636             66.1222
                  50                 900                   0             65.3587             1.13636              66.495
                  50                 910                   0             65.3587             1.13636              66.495
                  50                 920                   0             65.3764             1.13636             66.5128
                  50                 930                   0              66.424             1.13636             67.5604
                  50                 940                   0             67.9865             1.13636             69.1229
                  50                 950                   0             69.0163             1.13636             70.1527
                  50                 960                   0             69.2472             1.13636             70.3835
                  50                 970                   0             70.3835             1.13636             71.5199
                  50                 980                   0             70.6143             1.13636             71.7507
                  50                 990                   0             71.5376             1.13636              72.674
                  50                1000                   0             71.5376             1.13636              72.674
