                   0                   0                   0                   0                 100                 100
                   0                  10                   0                   0                 100                 100
                   0                  20                   0                   0                 100                 100
                   0                  30                   0                   0                 100                 100
                   0                  40                   0                   0                 100                 100
                   0                  50                   0                   0                 100                 100
                   0                  60                   0                   0                 100                 100
                   0                  70                   0                   0                 100                 100
                   0                  80                   0                   0                 100                 100
                   0                  90                   0                   0                 100                 100
                   0                 100                   0                   0                 100                 100
                   0                 110                   0                   0             98.8636             98.8636
                   0                 120                   0                   0                 100                 100
                   0                 130                   0                   0                 100                 100
                   0                 140                   0                   0             98.2955             98.2955
                   0                 150                   0                   0             96.0227             96.0227
                   0                 160                   0                   0             97.1591             97.1591
                   0                 170                   0                   0             94.3182             94.3182
                   0                 180                   0            0.159801             88.6364             88.7962
                   0                 190                   0            0.284091             81.8182             82.1023
                   0                 200                   0            0.639205             69.8864             70.5256
                   0                 210                   0            0.834517             64.7727             65.6072
                   0                 220                   0            0.923295             58.5227              59.446
                   0                 230                   0            0.870028             45.4545             46.3246
                   0                 240                   0             1.15412             41.4773             42.6314
                   0                 250                   0             1.13636             35.7955             36.9318
                   0                 260                   0             1.43821             36.9318               38.37
                   0                 270                   0             1.66903             36.3636             38.0327
                   0                 280                   0             1.86435             34.0909             35.9553
                   0                 290                   0             1.65128               31.25             32.9013
                   0                 300                   0             1.82884             30.1136             31.9425
                   0                 310                   0             3.01847             26.7045              29.723
                   0                 320                   0             3.21378                  25             28.2138
                   0                 330                   0             3.37358             24.4318             27.8054
                   0                 340                   0             3.63991             23.2955             26.9354
                   0                 350                   0              4.2081             22.1591             26.3672
                   0                 360                   0             3.65767             27.2727             30.9304
                   0                 370                   0             3.72869             26.7045             30.4332
                   0                 380                   0             3.72869             25.5682             29.2969
                   0                 390                   0             3.71094             19.8864             23.5973
                   0                 400                   0             3.05398             28.4091             31.4631
                   0                 410                   0              4.3679             23.2955             27.6634
                   0                 420                   0             4.31463             22.1591             26.4737
                   0                 430                   0             4.45668             21.5909             26.0476
                   0                 440                   0             6.07244             16.4773             22.5497
                   0                 450                   0              5.7706             23.2955             29.0661
                   0                 460                   0             4.61648             24.4318             29.0483
                   0                 470                   0             7.08452             19.8864             26.9709
                   0                 480                   0             5.30895               18.75             24.0589
                   0                 490                   0             6.01918             18.1818              24.201
                   0                 500                   0             6.76491             24.4318             31.1967
                   0                 510                   0             7.70597             20.4545             28.1605
                   0                 520                   0             8.09659               18.75             26.8466
                   0                 530                   0             8.00781                12.5             20.5078
                   0                 540                   0             8.34517             11.9318              20.277
                   0                 550                   0             8.77131             11.3636             20.1349
                   0                 560                   0             9.03764             11.3636             20.4013
                   0                 570                   0             9.09091             11.3636             20.4545
                   0                 580                   0             9.80114             10.7955             20.5966
                   0                 590                   0             10.4759             10.7955             21.2713
                   0                 600                   0             10.5824             10.7955             21.3778
                   0                 610                   0             11.0085             9.09091             20.0994
                   0                 620                   0             11.4347             7.95455             19.3892
                   0                 630                   0             11.9496             7.95455             19.9041
                   0                 640                   0               13.37             6.81818             20.1882
                   0                 650                   0             13.7429             6.81818             20.5611
                   0                 660                   0             13.9382             6.81818             20.7564
                   0                 670                   0             14.3821             6.81818             21.2003
                   0                 680                   0             14.8438             6.81818             21.6619
                   0                 690                   0             15.0213             6.81818             21.8395
                   0                 700                   0             15.9446                6.25             22.1946
                   0                 710                   0             16.0511                6.25             22.3011
                   0                 720                   0             19.0518             6.81818               25.87
                   0                 730                   0             19.6555             7.95455             27.6101
                   0                 740                   0             19.6378             10.2273             29.8651
                   0                 750                   0             19.7621             10.2273             29.9893
                   0                 760                   0             21.1115             10.2273             31.3388
                   0                 770                   0             21.6797             10.2273              31.907
                   0                 780                   0             22.9226             7.95455             30.8771
                   0                 790                   0             23.5085             7.95455             31.4631
                   0                 800                   0             23.9702             7.95455             31.9247
                   0                 810                   0             23.7393             7.95455             31.6939
                   0                 820                   0             24.1655             7.95455               32.12
                   0                 830                   0             24.4318             7.95455             32.3864
                   0                 840                   0             24.1655             7.95455               32.12
                   0                 850                   0             25.2308             5.11364             30.3445
                   0                 860                   0             25.3729             5.11364             30.4865
                   0                 870                   0             25.5682             6.81818             32.3864
                   0                 880                   0             25.9055             6.81818             32.7237
                   0                 890                   0             25.9411             6.81818             32.7592
                   0                 900                   0             26.7401             6.81818             33.5582
                   0                 910                   0             26.8999             6.81818              33.718
                   0                 920                   0             27.3615             6.81818             34.1797
                   0                 930                   0             27.4503             6.81818             34.2685
                   0                 940                   0              28.267             6.81818             35.0852
                   0                 950                   0             28.4801             6.81818             35.2983
                   0                 960                   0             33.0256             5.68182             38.7074
                   0                 970                   0             33.5582             5.68182             39.2401
                   0                 980                   0              33.718             5.68182             39.3999
                   0                 990                   0             35.4581             5.68182             41.1399
                   0                1000                   0              35.831             5.68182             41.5128
