                  10                   0                   0            0.053267             65.9091             65.9624
                  10                  10                   0           0.0710227             60.2273             60.2983
                  10                  20                   0           0.0887784             56.8182              56.907
                  10                  30                   0           0.0887784             54.5455             54.6342
                  10                  40                   0            0.195312               56.25             56.4453
                  10                  50                   0            0.213068             53.9773             54.1903
                  10                  60                   0            0.230824             51.1364             51.3672
                  10                  70                   0            0.301847             48.8636             49.1655
                  10                  80                   0            0.319602             47.1591             47.4787
                  10                  90                   0            0.372869             43.1818             43.5547
                  10                 100                   0            0.443892             39.2045             39.6484
                  10                 110                   0            0.550426             36.9318             37.4822
                  10                 120                   0            0.727983             30.1136             30.8416
                  10                 130                   0            0.870028             28.4091             29.2791
                  10                 140                   0            0.958807             28.9773             29.9361
                  10                 150                   0            0.958807             27.2727             28.2315
                  10                 160                   0              1.2429             23.2955             24.5384
                  10                 170                   0             1.31392             22.1591              23.473
                  10                 180                   0             1.65128             19.3182             20.9695
                  10                 190                   0             2.76989             17.6136             20.3835
                  10                 200                   0              2.0419             21.5909             23.6328
                  10                 210                   0             2.89418             24.4318              27.326
                  10                 220                   0             3.26705             20.4545             23.7216
                  10                 230                   0             3.19602             24.4318             27.6278
                  10                 240                   0             2.92969             21.5909             24.5206
                  10                 250                   0             4.24361             17.0455             21.2891
                  10                 260                   0             3.69318             23.2955             26.9886
                  10                 270                   0             3.72869             21.5909             25.3196
                  10                 280                   0             4.31463             19.8864              24.201
                  10                 290                   0             4.50994               18.75             23.2599
                  10                 300                   0             4.61648             22.7273             27.3438
                  10                 310                   0             5.36222             17.0455             22.4077
                  10                 320                   0             5.06037             13.0682             18.1286
                  10                 330                   0             6.94247             13.6364             20.5788
                  10                 340                   0              7.3331             13.6364             20.9695
                  10                 350                   0             7.58168             13.6364              21.218
                  10                 360                   0             8.25639             13.6364             21.8928
                  10                 370                   0             9.23295             13.6364             22.8693
                  10                 380                   0             9.92543             13.6364             23.5618
                  10                 390                   0              10.902             8.52273             19.4247
                  10                 400                   0             10.4581             13.0682             23.5263
                  10                 410                   0             10.7777                12.5             23.2777
                  10                 420                   0             11.1683                12.5             23.6683
                  10                 430                   0             12.6065             6.81818             19.4247
                  10                 440                   0             14.0447             5.68182             19.7266
                  10                 450                   0             14.2045             5.68182             19.8864
                  10                 460                   0             14.3821             5.68182             20.0639
                  10                 470                   0             14.5597             5.68182             20.2415
                  10                 480                   0             14.5597             5.68182             20.2415
                  10                 490                   0             14.9858             5.68182             20.6676
                  10                 500                   0             15.1456             5.68182             20.8274
                  10                 510                   0             15.8381             5.68182             21.5199
                  10                 520                   0             15.9446             5.68182             21.6264
                  10                 530                   0             16.6548                6.25             22.9048
                  10                 540                   0             16.7259                6.25             22.9759
                  10                 550                   0             17.0099                6.25             23.2599
                  10                 560                   0             17.9865                6.25             24.2365
                  10                 570                   0             18.1818                6.25             24.4318
                  10                 580                   0              18.892                6.25              25.142
                  10                 590                   0             19.3004                6.25             25.5504
                  10                 600                   0             19.8686                6.25             26.1186
                  10                 610                   0             20.2237                6.25             26.4737
                  10                 620                   0             21.4844                6.25             27.7344
                  10                 630                   0              23.331             1.13636             24.4673
                  10                 640                   0              24.343             1.13636             25.4794
                  10                 650                   0             24.4141             1.13636             25.5504
                  10                 660                   0             24.6804             1.13636             25.8168
                  10                 670                   0             26.2784             1.13636             27.4148
                  10                 680                   0             26.7401             1.13636             27.8764
                  10                 690                   0             26.8466             1.13636              27.983
                  10                 700                   0             27.2727             1.13636             28.4091
                  10                 710                   0             27.9297             1.13636             29.0661
                  10                 720                   0             28.6399             1.13636             29.7763
                  10                 730                   0             29.3679             1.13636             30.5043
                  10                 740                   0             29.5277             1.13636             30.6641
                  10                 750                   0             30.1314             1.13636             31.2678
                  10                 760                   0             31.3033             1.13636             32.4396
                  10                 770                   0             31.8714             1.13636             33.0078
                  10                 780                   0             32.0312             1.13636             33.1676
                  10                 790                   0             35.8487             1.13636             36.9851
                  10                 800                   0             36.4169             1.13636             37.5533
                  10                 810                   0             37.4112             1.13636             38.5476
                  10                 820                   0             37.7663             1.13636             38.9027
                  10                 830                   0             38.8317             1.13636              39.968
                  10                 840                   0             40.3232             1.13636             41.4595
                  10                 850                   0              40.554             1.13636             41.6903
                  10                 860                   0              41.353             1.13636             42.4893
                  10                 870                   0             43.0043             1.13636             44.1406
                  10                 880                   0             43.2884             1.13636             44.4247
                  10                 890                   0             44.2472             1.13636             45.3835
                  10                 900                   0             44.9219             1.13636             46.0582
                  10                 910                   0             45.1705             1.13636             46.3068
                  10                 920                   0              45.419             1.13636             46.5554
                  10                 930                   0             45.8274             1.13636             46.9638
                  10                 940                   0             46.2003             1.13636             47.3366
                  10                 950                   0             46.5376             1.13636              47.674
                  10                 960                   0             47.3544             1.13636             48.4908
                  10                 970                   0             47.5142             1.13636             48.6506
                  10                 980                   0              48.402             1.13636             49.5384
                  10                 990                   0              48.402             1.13636             49.5384
                  10                1000                   0             50.0178             1.13636             51.1541
