                  65                   0                   0             22.4254             11.9318             34.3572
                  65                  10                   0             24.8402             9.65909             34.4993
                  65                  20                   0             25.6392             7.95455             33.5938
                  65                  30                   0             26.2251                6.25             32.4751
                  65                  40                   0             27.1307             5.68182             32.8125
                  65                  50                   0             27.8409             5.68182             33.5227
                  65                  60                   0             28.6222             5.68182              34.304
                  65                  70                   0             29.2081             5.11364             34.3217
                  65                  80                   0             29.2081             4.54545             33.7536
                  65                  90                   0             29.6697             4.54545             34.2152
                  65                 100                   0             30.1136             4.54545             34.6591
                  65                 110                   0             30.4865             3.40909             33.8956
                  65                 120                   0             31.5696             2.84091             34.4105
                  65                 130                   0             32.1023             2.84091             34.9432
                  65                 140                   0             32.6527             2.84091             35.4936
                  65                 150                   0             33.5582             2.84091             36.3991
                  65                 160                   0             34.3572             2.84091             37.1982
                  65                 170                   0             34.8544             2.84091             37.6953
                  65                 180                   0             35.0675             2.84091             37.9084
                  65                 190                   0             35.3516             2.84091             38.1925
                  65                 200                   0             36.1861             2.84091              39.027
                  65                 210                   0              36.772             2.84091             39.6129
                  65                 220                   0             38.4766             1.70455             40.1811
                  65                 230                   0             38.7784             1.70455              40.483
                  65                 240                   0             39.1335             1.70455             40.8381
                  65                 250                   0             39.4886             1.70455             41.1932
                  65                 260                   0             39.6484             1.70455              41.353
                  65                 270                   0             39.8438             1.70455             41.5483
                  65                 280                   0             40.0036             1.70455             41.7081
                  65                 290                   0             40.3409             1.70455             42.0455
                  65                 300                   0             40.8558             1.70455             42.5604
                  65                 310                   0              41.353             1.70455             43.0575
                  65                 320                   0             41.7614             1.13636             42.8977
                  65                 330                   0             42.5249             1.13636             43.6612
                  65                 340                   0             43.1996             1.13636             44.3359
                  65                 350                   0             43.6612             1.13636             44.7976
                  65                 360                   0             44.4247             1.13636             45.5611
                  65                 370                   0             45.0284             1.13636             46.1648
                  65                 380                   0             45.1349             1.13636             46.2713
                  65                 390                   0             45.9162             1.13636             47.0526
                  65                 400                   0             46.4311             1.13636             47.5675
                  65                 410                   0             47.9936             1.13636               49.13
                  65                 420                   0              49.343             1.13636             50.4794
                  65                 430                   0             50.3196             1.13636              51.456
                  65                 440                   0              50.657             1.13636             51.7933
                  65                 450                   0             51.5092             1.13636             52.6456
                  65                 460                   0             52.4858             1.13636             53.6222
                  65                 470                   0             53.0007             1.13636             54.1371
                  65                 480                   0             53.7642             1.13636             54.9006
                  65                 490                   0             54.9183             1.13636             56.0547
                  65                 500                   0             55.6641             1.13636             56.8004
                  65                 510                   0             56.0547             1.13636             57.1911
                  65                 520                   0             56.7649             1.13636             57.9013
                  65                 530                   0             56.9247             1.13636             58.0611
                  65                 540                   0             58.4872             1.13636             59.6236
                  65                 550                   0             59.1797             1.13636             60.3161
                  65                 560                   0             59.6768             1.13636             60.8132
                  65                 570                   0             59.8899             1.13636             61.0263
                  65                 580                   0             59.9964             1.13636             61.1328
                  65                 590                   0             60.0852             1.13636             61.2216
                  65                 600                   0             60.7244             1.13636             61.8608
                  65                 610                   0             61.2749             1.13636             62.4112
                  65                 620                   0             62.4467             1.13636             63.5831
                  65                 630                   0             62.9261             1.13636             64.0625
                  65                 640                   0             63.4588             1.13636             64.5952
                  65                 650                   0             63.8317             1.13636              64.968
                  65                 660                   0             64.3111             1.13636             65.4474
                  65                 670                   0             64.3821             1.13636             65.5185
                  65                 680                   0             64.4176             1.13636              65.554
                  65                 690                   0             66.3885             1.13636             67.5249
                  65                 700                   0             68.5902             1.13636             69.7266
                  65                 710                   0             68.9986             1.13636             70.1349
                  65                 720                   0             70.5611             1.13636             71.6974
                  65                 730                   0             70.7386             1.13636              71.875
                  65                 740                   0             70.9517             1.13636             72.0881
                  65                 750                   0             71.0227             1.13636             72.1591
                  65                 760                   0             71.2358             1.13636             72.3722
                  65                 770                   0             71.3068             1.13636             72.4432
                  65                 780                   0             71.3423             1.13636             72.4787
                  65                 790                   0             72.5142             1.13636             73.6506
                  65                 800                   0             72.9226             1.13636             74.0589
                  65                 810                   0             73.1001             1.13636             74.2365
                  65                 820                   0             73.3132             1.13636             74.4496
                  65                 830                   0             75.2841             1.13636             76.4205
                  65                 840                   0             76.4915             1.13636             77.6278
                  65                 850                   0             76.5092             1.13636             77.6456
                  65                 860                   0              76.527             1.13636             77.6634
                  65                 870                   0             76.9531             1.13636             78.0895
                  65                 880                   0             76.9886             1.13636              78.125
                  65                 890                   0             77.0064             1.13636             78.1428
                  65                 900                   0              77.397             1.13636             78.5334
                  65                 910                   0             77.8054             1.13636             78.9418
                  65                 920                   0              78.054             1.13636             79.1903
                  65                 930                   0             78.0717             1.13636             79.2081
                  65                 940                   0              78.853             1.13636             79.9893
                  65                 950                   0              79.581             1.13636             80.7173
                  65                 960                   0              79.652             1.13636             80.7884
                  65                 970                   0             79.6697             1.13636             80.8061
                  65                 980                   0             79.8118             1.13636             80.9482
                  65                 990                   0             80.7351             1.13636             81.8714
                  65                1000                   0             80.7528             1.13636             81.8892
