                  75                   0                   0             27.6456             7.38636              35.032
                  75                  10                   0             29.4922             5.11364             34.6058
                  75                  20                   0             30.1314             5.11364              35.245
                  75                  30                   0             30.7351             5.11364             35.8487
                  75                  40                   0             31.3388             5.11364             36.4524
                  75                  50                   0             30.2734             8.52273             38.7962
                  75                  60                   0             31.1435             5.11364             36.2571
                  75                  70                   0             31.7649             4.54545             36.3104
                  75                  80                   0             32.2088             3.97727             36.1861
                  75                  90                   0             33.2209             3.97727             37.1982
                  75                 100                   0             34.0732             2.84091             36.9141
                  75                 110                   0             34.8722             2.84091             37.7131
                  75                 120                   0             35.6001             2.84091             38.4411
                  75                 130                   0             35.8487             2.84091             38.6896
                  75                 140                   0             36.0795             2.84091             38.9205
                  75                 150                   0             36.4347             2.84091             39.2756
                  75                 160                   0             36.8963             2.84091             39.7372
                  75                 170                   0             37.1094             2.84091             39.9503
                  75                 180                   0             37.6243             2.84091             40.4652
                  75                 190                   0             38.0859             2.84091             40.9268
                  75                 200                   0             38.5476             2.84091             41.3885
                  75                 210                   0             39.6307             2.27273             41.9034
                  75                 220                   0             39.9858             1.70455             41.6903
                  75                 230                   0             40.8736             1.70455             42.5781
                  75                 240                   0              41.424             1.70455             43.1286
                  75                 250                   0             41.9744             1.70455              43.679
                  75                 260                   0             42.6491             1.70455             44.3537
                  75                 270                   0             42.9155             1.70455               44.62
                  75                 280                   0             43.1818             1.70455             44.8864
                  75                 290                   0             43.3949             1.70455             45.0994
                  75                 300                   0               43.75             1.70455             45.4545
                  75                 310                   0             44.7443             1.70455             46.4489
                  75                 320                   0             45.0284             1.13636             46.1648
                  75                 330                   0             45.3835             1.13636             46.5199
                  75                 340                   0             45.9339             1.13636             47.0703
                  75                 350                   0             47.3899             1.13636             48.5263
                  75                 360                   0             48.6861             1.13636             49.8224
                  75                 370                   0             49.8757             1.13636             51.0121
                  75                 380                   0             50.5149             1.13636             51.6513
                  75                 390                   0             50.9411             1.13636             52.0774
                  75                 400                   0             51.1364             1.13636             52.2727
                  75                 410                   0             51.7401             1.13636             52.8764
                  75                 420                   0              52.326             1.13636             53.4624
                  75                 430                   0             53.0185             1.13636             54.1548
                  75                 440                   0              53.995             1.13636             55.1314
                  75                 450                   0              54.794             1.13636             55.9304
                  75                 460                   0              56.179             1.13636             57.3153
                  75                 470                   0             57.0312             1.13636             58.1676
                  75                 480                   0             57.5817             1.13636              58.718
                  75                 490                   0             57.8835             1.13636             59.0199
                  75                 500                   0             58.9489             1.13636             60.0852
                  75                 510                   0             59.5703             1.13636             60.7067
                  75                 520                   0             60.2095             1.13636             61.3459
                  75                 530                   0             62.5888             1.13636             63.7251
                  75                 540                   0             63.7429             1.13636             64.8793
                  75                 550                   0             64.5419             1.13636             65.6783
                  75                 560                   0             65.2344             1.13636             66.3707
                  75                 570                   0             66.3352             1.13636             67.4716
                  75                 580                   0              67.081             1.13636             68.2173
                  75                 590                   0             67.9332             1.13636             69.0696
                  75                 600                   0             68.6257             1.13636             69.7621
                  75                 610                   0             70.0639             1.13636             71.2003
                  75                 620                   0              71.005             1.13636             72.1413
                  75                 630                   0             71.5376             1.13636              72.674
                  75                 640                   0             72.6918             1.13636             73.8281
                  75                 650                   0             73.7393             1.13636             74.8757
                  75                 660                   0             74.3075             1.13636             75.4439
                  75                 670                   0             74.0589             1.13636             75.1953
                  75                 680                   0             74.6094             1.13636             75.7457
                  75                 690                   0             75.4084             1.13636             76.5447
                  75                 700                   0             75.4972             1.13636             76.6335
                  75                 710                   0              75.728             1.13636             76.8643
                  75                 720                   0             75.9588             1.13636             77.0952
                  75                 730                   0             76.1541             1.13636             77.2905
                  75                 740                   0             76.5447             1.13636             77.6811
                  75                 750                   0             76.6513             1.13636             77.7876
                  75                 760                   0             76.8111             1.13636             77.9474
                  75                 770                   0             76.8288             1.13636             77.9652
                  75                 780                   0             76.8466             1.13636              77.983
                  75                 790                   0             77.0952             1.13636             78.2315
                  75                 800                   0             78.5866             1.13636              79.723
                  75                 810                   0             78.8885             1.13636             80.0249
                  75                 820                   0             81.6406             1.13636              82.777
                  75                 830                   0             82.2621             1.13636             83.3984
                  75                 840                   0             82.4041             1.13636             83.5405
                  75                 850                   0             82.6705             1.13636             83.8068
                  75                 860                   0             83.0256             1.13636             84.1619
                  75                 870                   0             83.0966             1.13636              84.233
                  75                 880                   0             84.1087             1.13636              85.245
                  75                 890                   0             84.1087             1.13636              85.245
                  75                 900                   0             85.3516             1.13636             86.4879
                  75                 910                   0             85.8665             1.13636             87.0028
                  75                 920                   0             86.3636             1.13636                87.5
                  75                 930                   0             86.4169             1.13636             87.5533
                  75                 940                   0             86.6832             1.13636             87.8196
                  75                 950                   0             86.7188             1.13636             87.8551
                  75                 960                   0              86.772             1.13636             87.9084
                  75                 970                   0             87.6065             1.13636             88.7429
                  75                 980                   0             87.6598             1.13636             88.7962
                  75                 990                   0             88.4588             1.13636             89.5952
                  75                1000                   0             88.4766             1.13636             89.6129
