                   5                   0                   0             6.83594             69.8864
                   5                  10                   0             6.92472             68.1818
                   5                  20                   0             7.08452             65.3409
                   5                  30                   0             7.15554             65.3409
                   5                  40                   0             7.27983             65.3409
                   5                  50                   0              7.4929             64.2045
                   5                  60                   0             7.72372             60.7955
                   5                  70                   0             8.14986             59.6591
                   5                  80                   0             8.39844             58.5227
                   5                  90                   0             8.64702             57.9545
                   5                 100                   0             8.96662             55.6818
                   5                 110                   0             9.19744             55.6818
                   5                 120                   0             9.60582             55.1136
                   5                 130                   0             10.1562             52.2727
                   5                 140                   0             10.5291             52.2727
                   5                 150                   0             10.8842             51.7045
                   5                 160                   0             11.1506             51.1364
                   5                 170                   0             11.4524             50.5682
                   5                 180                   0             11.8786             50.5682
                   5                 190                   0             12.2692                  50
                   5                 200                   0             12.8018             49.4318
                   5                 210                   0             13.1214             48.2955
                   5                 220                   0             13.3523             48.2955
                   5                 230                   0             13.9915             46.0227
                   5                 240                   0             15.5007             43.1818
                   5                 250                   0             16.1577             41.4773
                   5                 260                   0             16.8324             40.9091
                   5                 270                   0             17.5249             38.6364
                   5                 280                   0             18.0398                37.5
                   5                 290                   0             18.5902             36.9318
                   5                 300                   0             19.2472             36.9318
                   5                 310                   0             20.0107             36.3636
                   5                 320                   0             20.8274             34.0909
                   5                 330                   0             21.7507             32.9545
                   5                 340                   0             22.3544             31.8182
                   5                 350                   0             23.4197             28.4091
                   5                 360                   0             24.3963             26.7045
                   5                 370                   0             25.9411             23.2955
                   5                 380                   0              27.326             21.5909
                   5                 390                   0             28.2493             20.4545
                   5                 400                   0             29.7053             19.8864
                   5                 410                   0             31.1612               18.75
                   5                 420                   0             32.4219             17.6136
                   5                 430                   0             34.7834             17.6136
                   5                 440                   0             37.6598             16.4773
                   5                 450                   0             39.2401             15.3409
                   5                 460                   0             40.2876             15.3409
                   5                 470                   0             43.3949             14.7727
                   5                 480                   0             45.4901             13.0682
                   5                 490                   0             47.1236                12.5
                   5                 500                   0             48.3665             10.7955
                   5                 510                   0             49.9467             9.09091
                   5                 520                   0             51.0476             9.09091
                   5                 530                   0             52.8409             8.52273
                   5                 540                   0             56.6584             6.81818
                   5                 550                   0             58.9844             6.81818
                   5                 560                   0              63.299                6.25
                   5                 570                   0             66.1754             4.54545
                   5                 580                   0             68.4659             3.40909
                   5                 590                   0             69.9041             3.40909
                   5                 600                   0             71.3246             2.84091
                   5                 610                   0             73.6151             1.70455
                   5                 620                   0             76.3672             1.70455
                   5                 630                   0             77.7876             1.70455
                   5                 640                   0             78.4801             1.70455
                   5                 650                   0             79.8651             1.70455
                   5                 660                   0             80.4332             1.13636
                   5                 670                   0             80.7706             1.13636
                   5                 680                   0             82.9368            0.568182
                   5                 690                   0             84.5881            0.568182
                   5                 700                   0             85.5824            0.568182
                   5                 710                   0             85.7422            0.568182
                   5                 720                   0             86.5412            0.568182
                   5                 730                   0             87.1804            0.568182
                   5                 740                   0             88.9027            0.568182
                   5                 750                   0             89.4886            0.568182
                   5                 760                   0             89.6662            0.568182
                   5                 770                   0             89.6839            0.568182
                   5                 780                   0             89.8082            0.568182
                   5                 790                   0              89.968            0.568182
                   5                 800                   0             90.2166            0.568182
                   5                 810                   0             90.3232            0.568182
                   5                 820                   0             91.3707            0.568182
                   5                 830                   0              92.951            0.568182
                   5                 840                   0             93.3061            0.568182
                   5                 850                   0             93.3416            0.568182
                   5                 860                   0             93.3949            0.568182
                   5                 870                   0             93.4482            0.568182
                   5                 880                   0             93.7322            0.568182
                   5                 890                   0             93.8565            0.568182
                   5                 900                   0             94.4247            0.568182
                   5                 910                   0             94.4957            0.568182
                   5                 920                   0             94.6555            0.568182
                   5                 930                   0             94.7266            0.568182
                   5                 940                   0             94.7266            0.568182
                   5                 950                   0             94.9041            0.568182
                   5                 960                   0             94.9219            0.568182
                   5                 970                   0             95.0639            0.568182
                   5                 980                   0             95.1705            0.568182
                   5                 990                   0             95.2237            0.568182
                   5                1000                   0             95.2237            0.568182
