                 100                   0                   0              92.081             1.70455
                 100                  10                   0             94.3537            0.568182
                 100                  20                   0             94.4957            0.568182
                 100                  30                   0             94.6911            0.568182
                 100                  40                   0             94.8686                   0
                 100                  50                   0             94.9396                   0
                 100                  60                   0             95.0817                   0
                 100                  70                   0             95.4723                   0
                 100                  80                   0             95.6143                   0
                 100                  90                   0             95.7031                   0
                 100                 100                   0             95.9339                   0
                 100                 110                   0             96.0405                   0
                 100                 120                   0              96.218                   0
                 100                 130                   0             96.4666                   0
                 100                 140                   0             96.5554                   0
                 100                 150                   0              96.946                   0
                 100                 160                   0              97.017                   0
                 100                 170                   0             97.4432                   0
                 100                 180                   0             97.7983                   0
                 100                 190                   0             97.8161                   0
                 100                 200                   0             97.8693                   0
                 100                 210                   0             97.9048                   0
                 100                 220                   0             97.9759                   0
                 100                 230                   0             98.0291                   0
                 100                 240                   0             98.0824                   0
                 100                 250                   0             98.2422                   0
                 100                 260                   0             98.2955                   0
                 100                 270                   0              98.331                   0
                 100                 280                   0             98.4908                   0
                 100                 290                   0             98.5263                   0
                 100                 300                   0              98.544                   0
                 100                 310                   0             99.1655                   0
                 100                 320                   0             99.2188                   0
                 100                 330                   0             99.2188                   0
                 100                 340                   0             99.4318                   0
                 100                 350                   0             99.4318                   0
                 100                 360                   0             99.4318                   0
                 100                 370                   0             99.4318                   0
                 100                 380                   0             99.6626                   0
                 100                 390                   0             99.6626                   0
                 100                 400                   0             99.6626                   0
                 100                 410                   0             99.6626                   0
                 100                 420                   0             99.6804                   0
                 100                 430                   0             99.6804                   0
                 100                 440                   0             99.6804                   0
                 100                 450                   0             99.6804                   0
                 100                 460                   0             99.6804                   0
                 100                 470                   0             99.6804                   0
                 100                 480                   0             99.6804                   0
                 100                 490                   0             99.6804                   0
                 100                 500                   0             99.6804                   0
                 100                 510                   0             99.6804                   0
                 100                 520                   0             99.6804                   0
                 100                 530                   0             99.6982                   0
                 100                 540                   0             99.6982                   0
                 100                 550                   0             99.6982                   0
                 100                 560                   0             99.6982                   0
                 100                 570                   0             99.6982                   0
                 100                 580                   0             99.6982                   0
                 100                 590                   0             99.6982                   0
                 100                 600                   0             99.6982                   0
                 100                 610                   0             99.6982                   0
                 100                 620                   0             99.6982                   0
                 100                 630                   0             99.6982                   0
                 100                 640                   0             99.6982                   0
                 100                 650                   0             99.6982                   0
                 100                 660                   0             99.6982                   0
                 100                 670                   0             99.6982                   0
                 100                 680                   0             99.6982                   0
                 100                 690                   0             99.6982                   0
                 100                 700                   0             99.6982                   0
                 100                 710                   0             99.6982                   0
                 100                 720                   0             99.6982                   0
                 100                 730                   0             99.6982                   0
                 100                 740                   0             99.6982                   0
                 100                 750                   0             99.6982                   0
                 100                 760                   0             99.6982                   0
                 100                 770                   0             99.6982                   0
                 100                 780                   0             99.6982                   0
                 100                 790                   0             99.6982                   0
                 100                 800                   0             99.6982                   0
                 100                 810                   0             99.6982                   0
                 100                 820                   0             99.6982                   0
                 100                 830                   0             99.6982                   0
                 100                 840                   0             99.6982                   0
                 100                 850                   0             99.6982                   0
                 100                 860                   0             99.6982                   0
                 100                 870                   0             99.6982                   0
                 100                 880                   0             99.6982                   0
                 100                 890                   0             99.6982                   0
                 100                 900                   0             99.6982                   0
                 100                 910                   0             99.6982                   0
                 100                 920                   0             99.6982                   0
                 100                 930                   0             99.7159                   0
                 100                 940                   0             99.7159                   0
                 100                 950                   0             99.7159                   0
                 100                 960                   0             99.7159                   0
                 100                 970                   0             99.7159                   0
                 100                 980                   0             99.7159                   0
                 100                 990                   0             99.7159                   0
                 100                1000                   0             99.7159                   0
