                  10                   0                   0             13.5121             48.2955
                  10                  10                   0             14.1335             47.7273
                  10                  20                   0             14.4531             47.7273
                  10                  30                   0             14.7195             44.8864
                  10                  40                   0             15.4297             44.3182
                  10                  50                   0             15.6428             44.3182
                  10                  60                   0             16.2287             44.3182
                  10                  70                   0             16.8324             43.1818
                  10                  80                   0             17.3828             42.0455
                  10                  90                   0             17.9865             40.3409
                  10                 100                   0             18.6257             39.7727
                  10                 110                   0             19.2116             39.7727
                  10                 120                   0             19.7266             38.0682
                  10                 130                   0              20.348             36.9318
                  10                 140                   0             21.2891             34.6591
                  10                 150                   0              21.946             32.9545
                  10                 160                   0             22.8516               31.25
                  10                 170                   0             23.6506             30.1136
                  10                 180                   0             24.2898             29.5455
                  10                 190                   0             25.0533             28.4091
                  10                 200                   0             25.8168             27.8409
                  10                 210                   0             26.6513             27.2727
                  10                 220                   0             27.4858             23.2955
                  10                 230                   0             28.5156             21.5909
                  10                 240                   0             29.4744             19.8864
                  10                 250                   0             30.3267               18.75
                  10                 260                   0             31.4098               18.75
                  10                 270                   0             32.1378             17.6136
                  10                 280                   0             33.4872             15.3409
                  10                 290                   0             35.7244             15.3409
                  10                 300                   0             36.8253             15.3409
                  10                 310                   0             37.9972             14.2045
                  10                 320                   0             39.7195             11.3636
                  10                 330                   0             40.6783             10.7955
                  10                 340                   0             43.6257             10.2273
                  10                 350                   0             45.4901             10.2273
                  10                 360                   0              47.745             9.65909
                  10                 370                   0             50.2131             7.95455
                  10                 380                   0              54.723             5.68182
                  10                 390                   0              56.108             5.68182
                  10                 400                   0             58.0611             5.11364
                  10                 410                   0              60.831             4.54545
                  10                 420                   0             62.7486             3.40909
                  10                 430                   0             64.5952             3.40909
                  10                 440                   0             66.1932             2.84091
                  10                 450                   0             67.7557             2.84091
                  10                 460                   0             69.1406             2.84091
                  10                 470                   0             70.8452             1.13636
                  10                 480                   0             72.8693             1.13636
                  10                 490                   0             74.6271             1.13636
                  10                 500                   0             76.5092             1.13636
                  10                 510                   0              78.267             1.13636
                  10                 520                   0             79.9893             1.13636
                  10                 530                   0              82.706             1.13636
                  10                 540                   0             84.3395            0.568182
                  10                 550                   0             85.1207            0.568182
                  10                 560                   0             85.7599            0.568182
                  10                 570                   0             86.1861            0.568182
                  10                 580                   0             86.9141            0.568182
                  10                 590                   0             87.9439            0.568182
                  10                 600                   0             89.0803            0.568182
                  10                 610                   0             89.2401            0.568182
                  10                 620                   0             90.2166            0.568182
                  10                 630                   0             91.5838            0.568182
                  10                 640                   0             91.9389            0.568182
                  10                 650                   0             92.3295            0.568182
                  10                 660                   0             92.5959            0.568182
                  10                 670                   0             93.5902            0.568182
                  10                 680                   0             93.9808            0.568182
                  10                 690                   0             94.2294            0.568182
                  10                 700                   0             94.3004            0.568182
                  10                 710                   0             94.3537            0.568182
                  10                 720                   0             94.4425            0.568182
                  10                 730                   0             94.4957            0.568182
                  10                 740                   0             94.9041            0.568182
                  10                 750                   0             94.9219            0.568182
                  10                 760                   0             95.7209            0.568182
                  10                 770                   0             95.7386            0.568182
                  10                 780                   0             95.7741            0.568182
                  10                 790                   0             95.8274            0.568182
                  10                 800                   0             95.8629            0.568182
                  10                 810                   0             95.8984            0.568182
                  10                 820                   0             95.9162            0.568182
                  10                 830                   0              96.218            0.568182
                  10                 840                   0             96.2358            0.568182
                  10                 850                   0             96.3068            0.568182
                  10                 860                   0             96.3246            0.568182
                  10                 870                   0             96.3778            0.568182
                  10                 880                   0             96.3956            0.568182
                  10                 890                   0             96.6797            0.568182
                  10                 900                   0              96.733            0.568182
                  10                 910                   0             96.7507                   0
                  10                 920                   0             96.7685                   0
                  10                 930                   0             96.7685                   0
                  10                 940                   0             96.7685                   0
                  10                 950                   0             96.8395                   0
                  10                 960                   0             96.8572                   0
                  10                 970                   0              96.875                   0
                  10                 980                   0             96.8928                   0
                  10                 990                   0              96.946                   0
                  10                1000                   0             96.9638                   0
