                  95                   0                   0             91.5305             1.70455
                  95                  10                   0             93.9631            0.568182
                  95                  20                   0             94.1939            0.568182
                  95                  30                   0             94.3892            0.568182
                  95                  40                   0             94.4602            0.568182
                  95                  50                   0             94.7266            0.568182
                  95                  60                   0             94.9041                   0
                  95                  70                   0             95.0462                   0
                  95                  80                   0             95.1527                   0
                  95                  90                   0             95.5256                   0
                  95                 100                   0             95.6676                   0
                  95                 110                   0             95.7031                   0
                  95                 120                   0             96.0227                   0
                  95                 130                   0             96.1115                   0
                  95                 140                   0             96.2891                   0
                  95                 150                   0             96.5376                   0
                  95                 160                   0             96.6974                   0
                  95                 170                   0             96.9993                   0
                  95                 180                   0             97.0526                   0
                  95                 190                   0             97.4787                   0
                  95                 200                   0             97.7983                   0
                  95                 210                   0             97.8516                   0
                  95                 220                   0             97.9226                   0
                  95                 230                   0             97.9581                   0
                  95                 240                   0             97.9936                   0
                  95                 250                   0             98.0646                   0
                  95                 260                   0             98.2244                   0
                  95                 270                   0             98.2777                   0
                  95                 280                   0             98.3665                   0
                  95                 290                   0              98.473                   0
                  95                 300                   0             98.5263                   0
                  95                 310                   0             98.5263                   0
                  95                 320                   0              99.201                   0
                  95                 330                   0              99.201                   0
                  95                 340                   0              99.201                   0
                  95                 350                   0             99.4141                   0
                  95                 360                   0             99.4141                   0
                  95                 370                   0             99.4141                   0
                  95                 380                   0             99.4141                   0
                  95                 390                   0             99.4141                   0
                  95                 400                   0             99.4141                   0
                  95                 410                   0             99.4496                   0
                  95                 420                   0             99.4496                   0
                  95                 430                   0             99.6804                   0
                  95                 440                   0             99.6804                   0
                  95                 450                   0             99.6804                   0
                  95                 460                   0             99.6804                   0
                  95                 470                   0             99.6804                   0
                  95                 480                   0             99.6804                   0
                  95                 490                   0             99.6804                   0
                  95                 500                   0             99.6804                   0
                  95                 510                   0             99.6804                   0
                  95                 520                   0             99.6804                   0
                  95                 530                   0             99.6804                   0
                  95                 540                   0             99.6982                   0
                  95                 550                   0             99.6982                   0
                  95                 560                   0             99.6982                   0
                  95                 570                   0             99.6982                   0
                  95                 580                   0             99.6982                   0
                  95                 590                   0             99.6982                   0
                  95                 600                   0             99.6982                   0
                  95                 610                   0             99.6982                   0
                  95                 620                   0             99.6982                   0
                  95                 630                   0             99.6982                   0
                  95                 640                   0             99.6982                   0
                  95                 650                   0             99.6982                   0
                  95                 660                   0             99.6982                   0
                  95                 670                   0             99.6982                   0
                  95                 680                   0             99.6982                   0
                  95                 690                   0             99.6982                   0
                  95                 700                   0             99.6982                   0
                  95                 710                   0             99.6982                   0
                  95                 720                   0             99.6982                   0
                  95                 730                   0             99.6982                   0
                  95                 740                   0             99.6982                   0
                  95                 750                   0             99.6982                   0
                  95                 760                   0             99.6982                   0
                  95                 770                   0             99.6982                   0
                  95                 780                   0             99.6982                   0
                  95                 790                   0             99.6982                   0
                  95                 800                   0             99.6982                   0
                  95                 810                   0             99.6982                   0
                  95                 820                   0             99.6982                   0
                  95                 830                   0             99.6982                   0
                  95                 840                   0             99.6982                   0
                  95                 850                   0             99.6982                   0
                  95                 860                   0             99.6982                   0
                  95                 870                   0             99.6982                   0
                  95                 880                   0             99.6982                   0
                  95                 890                   0             99.6982                   0
                  95                 900                   0             99.6982                   0
                  95                 910                   0             99.6982                   0
                  95                 920                   0             99.6982                   0
                  95                 930                   0             99.6982                   0
                  95                 940                   0             99.6982                   0
                  95                 950                   0             99.6982                   0
                  95                 960                   0             99.6982                   0
                  95                 970                   0             99.6982                   0
                  95                 980                   0             99.6982                   0
                  95                 990                   0             99.6982                   0
                  95                1000                   0             99.6982                   0
