                  35                   0                   0             47.9759             8.52273
                  35                  10                   0             49.7514             9.09091
                  35                  20                   0             51.1541             8.52273
                  35                  30                   0             52.2727             8.52273
                  35                  40                   0             53.7464             7.95455
                  35                  50                   0             55.0604             7.95455
                  35                  60                   0             56.6761             7.38636
                  35                  70                   0             58.1321             7.38636
                  35                  80                   0             59.8544             7.38636
                  35                  90                   0             61.3281             5.11364
                  35                 100                   0             63.2635             5.11364
                  35                 110                   0             64.9325             4.54545
                  35                 120                   0             66.5128             2.84091
                  35                 130                   0             68.3949             2.84091
                  35                 140                   0             70.0462             2.27273
                  35                 150                   0             71.2536             1.70455
                  35                 160                   0             72.7805             1.70455
                  35                 170                   0               74.13             1.70455
                  35                 180                   0             75.3374             1.70455
                  35                 190                   0             77.0597             1.70455
                  35                 200                   0             78.7287            0.568182
                  35                 210                   0             80.3267            0.568182
                  35                 220                   0             81.7472            0.568182
                  35                 230                   0             83.2386            0.568182
                  35                 240                   0             84.1087            0.568182
                  35                 250                   0             85.9197                   0
                  35                 260                   0             87.0028                   0
                  35                 270                   0             87.9794                   0
                  35                 280                   0             88.6541                   0
                  35                 290                   0             89.4176                   0
                  35                 300                   0             90.1811                   0
                  35                 310                   0             90.5185                   0
                  35                 320                   0              91.495                   0
                  35                 330                   0             91.9389                   0
                  35                 340                   0             92.4361                   0
                  35                 350                   0             92.6847                   0
                  35                 360                   0              93.022                   0
                  35                 370                   0             94.0163                   0
                  35                 380                   0             94.1051                   0
                  35                 390                   0             94.1406                   0
                  35                 400                   0             94.3892                   0
                  35                 410                   0             94.7976                   0
                  35                 420                   0             95.2415                   0
                  35                 430                   0             96.2536                   0
                  35                 440                   0             96.4844                   0
                  35                 450                   0             96.6797                   0
                  35                 460                   0              97.674                   0
                  35                 470                   0             97.7095                   0
                  35                 480                   0              97.745                   0
                  35                 490                   0             97.8161                   0
                  35                 500                   0             98.1179                   0
                  35                 510                   0             98.1357                   0
                  35                 520                   0             98.2067                   0
                  35                 530                   0             98.2067                   0
                  35                 540                   0             98.2067                   0
                  35                 550                   0             98.2067                   0
                  35                 560                   0             98.2067                   0
                  35                 570                   0             98.2067                   0
                  35                 580                   0             98.2955                   0
                  35                 590                   0             98.2955                   0
                  35                 600                   0             98.3842                   0
                  35                 610                   0             98.6151                   0
                  35                 620                   0             98.6328                   0
                  35                 630                   0             98.6506                   0
                  35                 640                   0             98.6506                   0
                  35                 650                   0             98.6506                   0
                  35                 660                   0             98.6861                   0
                  35                 670                   0             98.7393                   0
                  35                 680                   0             98.7926                   0
                  35                 690                   0             98.8104                   0
                  35                 700                   0             98.8104                   0
                  35                 710                   0             98.8104                   0
                  35                 720                   0             98.8281                   0
                  35                 730                   0             98.8281                   0
                  35                 740                   0             98.8281                   0
                  35                 750                   0             98.8281                   0
                  35                 760                   0             98.8281                   0
                  35                 770                   0             98.8281                   0
                  35                 780                   0             98.8281                   0
                  35                 790                   0             98.8281                   0
                  35                 800                   0             98.8459                   0
                  35                 810                   0             98.8459                   0
                  35                 820                   0             98.8459                   0
                  35                 830                   0             98.8459                   0
                  35                 840                   0             98.8636                   0
                  35                 850                   0             98.8636                   0
                  35                 860                   0             98.8636                   0
                  35                 870                   0             98.8636                   0
                  35                 880                   0             98.8636                   0
                  35                 890                   0             98.8636                   0
                  35                 900                   0             98.8636                   0
                  35                 910                   0             98.8636                   0
                  35                 920                   0             98.8636                   0
                  35                 930                   0             98.8636                   0
                  35                 940                   0             98.8636                   0
                  35                 950                   0             98.8636                   0
                  35                 960                   0             98.8636                   0
                  35                 970                   0             98.8636                   0
                  35                 980                   0             98.8636                   0
                  35                 990                   0             99.0589                   0
                  35                1000                   0             99.0589                   0
