                  25                   0                   0             34.8011             19.3182
                  25                  10                   0             36.0973             17.6136
                  25                  20                   0             37.2692             17.6136
                  25                  30                   0             38.2812             16.4773
                  25                  40                   0             39.3821             15.3409
                  25                  50                   0             40.5007             13.6364
                  25                  60                   0             41.6548             13.0682
                  25                  70                   0             42.8267             13.0682
                  25                  80                   0             44.2827                12.5
                  25                  90                   0             45.6499                12.5
                  25                 100                   0             46.9638             11.3636
                  25                 110                   0             48.2422             11.3636
                  25                 120                   0             49.7159             10.2273
                  25                 130                   0             51.1541             9.09091
                  25                 140                   0             52.9297             7.95455
                  25                 150                   0             54.3679             7.38636
                  25                 160                   0             56.3565                6.25
                  25                 170                   0             57.7237             5.11364
                  25                 180                   0             59.7479             3.97727
                  25                 190                   0             61.3104             2.27273
                  25                 200                   0             62.8374             1.70455
                  25                 210                   0              64.755             1.70455
                  25                 220                   0             66.1044             1.70455
                  25                 230                   0             67.8622             1.13636
                  25                 240                   0             70.9339             1.13636
                  25                 250                   0             72.5142             1.13636
                  25                 260                   0             73.8991             1.13636
                  25                 270                   0             75.3374             1.13636
                  25                 280                   0             76.4027            0.568182
                  25                 290                   0             77.4148            0.568182
                  25                 300                   0             78.5866            0.568182
                  25                 310                   0             80.7173            0.568182
                  25                 320                   0             82.5107                   0
                  25                 330                   0             83.9844                   0
                  25                 340                   0             85.4403                   0
                  25                 350                   0             86.6477                   0
                  25                 360                   0             87.7131                   0
                  25                 370                   0             88.4766                   0
                  25                 380                   0             89.3999                   0
                  25                 390                   0             90.1456                   0
                  25                 400                   0             90.7138                   0
                  25                 410                   0             90.9624                   0
                  25                 420                   0             91.3707                   0
                  25                 430                   0             91.9389                   0
                  25                 440                   0              92.081                   0
                  25                 450                   0              92.951                   0
                  25                 460                   0             94.1051                   0
                  25                 470                   0             95.2415                   0
                  25                 480                   0             95.6321                   0
                  25                 490                   0             95.7031                   0
                  25                 500                   0             95.9162                   0
                  25                 510                   0              96.005                   0
                  25                 520                   0             96.8395                   0
                  25                 530                   0             97.0526                   0
                  25                 540                   0             97.1946                   0
                  25                 550                   0             97.4254                   0
                  25                 560                   0             97.4254                   0
                  25                 570                   0             97.4254                   0
                  25                 580                   0             97.5142                   0
                  25                 590                   0             97.5142                   0
                  25                 600                   0             97.5142                   0
                  25                 610                   0             97.5142                   0
                  25                 620                   0              97.532                   0
                  25                 630                   0             97.5497                   0
                  25                 640                   0             97.6207                   0
                  25                 650                   0             97.6918                   0
                  25                 660                   0             97.7628                   0
                  25                 670                   0             98.0469                   0
                  25                 680                   0             98.0824                   0
                  25                 690                   0             98.0824                   0
                  25                 700                   0             98.0824                   0
                  25                 710                   0             98.1534                   0
                  25                 720                   0             98.2067                   0
                  25                 730                   0             98.2067                   0
                  25                 740                   0             98.2777                   0
                  25                 750                   0             98.2777                   0
                  25                 760                   0             98.2955                   0
                  25                 770                   0             98.2955                   0
                  25                 780                   0             98.2955                   0
                  25                 790                   0             98.2955                   0
                  25                 800                   0             98.2955                   0
                  25                 810                   0             98.2955                   0
                  25                 820                   0             98.2955                   0
                  25                 830                   0             98.2955                   0
                  25                 840                   0              98.331                   0
                  25                 850                   0              98.331                   0
                  25                 860                   0             98.3842                   0
                  25                 870                   0             98.3842                   0
                  25                 880                   0             98.3842                   0
                  25                 890                   0             98.4553                   0
                  25                 900                   0             98.4553                   0
                  25                 910                   0             98.4553                   0
                  25                 920                   0             98.4553                   0
                  25                 930                   0             98.4553                   0
                  25                 940                   0             98.4553                   0
                  25                 950                   0             98.4553                   0
                  25                 960                   0             98.4553                   0
                  25                 970                   0             98.4553                   0
                  25                 980                   0             98.4553                   0
                  25                 990                   0             98.4553                   0
                  25                1000                   0             98.4553                   0
