                  45                   0                   0             59.6946                6.25
                  45                  10                   0             63.0504                6.25
                  45                  20                   0             64.4176             5.68182
                  45                  30                   0             65.9091             5.68182
                  45                  40                   0             67.3295             5.11364
                  45                  50                   0             69.1051             3.40909
                  45                  60                   0             70.3835             3.40909
                  45                  70                   0             71.9993             3.40909
                  45                  80                   0             73.5085             2.27273
                  45                  90                   0             74.5561             2.27273
                  45                 100                   0             75.4972             2.27273
                  45                 110                   0              77.255             2.27273
                  45                 120                   0             78.7464             1.70455
                  45                 130                   0             80.2734             1.13636
                  45                 140                   0             81.8182             1.13636
                  45                 150                   0             83.0788             1.13636
                  45                 160                   0             84.0199             1.13636
                  45                 170                   0             85.1918            0.568182
                  45                 180                   0             86.2926            0.568182
                  45                 190                   0             87.3757            0.568182
                  45                 200                   0             88.6541            0.568182
                  45                 210                   0             89.8082                   0
                  45                 220                   0             90.4297                   0
                  45                 230                   0             91.1577                   0
                  45                 240                   0             91.6726                   0
                  45                 250                   0             91.9034                   0
                  45                 260                   0             92.3295                   0
                  45                 270                   0              93.093                   0
                  45                 280                   0             93.3594                   0
                  45                 290                   0             93.5192                   0
                  45                 300                   0             94.3182                   0
                  45                 310                   0             94.7088                   0
                  45                 320                   0             94.8331                   0
                  45                 330                   0             95.0639                   0
                  45                 340                   0             95.2415                   0
                  45                 350                   0              95.277                   0
                  45                 360                   0             95.4545                   0
                  45                 370                   0             96.3068                   0
                  45                 380                   0              96.804                   0
                  45                 390                   0             97.1591                   0
                  45                 400                   0             97.5142                   0
                  45                 410                   0             98.4197                   0
                  45                 420                   0              98.473                   0
                  45                 430                   0             98.5085                   0
                  45                 440                   0              98.544                   0
                  45                 450                   0             98.5795                   0
                  45                 460                   0             98.5795                   0
                  45                 470                   0             98.5795                   0
                  45                 480                   0             98.7393                   0
                  45                 490                   0             98.7393                   0
                  45                 500                   0             98.7571                   0
                  45                 510                   0             98.7571                   0
                  45                 520                   0             98.7571                   0
                  45                 530                   0             98.7571                   0
                  45                 540                   0             98.7571                   0
                  45                 550                   0             98.7571                   0
                  45                 560                   0             98.7749                   0
                  45                 570                   0             98.7926                   0
                  45                 580                   0             98.7926                   0
                  45                 590                   0             98.7926                   0
                  45                 600                   0             98.8281                   0
                  45                 610                   0             98.8281                   0
                  45                 620                   0             98.8459                   0
                  45                 630                   0             98.8459                   0
                  45                 640                   0             98.8459                   0
                  45                 650                   0             98.8459                   0
                  45                 660                   0             98.8459                   0
                  45                 670                   0             98.8459                   0
                  45                 680                   0             98.8459                   0
                  45                 690                   0             98.8636                   0
                  45                 700                   0             98.8636                   0
                  45                 710                   0             98.8636                   0
                  45                 720                   0             98.8636                   0
                  45                 730                   0             98.8636                   0
                  45                 740                   0             98.8636                   0
                  45                 750                   0             98.8636                   0
                  45                 760                   0             98.8814                   0
                  45                 770                   0             98.8814                   0
                  45                 780                   0             98.8814                   0
                  45                 790                   0             98.8814                   0
                  45                 800                   0             98.8991                   0
                  45                 810                   0             98.8991                   0
                  45                 820                   0             98.8991                   0
                  45                 830                   0             99.2898                   0
                  45                 840                   0             99.2898                   0
                  45                 850                   0             99.2898                   0
                  45                 860                   0             99.2898                   0
                  45                 870                   0             99.2898                   0
                  45                 880                   0             99.2898                   0
                  45                 890                   0             99.2898                   0
                  45                 900                   0             99.4851                   0
                  45                 910                   0             99.4851                   0
                  45                 920                   0             99.4851                   0
                  45                 930                   0             99.4851                   0
                  45                 940                   0             99.4851                   0
                  45                 950                   0             99.4851                   0
                  45                 960                   0             99.4851                   0
                  45                 970                   0             99.4851                   0
                  45                 980                   0             99.4851                   0
                  45                 990                   0             99.5028                   0
                  45                1000                   0             99.5028                   0
