                  65                   0                   0             78.4979             2.27273
                  65                  10                   0             81.7827             1.70455
                  65                  20                   0             82.9901             1.70455
                  65                  30                   0             84.3572             1.70455
                  65                  40                   0             85.4759             1.70455
                  65                  50                   0             86.6655             1.13636
                  65                  60                   0             87.8551             1.13636
                  65                  70                   0             89.0625             1.13636
                  65                  80                   0             90.2166             1.13636
                  65                  90                   0             90.9091             1.13636
                  65                 100                   0             91.4418            0.568182
                  65                 110                   0              92.223            0.568182
                  65                 120                   0             92.7379            0.568182
                  65                 130                   0             93.2351            0.568182
                  65                 140                   0             93.3594            0.568182
                  65                 150                   0             93.4837                   0
                  65                 160                   0             93.8033                   0
                  65                 170                   0             94.0163                   0
                  65                 180                   0             94.1939                   0
                  65                 190                   0             94.6733                   0
                  65                 200                   0             94.9574                   0
                  65                 210                   0             95.1172                   0
                  65                 220                   0             95.2592                   0
                  65                 230                   0             95.5078                   0
                  65                 240                   0             95.5078                   0
                  65                 250                   0             95.5611                   0
                  65                 260                   0             96.2003                   0
                  65                 270                   0             96.3956                   0
                  65                 280                   0             96.6264                   0
                  65                 290                   0             96.8572                   0
                  65                 300                   0             97.2834                   0
                  65                 310                   0              97.674                   0
                  65                 320                   0             97.7628                   0
                  65                 330                   0             98.2067                   0
                  65                 340                   0             98.3132                   0
                  65                 350                   0             98.3842                   0
                  65                 360                   0             98.3842                   0
                  65                 370                   0             98.5263                   0
                  65                 380                   0             99.0945                   0
                  65                 390                   0             99.1122                   0
                  65                 400                   0             99.1122                   0
                  65                 410                   0             99.1477                   0
                  65                 420                   0             99.1477                   0
                  65                 430                   0             99.3075                   0
                  65                 440                   0             99.3075                   0
                  65                 450                   0             99.3075                   0
                  65                 460                   0             99.3075                   0
                  65                 470                   0             99.3253                   0
                  65                 480                   0             99.3253                   0
                  65                 490                   0             99.3253                   0
                  65                 500                   0              99.343                   0
                  65                 510                   0              99.343                   0
                  65                 520                   0              99.343                   0
                  65                 530                   0              99.343                   0
                  65                 540                   0              99.343                   0
                  65                 550                   0              99.343                   0
                  65                 560                   0              99.343                   0
                  65                 570                   0              99.343                   0
                  65                 580                   0             99.3608                   0
                  65                 590                   0             99.3608                   0
                  65                 600                   0             99.3608                   0
                  65                 610                   0             99.3786                   0
                  65                 620                   0             99.3786                   0
                  65                 630                   0             99.3786                   0
                  65                 640                   0             99.3963                   0
                  65                 650                   0             99.3963                   0
                  65                 660                   0             99.3963                   0
                  65                 670                   0             99.3963                   0
                  65                 680                   0             99.3963                   0
                  65                 690                   0             99.3963                   0
                  65                 700                   0             99.3963                   0
                  65                 710                   0             99.5916                   0
                  65                 720                   0             99.5916                   0
                  65                 730                   0             99.5916                   0
                  65                 740                   0             99.5916                   0
                  65                 750                   0             99.5916                   0
                  65                 760                   0             99.5916                   0
                  65                 770                   0             99.5916                   0
                  65                 780                   0             99.5916                   0
                  65                 790                   0             99.5916                   0
                  65                 800                   0             99.5916                   0
                  65                 810                   0             99.5916                   0
                  65                 820                   0             99.5916                   0
                  65                 830                   0             99.5916                   0
                  65                 840                   0             99.5916                   0
                  65                 850                   0             99.5916                   0
                  65                 860                   0             99.5916                   0
                  65                 870                   0             99.5916                   0
                  65                 880                   0             99.5916                   0
                  65                 890                   0             99.5916                   0
                  65                 900                   0             99.5916                   0
                  65                 910                   0             99.5916                   0
                  65                 920                   0             99.5916                   0
                  65                 930                   0             99.5916                   0
                  65                 940                   0             99.5916                   0
                  65                 950                   0             99.5916                   0
                  65                 960                   0             99.5916                   0
                  65                 970                   0             99.5916                   0
                  65                 980                   0             99.5916                   0
                  65                 990                   0             99.5916                   0
                  65                1000                   0             99.5916                   0
