                  75                   0                   0             85.0142             1.70455
                  75                  10                   0             88.6186             1.13636
                  75                  20                   0             89.5774             1.13636
                  75                  30                   0             90.5007             1.13636
                  75                  40                   0             91.1577             1.13636
                  75                  50                   0             91.8679             1.13636
                  75                  60                   0             92.6136             1.13636
                  75                  70                   0             93.0043            0.568182
                  75                  80                   0             93.5014            0.568182
                  75                  90                   0             93.8033            0.568182
                  75                 100                   0             93.9276            0.568182
                  75                 110                   0             94.0518            0.568182
                  75                 120                   0             94.3004                   0
                  75                 130                   0             94.4602                   0
                  75                 140                   0             94.9041                   0
                  75                 150                   0             95.0639                   0
                  75                 160                   0             95.3125                   0
                  75                 170                   0             95.5788                   0
                  75                 180                   0             95.6321                   0
                  75                 190                   0             95.6854                   0
                  75                 200                   0             95.7741                   0
                  75                 210                   0             96.4134                   0
                  75                 220                   0             96.4666                   0
                  75                 230                   0             96.6264                   0
                  75                 240                   0             96.9105                   0
                  75                 250                   0             97.2124                   0
                  75                 260                   0             97.7273                   0
                  75                 270                   0             97.8338                   0
                  75                 280                   0             97.9759                   0
                  75                 290                   0             98.0114                   0
                  75                 300                   0             98.1357                   0
                  75                 310                   0             98.1889                   0
                  75                 320                   0             98.3487                   0
                  75                 330                   0             98.4375                   0
                  75                 340                   0             98.4375                   0
                  75                 350                   0              98.473                   0
                  75                 360                   0             99.1477                   0
                  75                 370                   0             99.1655                   0
                  75                 380                   0             99.1655                   0
                  75                 390                   0              99.201                   0
                  75                 400                   0             99.3608                   0
                  75                 410                   0             99.3608                   0
                  75                 420                   0             99.3608                   0
                  75                 430                   0             99.3608                   0
                  75                 440                   0             99.3608                   0
                  75                 450                   0             99.3608                   0
                  75                 460                   0             99.3786                   0
                  75                 470                   0             99.3963                   0
                  75                 480                   0             99.3963                   0
                  75                 490                   0             99.3963                   0
                  75                 500                   0             99.3963                   0
                  75                 510                   0             99.3963                   0
                  75                 520                   0             99.3963                   0
                  75                 530                   0             99.3963                   0
                  75                 540                   0             99.3963                   0
                  75                 550                   0             99.3963                   0
                  75                 560                   0             99.4141                   0
                  75                 570                   0             99.4141                   0
                  75                 580                   0             99.4141                   0
                  75                 590                   0             99.4141                   0
                  75                 600                   0             99.4141                   0
                  75                 610                   0             99.6271                   0
                  75                 620                   0             99.6271                   0
                  75                 630                   0             99.6271                   0
                  75                 640                   0             99.6271                   0
                  75                 650                   0             99.6271                   0
                  75                 660                   0             99.6271                   0
                  75                 670                   0             99.6271                   0
                  75                 680                   0             99.6271                   0
                  75                 690                   0             99.6271                   0
                  75                 700                   0             99.6271                   0
                  75                 710                   0             99.6271                   0
                  75                 720                   0             99.6271                   0
                  75                 730                   0             99.6271                   0
                  75                 740                   0             99.6271                   0
                  75                 750                   0             99.6271                   0
                  75                 760                   0             99.6271                   0
                  75                 770                   0             99.6271                   0
                  75                 780                   0             99.6271                   0
                  75                 790                   0             99.6271                   0
                  75                 800                   0             99.6271                   0
                  75                 810                   0             99.6271                   0
                  75                 820                   0             99.6271                   0
                  75                 830                   0             99.6271                   0
                  75                 840                   0             99.6271                   0
                  75                 850                   0             99.6271                   0
                  75                 860                   0             99.6271                   0
                  75                 870                   0             99.6271                   0
                  75                 880                   0             99.6271                   0
                  75                 890                   0             99.6271                   0
                  75                 900                   0             99.6271                   0
                  75                 910                   0             99.6271                   0
                  75                 920                   0             99.6271                   0
                  75                 930                   0             99.6271                   0
                  75                 940                   0             99.6271                   0
                  75                 950                   0             99.6271                   0
                  75                 960                   0             99.6271                   0
                  75                 970                   0             99.6271                   0
                  75                 980                   0             99.6271                   0
                  75                 990                   0             99.6271                   0
                  75                1000                   0             99.6271                   0
