                  80                   0                   0             87.5355             1.70455
                  80                  10                   0             91.3175             1.13636
                  80                  20                   0             91.9034             1.13636
                  80                  30                   0             92.8977             1.13636
                  80                  40                   0             93.2351             1.13636
                  80                  50                   0             93.3771             1.13636
                  80                  60                   0              93.608            0.568182
                  80                  70                   0             93.9276            0.568182
                  80                  80                   0             94.0696            0.568182
                  80                  90                   0             94.2116            0.568182
                  80                 100                   0             94.4247                   0
                  80                 110                   0              94.549                   0
                  80                 120                   0             94.9041                   0
                  80                 130                   0             95.0817                   0
                  80                 140                   0             95.3303                   0
                  80                 150                   0             95.6499                   0
                  80                 160                   0             95.6499                   0
                  80                 170                   0             95.6854                   0
                  80                 180                   0             95.7741                   0
                  80                 190                   0             96.3068                   0
                  80                 200                   0             96.4844                   0
                  80                 210                   0             96.6087                   0
                  80                 220                   0             96.7507                   0
                  80                 230                   0             97.1946                   0
                  80                 240                   0             97.6918                   0
                  80                 250                   0             97.7805                   0
                  80                 260                   0             97.9226                   0
                  80                 270                   0             97.9936                   0
                  80                 280                   0             98.0291                   0
                  80                 290                   0             98.1889                   0
                  80                 300                   0             98.2067                   0
                  80                 310                   0             98.4197                   0
                  80                 320                   0             98.4553                   0
                  80                 330                   0             98.4553                   0
                  80                 340                   0             98.4908                   0
                  80                 350                   0             99.1655                   0
                  80                 360                   0             99.1655                   0
                  80                 370                   0             99.1832                   0
                  80                 380                   0             99.2188                   0
                  80                 390                   0             99.3786                   0
                  80                 400                   0             99.3786                   0
                  80                 410                   0             99.3786                   0
                  80                 420                   0             99.3786                   0
                  80                 430                   0             99.3786                   0
                  80                 440                   0             99.3786                   0
                  80                 450                   0             99.4141                   0
                  80                 460                   0             99.4141                   0
                  80                 470                   0             99.4141                   0
                  80                 480                   0             99.4141                   0
                  80                 490                   0             99.4141                   0
                  80                 500                   0             99.4141                   0
                  80                 510                   0             99.4141                   0
                  80                 520                   0             99.4141                   0
                  80                 530                   0             99.4141                   0
                  80                 540                   0             99.4141                   0
                  80                 550                   0             99.4141                   0
                  80                 560                   0             99.4318                   0
                  80                 570                   0             99.6449                   0
                  80                 580                   0             99.6449                   0
                  80                 590                   0             99.6449                   0
                  80                 600                   0             99.6449                   0
                  80                 610                   0             99.6449                   0
                  80                 620                   0             99.6449                   0
                  80                 630                   0             99.6449                   0
                  80                 640                   0             99.6449                   0
                  80                 650                   0             99.6449                   0
                  80                 660                   0             99.6449                   0
                  80                 670                   0             99.6449                   0
                  80                 680                   0             99.6449                   0
                  80                 690                   0             99.6449                   0
                  80                 700                   0             99.6449                   0
                  80                 710                   0             99.6449                   0
                  80                 720                   0             99.6449                   0
                  80                 730                   0             99.6449                   0
                  80                 740                   0             99.6449                   0
                  80                 750                   0             99.6449                   0
                  80                 760                   0             99.6449                   0
                  80                 770                   0             99.6449                   0
                  80                 780                   0             99.6449                   0
                  80                 790                   0             99.6449                   0
                  80                 800                   0             99.6449                   0
                  80                 810                   0             99.6449                   0
                  80                 820                   0             99.6449                   0
                  80                 830                   0             99.6449                   0
                  80                 840                   0             99.6449                   0
                  80                 850                   0             99.6626                   0
                  80                 860                   0             99.6626                   0
                  80                 870                   0             99.6626                   0
                  80                 880                   0             99.6626                   0
                  80                 890                   0             99.6626                   0
                  80                 900                   0             99.6626                   0
                  80                 910                   0             99.6626                   0
                  80                 920                   0             99.6626                   0
                  80                 930                   0             99.6626                   0
                  80                 940                   0             99.6626                   0
                  80                 950                   0             99.6804                   0
                  80                 960                   0             99.6804                   0
                  80                 970                   0             99.6804                   0
                  80                 980                   0             99.6804                   0
                  80                 990                   0             99.6804                   0
                  80                1000                   0             99.6804                   0
