                  30                   0                   0             41.3175             11.3636
                  30                  10                   0             43.6257             11.9318
                  30                  20                   0             44.7266             11.3636
                  30                  30                   0              46.147             10.7955
                  30                  40                   0             47.3544             10.2273
                  30                  50                   0             48.4553             10.7955
                  30                  60                   0             49.5028             9.09091
                  30                  70                   0              50.728             8.52273
                  30                  80                   0             52.1307             7.95455
                  30                  90                   0             53.9595             7.95455
                  30                 100                   0             55.3089             7.95455
                  30                 110                   0             56.8537             6.81818
                  30                 120                   0             58.4695             6.81818
                  30                 130                   0             60.0497             5.68182
                  30                 140                   0             61.7365             3.97727
                  30                 150                   0             63.6186             3.97727
                  30                 160                   0             65.1811             2.84091
                  30                 170                   0             66.9744             1.70455
                  30                 180                   0              68.679             1.70455
                  30                 190                   0             70.1705             1.70455
                  30                 200                   0             71.8217             1.70455
                  30                 210                   0             73.2955             1.13636
                  30                 220                   0             74.6982             1.13636
                  30                 230                   0             76.1186             1.13636
                  30                 240                   0              77.397             1.13636
                  30                 250                   0             78.8352             1.13636
                  30                 260                   0             79.9006            0.568182
                  30                 270                   0             81.8359                   0
                  30                 280                   0             83.3629                   0
                  30                 290                   0             85.1207                   0
                  30                 300                   0             86.6832                   0
                  30                 310                   0             87.6776                   0
                  30                 320                   0             88.4411                   0
                  30                 330                   0             89.0803                   0
                  30                 340                   0             89.6839                   0
                  30                 350                   0             90.0568                   0
                  30                 360                   0             90.8026                   0
                  30                 370                   0             91.2287                   0
                  30                 380                   0              92.081                   0
                  30                 390                   0             92.7024                   0
                  30                 400                   0             92.9332                   0
                  30                 410                   0             94.0874                   0
                  30                 420                   0             94.1761                   0
                  30                 430                   0             94.3182                   0
                  30                 440                   0             94.9396                   0
                  30                 450                   0             95.9162                   0
                  30                 460                   0             96.0405                   0
                  30                 470                   0             96.3778                   0
                  30                 480                   0             96.4666                   0
                  30                 490                   0             96.7685                   0
                  30                 500                   0             97.6562                   0
                  30                 510                   0             97.8161                   0
                  30                 520                   0             97.8338                   0
                  30                 530                   0             97.8338                   0
                  30                 540                   0             97.8338                   0
                  30                 550                   0             97.8338                   0
                  30                 560                   0             97.8338                   0
                  30                 570                   0             97.9048                   0
                  30                 580                   0             98.0469                   0
                  30                 590                   0             98.0469                   0
                  30                 600                   0             98.0469                   0
                  30                 610                   0             98.0646                   0
                  30                 620                   0             98.1179                   0
                  30                 630                   0             98.2599                   0
                  30                 640                   0             98.2777                   0
                  30                 650                   0             98.2777                   0
                  30                 660                   0             98.2955                   0
                  30                 670                   0              98.331                   0
                  30                 680                   0              98.331                   0
                  30                 690                   0             98.3487                   0
                  30                 700                   0             98.3487                   0
                  30                 710                   0             98.3487                   0
                  30                 720                   0             98.4197                   0
                  30                 730                   0             98.4375                   0
                  30                 740                   0             98.4375                   0
                  30                 750                   0             98.4375                   0
                  30                 760                   0             98.4375                   0
                  30                 770                   0             98.4375                   0
                  30                 780                   0             98.4375                   0
                  30                 790                   0             98.4375                   0
                  30                 800                   0             98.4375                   0
                  30                 810                   0             98.4375                   0
                  30                 820                   0              98.473                   0
                  30                 830                   0              98.473                   0
                  30                 840                   0              98.473                   0
                  30                 850                   0              98.473                   0
                  30                 860                   0              98.544                   0
                  30                 870                   0              98.544                   0
                  30                 880                   0             98.5973                   0
                  30                 890                   0             98.7926                   0
                  30                 900                   0             98.7926                   0
                  30                 910                   0             98.8459                   0
                  30                 920                   0             98.8459                   0
                  30                 930                   0             98.8459                   0
                  30                 940                   0             98.8459                   0
                  30                 950                   0             98.8459                   0
                  30                 960                   0             98.8459                   0
                  30                 970                   0             98.8459                   0
                  30                 980                   0             98.8459                   0
                  30                 990                   0             98.8459                   0
                  30                1000                   0             98.8459                   0
