                  15                   0                   0             20.1705             38.0682
                  15                  10                   0             21.0582                37.5
                  15                  20                   0             21.6087             36.3636
                  15                  30                   0             22.3366             34.6591
                  15                  40                   0             23.1534             33.5227
                  15                  50                   0             23.7749             32.3864
                  15                  60                   0             24.5916               31.25
                  15                  70                   0             25.4972             29.5455
                  15                  80                   0             26.1896             27.8409
                  15                  90                   0              27.326             26.7045
                  15                 100                   0             28.2493             25.5682
                  15                 110                   0             29.1371             23.8636
                  15                 120                   0             29.8651             21.0227
                  15                 130                   0             30.8416             20.4545
                  15                 140                   0             31.6229             19.8864
                  15                 150                   0             32.4396             19.3182
                  15                 160                   0             33.3807               18.75
                  15                 170                   0             34.1797             16.4773
                  15                 180                   0             35.1207             16.4773
                  15                 190                   0             36.0973             16.4773
                  15                 200                   0             37.7841             14.7727
                  15                 210                   0             39.4176             13.6364
                  15                 220                   0             41.2997             11.9318
                  15                 230                   0             42.6136             11.9318
                  15                 240                   0             44.5845             11.3636
                  15                 250                   0             46.7862             11.3636
                  15                 260                   0             49.9112             10.2273
                  15                 270                   0             51.6335             9.09091
                  15                 280                   0              53.125             7.95455
                  15                 290                   0             54.9538                6.25
                  15                 300                   0             56.6761             5.68182
                  15                 310                   0             57.9723             4.54545
                  15                 320                   0             59.1264             3.97727
                  15                 330                   0             61.7365             3.97727
                  15                 340                   0             63.7429             3.97727
                  15                 350                   0             65.6072             3.40909
                  15                 360                   0               67.88             1.13636
                  15                 370                   0             69.8686             1.13636
                  15                 380                   0             71.7152             1.13636
                  15                 390                   0              73.402             1.13636
                  15                 400                   0             74.3253            0.568182
                  15                 410                   0             75.7102            0.568182
                  15                 420                   0             77.0952            0.568182
                  15                 430                   0             78.4091            0.568182
                  15                 440                   0             80.3622                   0
                  15                 450                   0              82.777                   0
                  15                 460                   0              83.647                   0
                  15                 470                   0             85.1562                   0
                  15                 480                   0             85.7067                   0
                  15                 490                   0             87.1982                   0
                  15                 500                   0             88.6896                   0
                  15                 510                   0             90.2521                   0
                  15                 520                   0             90.6428                   0
                  15                 530                   0             91.0334                   0
                  15                 540                   0             91.8324                   0
                  15                 550                   0             92.4361                   0
                  15                 560                   0             92.9688                   0
                  15                 570                   0              93.821                   0
                  15                 580                   0             94.8686                   0
                  15                 590                   0             95.0994                   0
                  15                 600                   0              95.277                   0
                  15                 610                   0             95.5256                   0
                  15                 620                   0             95.5788                   0
                  15                 630                   0             95.7741                   0
                  15                 640                   0             95.8274                   0
                  15                 650                   0              96.875                   0
                  15                 660                   0             96.9638                   0
                  15                 670                   0             96.9638                   0
                  15                 680                   0             96.9638                   0
                  15                 690                   0             96.9993                   0
                  15                 700                   0             97.0703                   0
                  15                 710                   0             97.1058                   0
                  15                 720                   0             97.2124                   0
                  15                 730                   0             97.2124                   0
                  15                 740                   0             97.2301                   0
                  15                 750                   0             97.2479                   0
                  15                 760                   0             97.3011                   0
                  15                 770                   0             97.3722                   0
                  15                 780                   0             97.3899                   0
                  15                 790                   0             97.4432                   0
                  15                 800                   0             97.4432                   0
                  15                 810                   0             97.4964                   0
                  15                 820                   0             97.5497                   0
                  15                 830                   0             97.6207                   0
                  15                 840                   0             97.6207                   0
                  15                 850                   0             97.6385                   0
                  15                 860                   0             97.6918                   0
                  15                 870                   0             97.7095                   0
                  15                 880                   0             97.7095                   0
                  15                 890                   0             97.7273                   0
                  15                 900                   0             97.7273                   0
                  15                 910                   0             97.7273                   0
                  15                 920                   0              97.745                   0
                  15                 930                   0             97.7805                   0
                  15                 940                   0             97.7805                   0
                  15                 950                   0             97.8338                   0
                  15                 960                   0             97.8338                   0
                  15                 970                   0             97.8871                   0
                  15                 980                   0             97.8871                   0
                  15                 990                   0             97.9403                   0
                  15                1000                   0             97.9759                   0
