                  90                   0                   0             90.6605             1.70455
                  90                  10                   0             93.5724             1.13636
                  90                  20                   0             93.7855            0.568182
                  90                  30                   0             93.9098            0.568182
                  90                  40                   0             94.1584            0.568182
                  90                  50                   0             94.3537            0.568182
                  90                  60                   0             94.4602            0.568182
                  90                  70                   0             94.7798                   0
                  90                  80                   0             94.9041                   0
                  90                  90                   0             95.0817                   0
                  90                 100                   0             95.1882                   0
                  90                 110                   0             95.5433                   0
                  90                 120                   0             95.7031                   0
                  90                 130                   0             95.7209                   0
                  90                 140                   0             95.7386                   0
                  90                 150                   0             96.1825                   0
                  90                 160                   0             96.2536                   0
                  90                 170                   0             96.6264                   0
                  90                 180                   0              96.733                   0
                  90                 190                   0             97.0526                   0
                  90                 200                   0             97.4609                   0
                  90                 210                   0             97.5852                   0
                  90                 220                   0             97.8871                   0
                  90                 230                   0             97.9226                   0
                  90                 240                   0             97.9581                   0
                  90                 250                   0             97.9936                   0
                  90                 260                   0             98.0824                   0
                  90                 270                   0             98.2244                   0
                  90                 280                   0             98.2599                   0
                  90                 290                   0             98.3665                   0
                  90                 300                   0              98.473                   0
                  90                 310                   0             98.5263                   0
                  90                 320                   0             98.5263                   0
                  90                 330                   0              99.201                   0
                  90                 340                   0              99.201                   0
                  90                 350                   0             99.2188                   0
                  90                 360                   0             99.2188                   0
                  90                 370                   0             99.4141                   0
                  90                 380                   0             99.4141                   0
                  90                 390                   0             99.4141                   0
                  90                 400                   0             99.4141                   0
                  90                 410                   0             99.4141                   0
                  90                 420                   0             99.4318                   0
                  90                 430                   0             99.4318                   0
                  90                 440                   0             99.4496                   0
                  90                 450                   0             99.4496                   0
                  90                 460                   0             99.4496                   0
                  90                 470                   0             99.6626                   0
                  90                 480                   0             99.6626                   0
                  90                 490                   0             99.6626                   0
                  90                 500                   0             99.6626                   0
                  90                 510                   0             99.6626                   0
                  90                 520                   0             99.6626                   0
                  90                 530                   0             99.6626                   0
                  90                 540                   0             99.6804                   0
                  90                 550                   0             99.6804                   0
                  90                 560                   0             99.6804                   0
                  90                 570                   0             99.6804                   0
                  90                 580                   0             99.6804                   0
                  90                 590                   0             99.6804                   0
                  90                 600                   0             99.6804                   0
                  90                 610                   0             99.6804                   0
                  90                 620                   0             99.6804                   0
                  90                 630                   0             99.6804                   0
                  90                 640                   0             99.6804                   0
                  90                 650                   0             99.6982                   0
                  90                 660                   0             99.6982                   0
                  90                 670                   0             99.6982                   0
                  90                 680                   0             99.6982                   0
                  90                 690                   0             99.6982                   0
                  90                 700                   0             99.6982                   0
                  90                 710                   0             99.6982                   0
                  90                 720                   0             99.6982                   0
                  90                 730                   0             99.6982                   0
                  90                 740                   0             99.6982                   0
                  90                 750                   0             99.6982                   0
                  90                 760                   0             99.6982                   0
                  90                 770                   0             99.6982                   0
                  90                 780                   0             99.6982                   0
                  90                 790                   0             99.6982                   0
                  90                 800                   0             99.6982                   0
                  90                 810                   0             99.6982                   0
                  90                 820                   0             99.6982                   0
                  90                 830                   0             99.6982                   0
                  90                 840                   0             99.6982                   0
                  90                 850                   0             99.6982                   0
                  90                 860                   0             99.6982                   0
                  90                 870                   0             99.6982                   0
                  90                 880                   0             99.6982                   0
                  90                 890                   0             99.6982                   0
                  90                 900                   0             99.6982                   0
                  90                 910                   0             99.6982                   0
                  90                 920                   0             99.6982                   0
                  90                 930                   0             99.6982                   0
                  90                 940                   0             99.6982                   0
                  90                 950                   0             99.6982                   0
                  90                 960                   0             99.6982                   0
                  90                 970                   0             99.6982                   0
                  90                 980                   0             99.6982                   0
                  90                 990                   0             99.6982                   0
                  90                1000                   0             99.6982                   0
