                  20                   0                   0             27.8232             26.7045
                  20                  10                   0             28.3203             26.1364
                  20                  20                   0             29.3501                  25
                  20                  30                   0             30.3267             23.2955
                  20                  40                   0             31.2322             22.7273
                  20                  50                   0             32.2443             22.1591
                  20                  60                   0             32.9545             21.0227
                  20                  70                   0             34.0021               18.75
                  20                  80                   0             35.2983             18.1818
                  20                  90                   0               36.63             16.4773
                  20                 100                   0             37.6243             15.9091
                  20                 110                   0             38.4588             15.3409
                  20                 120                   0             39.5774             14.7727
                  20                 130                   0             40.8203             13.6364
                  20                 140                   0             42.2763             13.0682
                  20                 150                   0             43.8033             11.9318
                  20                 160                   0             45.6143             11.3636
                  20                 170                   0             47.7628             11.3636
                  20                 180                   0             49.1832             10.2273
                  20                 190                   0             51.1541             10.2273
                  20                 200                   0             52.9119             8.52273
                  20                 210                   0             54.6697             7.95455
                  20                 220                   0             56.5518             6.81818
                  20                 230                   0             58.1321             5.11364
                  20                 240                   0             59.3572             3.97727
                  20                 250                   0             60.8487             2.27273
                  20                 260                   0             62.6953             1.13636
                  20                 270                   0             64.6129             1.13636
                  20                 280                   0             66.9212             1.13636
                  20                 290                   0             69.3537            0.568182
                  20                 300                   0             70.8097            0.568182
                  20                 310                   0             72.3722            0.568182
                  20                 320                   0             73.5795            0.568182
                  20                 330                   0             75.0178            0.568182
                  20                 340                   0             76.7756            0.568182
                  20                 350                   0             78.4268            0.568182
                  20                 360                   0             79.5987                   0
                  20                 370                   0             81.0902                   0
                  20                 380                   0             83.0433                   0
                  20                 390                   0             84.0732                   0
                  20                 400                   0             85.4759                   0
                  20                 410                   0             87.0916                   0
                  20                 420                   0             87.8196                   0
                  20                 430                   0             88.5476                   0
                  20                 440                   0              89.755                   0
                  20                 450                   0             90.2876                   0
                  20                 460                   0              90.767                   0
                  20                 470                   0             91.3707                   0
                  20                 480                   0             92.5249                   0
                  20                 490                   0             93.2528                   0
                  20                 500                   0             93.6435                   0
                  20                 510                   0             94.3714                   0
                  20                 520                   0             94.6733                   0
                  20                 530                   0             95.5966                   0
                  20                 540                   0             95.8984                   0
                  20                 550                   0              96.733                   0
                  20                 560                   0             96.7685                   0
                  20                 570                   0             96.7685                   0
                  20                 580                   0             96.9638                   0
                  20                 590                   0             97.2301                   0
                  20                 600                   0             97.3011                   0
                  20                 610                   0             97.3011                   0
                  20                 620                   0             97.3189                   0
                  20                 630                   0             97.3366                   0
                  20                 640                   0             97.3366                   0
                  20                 650                   0             97.3544                   0
                  20                 660                   0             97.3544                   0
                  20                 670                   0             97.3544                   0
                  20                 680                   0             97.3899                   0
                  20                 690                   0             97.4432                   0
                  20                 700                   0             97.4609                   0
                  20                 710                   0             97.4609                   0
                  20                 720                   0             97.5675                   0
                  20                 730                   0              97.603                   0
                  20                 740                   0             97.6918                   0
                  20                 750                   0             97.7273                   0
                  20                 760                   0              97.745                   0
                  20                 770                   0             97.8516                   0
                  20                 780                   0             97.9226                   0
                  20                 790                   0             97.9403                   0
                  20                 800                   0             97.9403                   0
                  20                 810                   0             97.9403                   0
                  20                 820                   0             97.9403                   0
                  20                 830                   0             97.9403                   0
                  20                 840                   0             97.9403                   0
                  20                 850                   0             98.0291                   0
                  20                 860                   0             98.0469                   0
                  20                 870                   0             98.0646                   0
                  20                 880                   0             98.0646                   0
                  20                 890                   0             98.0646                   0
                  20                 900                   0             98.0824                   0
                  20                 910                   0             98.1001                   0
                  20                 920                   0             98.1001                   0
                  20                 930                   0             98.1001                   0
                  20                 940                   0             98.1001                   0
                  20                 950                   0             98.3487                   0
                  20                 960                   0             98.3487                   0
                  20                 970                   0             98.3487                   0
                  20                 980                   0             98.3487                   0
                  20                 990                   0              98.402                   0
                  20                1000                   0              98.402                   0
