                  55                   0                   0             70.0462             3.40909
                  55                  10                   0             73.2067             3.40909
                  55                  20                   0             74.4141             2.84091
                  55                  30                   0              75.657             2.84091
                  55                  40                   0             77.0952             2.27273
                  55                  50                   0             78.4268             2.27273
                  55                  60                   0             79.9183             2.27273
                  55                  70                   0              81.392             1.70455
                  55                  80                   0             82.8303             1.13636
                  55                  90                   0             83.9666             1.13636
                  55                 100                   0             85.0675             1.13636
                  55                 110                   0             86.2571             1.13636
                  55                 120                   0             87.8196             1.13636
                  55                 130                   0             88.7251            0.568182
                  55                 140                   0             89.6484            0.568182
                  55                 150                   0             90.6072            0.568182
                  55                 160                   0             91.1754            0.568182
                  55                 170                   0             91.5661            0.568182
                  55                 180                   0              92.294                   0
                  55                 190                   0             92.8267                   0
                  55                 200                   0             93.2528                   0
                  55                 210                   0             93.6612                   0
                  55                 220                   0               93.75                   0
                  55                 230                   0             94.1051                   0
                  55                 240                   0             94.2294                   0
                  55                 250                   0             94.6911                   0
                  55                 260                   0             94.8153                   0
                  55                 270                   0             95.0462                   0
                  55                 280                   0             95.2415                   0
                  55                 290                   0              95.277                   0
                  55                 300                   0             96.0582                   0
                  55                 310                   0             96.2536                   0
                  55                 320                   0             96.3601                   0
                  55                 330                   0             96.3778                   0
                  55                 340                   0             96.8928                   0
                  55                 350                   0             97.6918                   0
                  55                 360                   0             98.0114                   0
                  55                 370                   0             98.0114                   0
                  55                 380                   0             98.0824                   0
                  55                 390                   0             98.7926                   0
                  55                 400                   0             98.8459                   0
                  55                 410                   0             98.8459                   0
                  55                 420                   0             98.8459                   0
                  55                 430                   0             98.8814                   0
                  55                 440                   0             98.8814                   0
                  55                 450                   0             99.0412                   0
                  55                 460                   0             99.0412                   0
                  55                 470                   0             99.0412                   0
                  55                 480                   0             99.0412                   0
                  55                 490                   0             99.0589                   0
                  55                 500                   0             99.0589                   0
                  55                 510                   0             99.0589                   0
                  55                 520                   0             99.0589                   0
                  55                 530                   0             99.0767                   0
                  55                 540                   0             99.0767                   0
                  55                 550                   0             99.0945                   0
                  55                 560                   0             99.0945                   0
                  55                 570                   0             99.0945                   0
                  55                 580                   0             99.3075                   0
                  55                 590                   0             99.3253                   0
                  55                 600                   0             99.3253                   0
                  55                 610                   0             99.3253                   0
                  55                 620                   0             99.3253                   0
                  55                 630                   0              99.343                   0
                  55                 640                   0              99.343                   0
                  55                 650                   0              99.343                   0
                  55                 660                   0              99.343                   0
                  55                 670                   0             99.3608                   0
                  55                 680                   0             99.3608                   0
                  55                 690                   0             99.3608                   0
                  55                 700                   0             99.3608                   0
                  55                 710                   0             99.3608                   0
                  55                 720                   0             99.3608                   0
                  55                 730                   0             99.3608                   0
                  55                 740                   0             99.3608                   0
                  55                 750                   0             99.3608                   0
                  55                 760                   0             99.3608                   0
                  55                 770                   0             99.3608                   0
                  55                 780                   0             99.3608                   0
                  55                 790                   0             99.3608                   0
                  55                 800                   0             99.5561                   0
                  55                 810                   0             99.5561                   0
                  55                 820                   0             99.5561                   0
                  55                 830                   0             99.5561                   0
                  55                 840                   0             99.5561                   0
                  55                 850                   0             99.5561                   0
                  55                 860                   0             99.5561                   0
                  55                 870                   0             99.5561                   0
                  55                 880                   0             99.5561                   0
                  55                 890                   0             99.5561                   0
                  55                 900                   0             99.5561                   0
                  55                 910                   0             99.5561                   0
                  55                 920                   0             99.5561                   0
                  55                 930                   0             99.5561                   0
                  55                 940                   0             99.5561                   0
                  55                 950                   0             99.5561                   0
                  55                 960                   0             99.5561                   0
                  55                 970                   0             99.5561                   0
                  55                 980                   0             99.5561                   0
                  55                 990                   0             99.5561                   0
                  55                1000                   0             99.5561                   0
