                   5                   0                   0                   0                 100                 100
                   5                  10                   0                   0             98.8636             98.8636
                   5                  20                   0                   0             98.8636             98.8636
                   5                  30                   0                   0             98.8636             98.8636
                   5                  40                   0                   0             98.8636             98.8636
                   5                  50                   0                   0             98.8636             98.8636
                   5                  60                   0                   0             97.7273             97.7273
                   5                  70                   0                   0             97.7273             97.7273
                   5                  80                   0                   0             96.5909             96.5909
                   5                  90                   0                   0             96.5909             96.5909
                   5                 100                   0                   0             96.0227             96.0227
                   5                 110                   0                   0             94.8864             94.8864
                   5                 120                   0                   0               93.75               93.75
                   5                 130                   0                   0             90.9091             90.9091
                   5                 140                   0           0.0355114             85.2273             85.2628
                   5                 150                   0                   0             78.4091             78.4091
                   5                 160                   0                   0             73.2955             73.2955
                   5                 170                   0           0.0887784             71.0227             71.1115
                   5                 180                   0             0.12429             65.9091             66.0334
                   5                 190                   0            0.426136             55.6818              56.108
                   5                 200                   0            0.550426             51.1364             51.6868
                   5                 210                   0            0.372869             46.5909             46.9638
                   5                 220                   0            0.159801             36.9318             37.0916
                   5                 230                   0            0.159801             36.9318             37.0916
                   5                 240                   0            0.727983             30.1136             30.8416
                   5                 250                   0            0.763494             28.9773             29.7408
                   5                 260                   0             1.34943             32.9545              34.304
                   5                 270                   0              1.5625             33.5227             35.0852
                   5                 280                   0             1.59801             30.6818             32.2798
                   5                 290                   0             1.68679             27.2727             28.9595
                   5                 300                   0             1.82884             26.7045             28.5334
                   5                 310                   0             1.98864             26.7045             28.6932
                   5                 320                   0             2.07741             23.2955             25.3729
                   5                 330                   0             2.11293             21.5909             23.7038
                   5                 340                   0             2.14844             21.0227             23.1712
                   5                 350                   0             2.21946             19.8864             22.1058
                   5                 360                   0             2.75213             25.5682             28.3203
                   5                 370                   0             2.73438             15.9091             18.6435
                   5                 380                   0             3.19602             22.7273             25.9233
                   5                 390                   0             3.23153             18.1818             21.4134
                   5                 400                   0             3.32031             17.0455             20.3658
                   5                 410                   0             3.40909             16.4773             19.8864
                   5                 420                   0             3.53338             15.9091             19.4425
                   5                 430                   0             3.87074             14.7727             18.6435
                   5                 440                   0             4.08381             13.6364             17.7202
                   5                 450                   0             4.22585             11.9318             16.1577
                   5                 460                   0             4.33239             11.9318             16.2642
                   5                 470                   0             4.61648             9.65909             14.2756
                   5                 480                   0             4.75852             9.09091             13.8494
                   5                 490                   0             4.81179             8.52273             13.3345
                   5                 500                   0             4.93608             8.52273             13.4588
                   5                 510                   0             5.11364             8.52273             13.6364
                   5                 520                   0             5.69957             8.52273             14.2223
                   5                 530                   0             6.03693             7.95455             13.9915
                   5                 540                   0             7.31534             11.9318             19.2472
                   5                 550                   0             7.45739             7.95455             15.4119
                   5                 560                   0             7.83026             7.95455             15.7848
                   5                 570                   0             11.0263             9.09091             20.1172
                   5                 580                   0             13.4943             9.65909             23.1534
                   5                 590                   0             12.4112             10.7955             23.2067
                   5                 600                   0             13.8849             10.7955             24.6804
                   5                 610                   0             14.1158             10.2273              24.343
                   5                 620                   0             14.9858             9.09091             24.0767
                   5                 630                   0             14.1335             9.65909             23.7926
                   5                 640                   0             14.6662             9.65909             24.3253
                   5                 650                   0             14.5241             9.65909             24.1832
                   5                 660                   0             14.8793             9.65909             24.5384
                   5                 670                   0             15.0391             9.65909             24.6982
                   5                 680                   0             15.9446             9.65909             25.6037
                   5                 690                   0             16.5661             11.9318             28.4979
                   5                 700                   0             18.3061             11.3636             29.6697
                   5                 710                   0             18.4482             11.3636             29.8118
                   5                 720                   0             20.9339             11.3636             32.2976
                   5                 730                   0             21.3778             11.3636             32.7415
                   5                 740                   0             21.4311             10.7955             32.2266
                   5                 750                   0             21.6442             10.7955             32.4396
                   5                 760                   0             21.8572             10.7955             32.6527
                   5                 770                   0              23.331             8.52273             31.8537
                   5                 780                   0               24.13             7.95455             32.0845
                   5                 790                   0             26.0121             7.95455             33.9666
                   5                 800                   0              26.669             7.38636             34.0554
                   5                 810                   0             26.7045             7.38636             34.0909
                   5                 820                   0             27.0064             7.38636             34.3928
                   5                 830                   0             29.2259             7.95455             37.1804
                   5                 840                   0             29.2259             7.95455             37.1804
                   5                 850                   0             29.3857             7.95455             37.3402
                   5                 860                   0             33.1854             5.68182             38.8672
                   5                 870                   0             33.2919             5.68182             38.9737
                   5                 880                   0             35.5469             5.68182             41.2287
                   5                 890                   0             35.8132             6.81818             42.6314
                   5                 900                   0             36.6832             5.68182             42.3651
                   5                 910                   0             37.0206             5.68182             42.7024
                   5                 920                   0             38.7251             5.11364             43.8388
                   5                 930                   0             39.0447             5.11364             44.1584
                   5                 940                   0             39.4886             5.68182             45.1705
                   5                 950                   0             40.0568             5.68182             45.7386
                   5                 960                   0             40.0746             7.38636             47.4609
                   5                 970                   0             39.0803             4.54545             43.6257
                   5                 980                   0              43.022             2.84091             45.8629
                   5                 990                   0             43.0398             2.84091             45.8807
                   5                1000                   0             44.1761             2.27273             46.4489
