                  35                   0                   0            0.213068             67.6136             67.8267
                  35                  10                   0            0.355114                62.5             62.8551
                  35                  20                   0            0.461648             60.7955             61.2571
                  35                  30                   0            0.568182             55.6818               56.25
                  35                  40                   0            0.639205             55.1136             55.7528
                  35                  50                   0             0.65696             54.5455             55.2024
                  35                  60                   0             1.01207             48.8636             49.8757
                  35                  70                   0            0.994318               43.75             44.7443
                  35                  80                   0              1.4027             41.4773               42.88
                  35                  90                   0             1.68679             41.4773             43.1641
                  35                 100                   0             2.02415             38.6364             40.6605
                  35                 110                   0             2.16619             38.0682             40.2344
                  35                 120                   0              2.6456             34.6591             37.3047
                  35                 130                   0             2.94744             34.0909             37.0384
                  35                 140                   0              3.2848             30.6818             33.9666
                  35                 150                   0             3.42685             26.7045             30.1314
                  35                 160                   0             3.71094             26.1364             29.8473
                  35                 170                   0             4.08381             25.5682              29.652
                  35                 180                   0             5.02486             21.0227             26.0476
                  35                 190                   0              5.7706             17.6136             23.3842
                  35                 200                   0             5.94815             15.9091             21.8572
                  35                 210                   0             6.28551             14.7727             21.0582
                  35                 220                   0             6.85369             19.8864             26.7401
                  35                 230                   0             7.13778             19.3182              26.456
                  35                 240                   0             7.54616             19.3182             26.8643
                  35                 250                   0              7.9723             17.6136             25.5859
                  35                 260                   0             8.07884             15.3409             23.4197
                  35                 270                   0             8.77131             15.3409             24.1122
                  35                 280                   0             9.16193             14.7727             23.9347
                  35                 290                   0             9.49929             14.7727              24.272
                  35                 300                   0             10.0497             14.2045             24.2543
                  35                 310                   0             10.5646             14.2045             24.7692
                  35                 320                   0             11.9673             13.6364             25.6037
                  35                 330                   0             12.7841             11.3636             24.1477
                  35                 340                   0             13.7429             10.7955             24.5384
                  35                 350                   0              14.098             11.3636             25.4616
                  35                 360                   0             15.5185             10.2273             25.7457
                  35                 370                   0             16.5483             10.2273             26.7756
                  35                 380                   0             16.2287             9.65909             25.8878
                  35                 390                   0             16.5838             9.65909             26.2429
                  35                 400                   0             18.1463             9.65909             27.8054
                  35                 410                   0             20.0817             9.09091             29.1726
                  35                 420                   0             20.8984             9.65909             30.5575
                  35                 430                   0             21.1293             9.09091             30.2202
                  35                 440                   0             21.4489             9.09091             30.5398
                  35                 450                   0             22.5675             9.09091             31.6584
                  35                 460                   0             23.6861             9.09091              32.777
                  35                 470                   0             21.9283             9.65909             31.5874
                  35                 480                   0             23.0114             9.09091             32.1023
                  35                 490                   0             23.6861             9.09091              32.777
                  35                 500                   0             24.9467             9.09091             34.0376
                  35                 510                   0             26.4205             8.52273             34.9432
                  35                 520                   0             26.7933             10.2273             37.0206
                  35                 530                   0             27.2727             10.2273                37.5
                  35                 540                   0             29.0128             10.2273             39.2401
                  35                 550                   0             30.2379             8.52273             38.7607
                  35                 560                   0             31.0902             8.52273             39.6129
                  35                 570                   0             31.7116             8.52273             40.2344
                  35                 580                   0             31.7649             8.52273             40.2876
                  35                 590                   0              32.706             8.52273             41.2287
                  35                 600                   0             34.8366             8.52273             43.3594
                  35                 610                   0             38.9205             8.52273             47.4432
                  35                 620                   0             39.3999             8.52273             47.9226
                  35                 630                   0             43.1818             8.52273             51.7045
                  35                 640                   0             43.5902             8.52273             52.1129
                  35                 650                   0             44.3537             8.52273             52.8764
                  35                 660                   0             45.1172             7.95455             53.0717
                  35                 670                   0             45.6321             7.95455             53.5866
                  35                 680                   0             46.1293             7.95455             54.0838
                  35                 690                   0             48.1889             7.95455             56.1435
                  35                 700                   0             51.1364             6.81818             57.9545
                  35                 710                   0             51.2429             6.81818             58.0611
                  35                 720                   0             52.0597             6.81818             58.8778
                  35                 730                   0             52.5036             6.81818             59.3217
                  35                 740                   0             55.6818             5.68182             61.3636
                  35                 750                   0             56.5518             5.68182             62.2337
                  35                 760                   0             57.3153             5.68182             62.9972
                  35                 770                   0             59.0554             1.70455             60.7599
                  35                 780                   0             60.3693             1.70455             62.0739
                  35                 790                   0             60.6712             1.70455             62.3757
                  35                 800                   0             61.1861             1.13636             62.3224
                  35                 810                   0             62.2869             1.13636             63.4233
                  35                 820                   0             62.9261             1.13636             64.0625
                  35                 830                   0              64.169             1.13636             65.3054
                  35                 840                   0             64.3466             1.13636              65.483
                  35                 850                   0             64.5952             1.13636             65.7315
                  35                 860                   0             66.2109             1.13636             67.3473
                  35                 870                   0             66.6016             1.13636             67.7379
                  35                 880                   0             66.8679             1.13636             68.0043
                  35                 890                   0             66.1577             1.13636              67.294
                  35                 900                   0              66.353             1.13636             67.4893
                  35                 910                   0             67.6136             1.70455             69.3182
                  35                 920                   0             67.7379             1.70455             69.4425
                  35                 930                   0             68.8565             1.70455             70.5611
                  35                 940                   0             68.0575             1.70455             69.7621
                  35                 950                   0             70.5966             1.70455             72.3011
                  35                 960                   0             71.6974             1.70455              73.402
                  35                 970                   0             71.7685             1.70455              73.473
                  35                 980                   0             71.8395             1.70455              73.544
                  35                 990                   0              71.946             1.70455             73.6506
                  35                1000                   0             72.3722             1.70455             74.0767
