                  70                   0                   0             3.85298             36.3636             40.2166
                  70                  10                   0             4.66974             33.5227             38.1925
                  70                  20                   0             5.07812             35.2273             40.3054
                  70                  30                   0             5.68182             33.5227             39.2045
                  70                  40                   0             6.69389               31.25             37.9439
                  70                  50                   0              7.1733             31.8182             38.9915
                  70                  60                   0             7.08452             36.3636             43.4482
                  70                  70                   0             7.35085             38.0682              45.419
                  70                  80                   0             7.51065             32.3864              39.897
                  70                  90                   0              9.0554               31.25             40.3054
                  70                 100                   0             9.12642             28.9773             38.1037
                  70                 110                   0             10.0675             26.7045              36.772
                  70                 120                   0             10.6889             26.1364             36.8253
                  70                 130                   0             10.8842             23.8636             34.7479
                  70                 140                   0             11.4879             21.0227             32.5107
                  70                 150                   0             12.1982             18.1818               30.38
                  70                 160                   0             13.4766             16.4773             29.9538
                  70                 170                   0             14.2401             15.3409              29.581
                  70                 180                   0             14.2933             15.9091             30.2024
                  70                 190                   0             14.6484             15.9091             30.5575
                  70                 200                   0              15.625             14.2045             29.8295
                  70                 210                   0             17.0987             13.6364             30.7351
                  70                 220                   0             17.7557             13.0682             30.8239
                  70                 230                   0             18.3771             13.0682             31.4453
                  70                 240                   0             18.8565             13.0682             31.9247
                  70                 250                   0             19.9396             11.9318             31.8714
                  70                 260                   0             20.6676                12.5             33.1676
                  70                 270                   0             21.3601                12.5             33.8601
                  70                 280                   0             22.1236             11.9318             34.0554
                  70                 290                   0             22.9226             11.9318             34.8544
                  70                 300                   0             24.2365             11.9318             36.1683
                  70                 310                   0             25.2841             11.9318             37.2159
                  70                 320                   0             26.4737             11.9318             38.4055
                  70                 330                   0             28.3381             11.9318             40.2699
                  70                 340                   0             29.9538             10.2273             40.1811
                  70                 350                   0             31.8004             10.2273             42.0277
                  70                 360                   0             32.1733             9.65909             41.8324
                  70                 370                   0             33.0433             9.65909             42.7024
                  70                 380                   0             34.8366             9.65909             44.4957
                  70                 390                   0             35.0142             8.52273             43.5369
                  70                 400                   0             36.0085             8.52273             44.5312
                  70                 410                   0                37.5             7.95455             45.4545
                  70                 420                   0              39.027             7.95455             46.9815
                  70                 430                   0             41.0511             6.81818             47.8693
                  70                 440                   0             41.9389             6.81818             48.7571
                  70                 450                   0             42.5426             5.68182             48.2244
                  70                 460                   0             44.6555             5.68182             50.3374
                  70                 470                   0             46.8572             5.68182             52.5391
                  70                 480                   0             50.8168             3.40909             54.2259
                  70                 490                   0             55.1136             3.40909             58.5227
                  70                 500                   0             55.8771             3.40909             59.2862
                  70                 510                   0             57.2443             3.40909             60.6534
                  70                 520                   0             58.4695             3.40909             61.8786
                  70                 530                   0             60.2628             3.40909             63.6719
                  70                 540                   0             60.0142             5.68182              65.696
                  70                 550                   0             60.8487             5.11364             65.9624
                  70                 560                   0             62.4112             5.11364             67.5249
                  70                 570                   0             63.7607             5.11364             68.8743
                  70                 580                   0             64.9148             3.97727              68.892
                  70                 590                   0             68.9098             1.13636             70.0462
                  70                 600                   0             69.8509             1.13636             70.9872
                  70                 610                   0             70.6321             1.13636             71.7685
                  70                 620                   0             72.2479             1.13636             73.3842
                  70                 630                   0             72.8871             1.13636             74.0234
                  70                 640                   0             73.2955             1.13636             74.4318
                  70                 650                   0             73.7749             1.13636             74.9112
                  70                 660                   0              74.929             1.13636             76.0653
                  70                 670                   0             76.4027             1.13636             77.5391
                  70                 680                   0             76.5447             1.13636             77.6811
                  70                 690                   0             76.7578             1.13636             77.8942
                  70                 700                   0             77.6811             1.13636             78.8175
                  70                 710                   0             77.7876             1.13636              78.924
                  70                 720                   0             78.1605             1.13636             79.2969
                  70                 730                   0             78.7287             1.13636             79.8651
                  70                 740                   0             79.1016             1.13636             80.2379
                  70                 750                   0             79.2259             1.13636             80.3622
                  70                 760                   0             79.3324             1.13636             80.4688
                  70                 770                   0             80.5398             1.13636             81.6761
                  70                 780                   0             80.6108             1.13636             81.7472
                  70                 790                   0             80.8594             1.13636             81.9957
                  70                 800                   0             81.0192             1.13636             82.1555
                  70                 810                   0             81.0724             1.13636             82.2088
                  70                 820                   0              81.321             1.13636             82.4574
                  70                 830                   0             81.3743             1.13636             82.5107
                  70                 840                   0             83.7536             1.13636             84.8899
                  70                 850                   0             84.3395             1.13636             85.4759
                  70                 860                   0             84.5526             1.13636             85.6889
                  70                 870                   0             85.5469             1.13636             86.6832
                  70                 880                   0             85.6712             1.13636             86.8075
                  70                 890                   0             85.7955             1.13636             86.9318
                  70                 900                   0             85.3338             1.13636             86.4702
                  70                 910                   0             85.3516             1.13636             86.4879
                  70                 920                   0             85.7955             1.13636             86.9318
                  70                 930                   0             88.4943             1.13636             89.6307
                  70                 940                   0             88.5298             1.13636             89.6662
                  70                 950                   0             88.5298             1.13636             89.6662
                  70                 960                   0             88.6186             1.13636              89.755
                  70                 970                   0             88.6719             1.13636             89.8082
                  70                 980                   0             89.2578             1.13636             90.3942
                  70                 990                   0             89.3999             1.13636             90.5362
                  70                1000                   0             89.3999             1.13636             90.5362
