                  30                   0                   0            0.159801             67.0455             67.2053
                  30                  10                   0            0.142045             71.5909              71.733
                  30                  20                   0            0.142045             69.3182             69.4602
                  30                  30                   0            0.195312             61.3636             61.5589
                  30                  40                   0            0.213068             60.2273             60.4403
                  30                  50                   0            0.337358             55.6818             56.0192
                  30                  60                   0            0.408381             52.8409             53.2493
                  30                  70                   0            0.408381             52.8409             53.2493
                  30                  80                   0            0.550426             49.4318             49.9822
                  30                  90                   0            0.745739             44.8864             45.6321
                  30                 100                   0             1.20739             44.3182             45.5256
                  30                 110                   0             1.17188             39.7727             40.9446
                  30                 120                   0             1.34943             40.3409             41.6903
                  30                 130                   0             1.98864             38.0682             40.0568
                  30                 140                   0             2.07741             34.6591             36.7365
                  30                 150                   0             2.45028               31.25             33.7003
                  30                 160                   0             2.71662             28.4091             31.1257
                  30                 170                   0             2.89418             26.7045             29.5987
                  30                 180                   0             4.29688             26.1364             30.4332
                  30                 190                   0             4.50994             22.1591              26.669
                  30                 200                   0             5.41548               18.75             24.1655
                  30                 210                   0             5.53977             18.1818             23.7216
                  30                 220                   0             5.80611             16.4773             22.2834
                  30                 230                   0             6.12571             15.9091             22.0348
                  30                 240                   0             6.35653             19.8864             26.2429
                  30                 250                   0             6.78267             19.8864              26.669
                  30                 260                   0             7.27983             19.8864             27.1662
                  30                 270                   0             7.59943             19.8864             27.4858
                  30                 280                   0             8.09659             17.0455              25.142
                  30                 290                   0             8.48722             16.4773             24.9645
                  30                 300                   0             8.78906             16.4773             25.2663
                  30                 310                   0             9.32173             15.3409             24.6626
                  30                 320                   0             9.92543             14.7727             24.6982
                  30                 330                   0             10.2983             14.7727              25.071
                  30                 340                   0               9.375             17.0455             26.4205
                  30                 350                   0             10.1385             13.6364             23.7749
                  30                 360                   0             11.1683             9.09091             20.2592
                  30                 370                   0             11.8786             9.65909             21.5376
                  30                 380                   0             13.7251             9.65909             23.3842
                  30                 390                   0             15.1634             9.65909             24.8224
                  30                 400                   0             15.4652             11.9318              27.397
                  30                 410                   0             15.9801             11.9318             27.9119
                  30                 420                   0             17.2408             11.3636             28.6044
                  30                 430                   0             18.0753             11.3636             29.4389
                  30                 440                   0              18.679             11.3636             30.0426
                  30                 450                   0             20.5256             11.3636             31.8892
                  30                 460                   0              21.147             11.3636             32.5107
                  30                 470                   0             21.1648             11.3636             32.5284
                  30                 480                   0             22.7628             11.3636             34.1264
                  30                 490                   0             23.3487             11.9318             35.2805
                  30                 500                   0             23.9169             11.9318             35.8487
                  30                 510                   0             25.0533             13.0682             38.1214
                  30                 520                   0             25.5859                12.5             38.0859
                  30                 530                   0             25.8878                12.5             38.3878
                  30                 540                   0             26.8466                12.5             39.3466
                  30                 550                   0             27.5923                12.5             40.0923
                  30                 560                   0             28.3381             11.9318             40.2699
                  30                 570                   0             28.5689             11.9318             40.5007
                  30                 580                   0             30.7706             11.9318             42.7024
                  30                 590                   0             34.0732             11.9318              46.005
                  30                 600                   0             34.7479             11.9318             46.6797
                  30                 610                   0             34.9254             11.9318             46.8572
                  30                 620                   0             33.7358             11.9318             45.6676
                  30                 630                   0             34.2152             11.3636             45.5788
                  30                 640                   0             35.3516             11.3636             46.7152
                  30                 650                   0             37.0384             10.7955             47.8338
                  30                 660                   0             41.8324             9.09091             50.9233
                  30                 670                   0             42.4716             9.09091             51.5625
                  30                 680                   0             42.8622             9.09091             51.9531
                  30                 690                   0             44.1584             9.09091             53.2493
                  30                 700                   0             45.7031             9.09091              54.794
                  30                 710                   0             45.9162             7.95455             53.8707
                  30                 720                   0             49.3786             6.81818             56.1967
                  30                 730                   0             49.7337             6.81818             56.5518
                  30                 740                   0             51.7756             6.81818             58.5938
                  30                 750                   0             51.6868             6.81818              58.505
                  30                 760                   0             52.7876             6.81818             59.6058
                  30                 770                   0             52.8942             6.81818             59.7124
                  30                 780                   0             53.3203             6.81818             60.1385
                  30                 790                   0             55.0249             5.68182             60.7067
                  30                 800                   0             58.0256             1.70455             59.7301
                  30                 810                   0             59.6591             1.70455             61.3636
                  30                 820                   0             61.0795             1.70455             62.7841
                  30                 830                   0             61.1328             1.70455             62.8374
                  30                 840                   0             61.6832             1.70455             63.3878
                  30                 850                   0              61.772             1.70455             63.4766
                  30                 860                   0             62.0028             1.70455             63.7074
                  30                 870                   0             62.3757             1.70455             64.0803
                  30                 880                   0             62.4112             1.70455             64.1158
                  30                 890                   0              62.571             1.13636             63.7074
                  30                 900                   0             62.9261             1.13636             64.0625
                  30                 910                   0             63.0327             1.13636              64.169
                  30                 920                   0             64.5064             1.70455             66.2109
                  30                 930                   0              65.554             1.70455             67.2585
                  30                 940                   0             65.6072             1.70455             67.3118
                  30                 950                   0             65.8558             1.70455             67.5604
                  30                 960                   0             65.8913             1.70455             67.5959
                  30                 970                   0              65.483             1.70455             67.1875
                  30                 980                   0             65.9979             1.70455             67.7024
                  30                 990                   0             69.9396             1.70455             71.6442
                  30                1000                   0             70.0284             1.70455              71.733
