                  95                   0                   0             8.43395             32.3864             40.8203
                  95                  10                   0             9.23295               31.25              40.483
                  95                  20                   0             8.54048             32.3864             40.9268
                  95                  30                   0             10.1385             32.9545              43.093
                  95                  40                   0             10.7244               31.25             41.9744
                  95                  50                   0             11.4524             30.1136             41.5661
                  95                  60                   0             12.3047             30.6818             42.9865
                  95                  70                   0             12.7308             28.9773             41.7081
                  95                  80                   0             13.7251                  25             38.7251
                  95                  90                   0             14.2045             21.5909             35.7955
                  95                 100                   0             15.4297             19.8864             35.3161
                  95                 110                   0             15.9446               18.75             34.6946
                  95                 120                   0             16.2464             18.1818             34.4283
                  95                 130                   0             16.8679             14.7727             31.6406
                  95                 140                   0             17.6136             13.6364               31.25
                  95                 150                   0             18.3061             13.0682             31.3743
                  95                 160                   0             19.0518             13.6364             32.6882
                  95                 170                   0             20.1349             13.0682             33.2031
                  95                 180                   0              21.076             13.0682             34.1442
                  95                 190                   0             22.0703             13.0682             35.1385
                  95                 200                   0             22.9759                12.5             35.4759
                  95                 210                   0             23.6683                12.5             36.1683
                  95                 220                   0             24.6982                12.5             37.1982
                  95                 230                   0             27.6456             11.9318             39.5774
                  95                 240                   0             28.9062             11.9318             40.8381
                  95                 250                   0             30.5043             11.9318             42.4361
                  95                 260                   0              32.049             11.9318             43.9808
                  95                 270                   0             33.4517             11.9318             45.3835
                  95                 280                   0             34.2507             11.9318             46.1825
                  95                 290                   0             36.6655             11.9318             48.5973
                  95                 300                   0             41.2464             11.9318             53.1783
                  95                 310                   0             42.2763             10.2273             52.5036
                  95                 320                   0             43.7145             9.65909             53.3736
                  95                 330                   0             45.1527             8.52273             53.6754
                  95                 340                   0             46.7507             8.52273             55.2734
                  95                 350                   0             48.6328             7.95455             56.5874
                  95                 360                   0             49.8402             7.95455             57.7947
                  95                 370                   0             55.1669             5.68182             60.8487
                  95                 380                   0             56.4631             5.11364             61.5767
                  95                 390                   0             57.5994             5.11364             62.7131
                  95                 400                   0             60.5291             5.11364             65.6428
                  95                 410                   0             62.2159             5.11364             67.3295
                  95                 420                   0             62.7131             4.54545             67.2585
                  95                 430                   0             63.9382             3.40909             67.3473
                  95                 440                   0             65.3587             3.40909             68.7678
                  95                 450                   0             67.2763             3.40909             70.6854
                  95                 460                   0             69.0696             3.40909             72.4787
                  95                 470                   0             71.0582             2.84091             73.8991
                  95                 480                   0             72.8338             2.84091             75.6747
                  95                 490                   0             74.4851             2.84091              77.326
                  95                 500                   0             75.2308             2.84091             78.0717
                  95                 510                   0             75.9233             2.84091             78.7642
                  95                 520                   0              76.598             1.70455             78.3026
                  95                 530                   0             77.2727             1.70455             78.9773
                  95                 540                   0             79.8118             1.70455             81.5163
                  95                 550                   0             78.5689             1.70455             80.2734
                  95                 560                   0             79.7763             1.13636             80.9126
                  95                 570                   0              82.848             1.13636             83.9844
                  95                 580                   0              83.505             1.13636             84.6413
                  95                 590                   0             83.7713             1.13636             84.9077
                  95                 600                   0             82.9901             2.27273             85.2628
                  95                 610                   0             83.2209             2.27273             85.4936
                  95                 620                   0             83.2741             2.27273             85.5469
                  95                 630                   0             83.6648             2.27273             85.9375
                  95                 640                   0             84.2862             2.27273             86.5589
                  95                 650                   0             85.7777             1.13636             86.9141
                  95                 660                   0             86.0795             1.13636             87.2159
                  95                 670                   0             86.2393             1.13636             87.3757
                  95                 680                   0             86.3281             1.13636             87.4645
                  95                 690                   0             86.3991             1.13636             87.5355
                  95                 700                   0             86.5767             1.13636             87.7131
                  95                 710                   0             86.7898             1.13636             87.9261
                  95                 720                   0             86.8786             1.13636             88.0149
                  95                 730                   0             86.9318             1.13636             88.0682
                  95                 740                   0             87.4822             1.13636             88.6186
                  95                 750                   0             87.7308             1.13636             88.8672
                  95                 760                   0             87.8906             1.13636              89.027
                  95                 770                   0             88.2102             1.13636             89.3466
                  95                 780                   0             88.3523             1.13636             89.4886
                  95                 790                   0             88.5831             1.13636             89.7195
                  95                 800                   0             88.8139             1.13636             89.9503
                  95                 810                   0             88.1747             1.13636             89.3111
                  95                 820                   0             91.3885            0.568182             91.9567
                  95                 830                   0             91.6903            0.568182             92.2585
                  95                 840                   0             91.9034            0.568182             92.4716
                  95                 850                   0             91.9567            0.568182             92.5249
                  95                 860                   0             91.9567            0.568182             92.5249
                  95                 870                   0             92.0455            0.568182             92.6136
                  95                 880                   0              92.294            0.568182             92.8622
                  95                 890                   0             92.3651            0.568182             92.9332
                  95                 900                   0             92.4183            0.568182             92.9865
                  95                 910                   0             92.4183            0.568182             92.9865
                  95                 920                   0             92.4716            0.568182             93.0398
                  95                 930                   0             92.4716            0.568182             93.0398
                  95                 940                   0             92.7202            0.568182             93.2884
                  95                 950                   0             92.7557            0.568182             93.3239
                  95                 960                   0             92.7734            0.568182             93.3416
                  95                 970                   0             92.8445            0.568182             93.4126
                  95                 980                   0             92.8977            0.568182             93.4659
                  95                 990                   0             93.0575            0.568182             93.6257
                  95                1000                   0             93.0753            0.568182             93.6435
