                  90                   0                   0             7.99006             32.9545             40.9446
                  90                  10                   0             8.84233               31.25             40.0923
                  90                  20                   0             8.98438             30.6818             39.6662
                  90                  30                   0             9.64134             30.6818             40.3232
                  90                  40                   0             9.16193             32.9545             42.1165
                  90                  50                   0             10.2273             28.9773             39.2045
                  90                  60                   0             11.0263             31.8182             42.8445
                  90                  70                   0             11.3104               31.25             42.5604
                  90                  80                   0             12.8551             27.8409              40.696
                  90                  90                   0             13.3523             23.8636             37.2159
                  90                 100                   0             13.6541             22.1591             35.8132
                  90                 110                   0             14.9325             19.8864             34.8189
                  90                 120                   0             15.2521               18.75             34.0021
                  90                 130                   0             16.0334             17.0455             33.0788
                  90                 140                   0              16.495             14.2045             30.6996
                  90                 150                   0             17.1165             13.6364             30.7528
                  90                 160                   0             17.6491             14.2045             31.8537
                  90                 170                   0             18.0753             14.2045             32.2798
                  90                 180                   0             19.8331             13.0682             32.9013
                  90                 190                   0             20.4545             13.0682             33.5227
                  90                 200                   0             21.4489             13.0682              34.517
                  90                 210                   0             22.2301             13.0682             35.2983
                  90                 220                   0             22.9581                12.5             35.4581
                  90                 230                   0             24.0589             11.9318             35.9908
                  90                 240                   0             25.3374             11.9318             37.2692
                  90                 250                   0             26.2784             11.9318             38.2102
                  90                 260                   0             29.0305             11.9318             40.9624
                  90                 270                   0             30.7351             11.9318             42.6669
                  90                 280                   0             31.7116             11.9318             43.6435
                  90                 290                   0             33.0788             11.9318             45.0107
                  90                 300                   0             34.5526             11.9318             46.4844
                  90                 310                   0             36.1506             11.9318             48.0824
                  90                 320                   0             37.0916             9.65909             46.7507
                  90                 330                   0              38.299             9.65909             47.9581
                  90                 340                   0             41.5128             10.2273             51.7401
                  90                 350                   0             43.7145             8.52273             52.2372
                  90                 360                   0             44.9041             8.52273             53.4268
                  90                 370                   0              46.005             8.52273             54.5277
                  90                 380                   0             48.6506             7.38636             56.0369
                  90                 390                   0             52.2372             6.81818             59.0554
                  90                 400                   0             57.0312             7.38636             64.4176
                  90                 410                   0             59.5526             5.11364             64.6662
                  90                 420                   0             61.1683             5.11364              66.282
                  90                 430                   0             61.8075             4.54545              66.353
                  90                 440                   0             63.9382             3.97727             67.9155
                  90                 450                   0             64.7727             3.97727               68.75
                  90                 460                   0              66.353             3.97727             70.3303
                  90                 470                   0             67.9865             5.68182             73.6683
                  90                 480                   0             69.4425             5.68182             75.1243
                  90                 490                   0             70.5256             5.11364             75.6392
                  90                 500                   0             71.9105             5.11364             77.0241
                  90                 510                   0              75.142             2.84091              77.983
                  90                 520                   0             76.0298             2.84091             78.8707
                  90                 530                   0             76.4205             1.70455              78.125
                  90                 540                   0             77.1129             1.70455             78.8175
                  90                 550                   0             77.8232             1.70455             79.5277
                  90                 560                   0             78.2493             1.70455             79.9538
                  90                 570                   0              80.522             1.13636             81.6584
                  90                 580                   0             80.8949             1.13636             82.0312
                  90                 590                   0             81.6584             1.13636             82.7947
                  90                 600                   0             81.7294             1.13636             82.8658
                  90                 610                   0             82.2621             1.13636             83.3984
                  90                 620                   0             82.6882             1.13636             83.8246
                  90                 630                   0              82.919             1.13636             84.0554
                  90                 640                   0             83.3097             1.13636              84.446
                  90                 650                   0             83.6115             1.13636             84.7479
                  90                 660                   0             83.8601             1.13636             84.9964
                  90                 670                   0             83.9489             1.13636             85.0852
                  90                 680                   0             84.9254             2.27273             87.1982
                  90                 690                   0             85.1207             2.27273             87.3935
                  90                 700                   0             84.4638             1.13636             85.6001
                  90                 710                   0             84.4993             1.13636             85.6357
                  90                 720                   0             84.6946             1.13636              85.831
                  90                 730                   0             84.9254             1.13636             86.0618
                  90                 740                   0             84.9787             1.13636             86.1151
                  90                 750                   0             85.0497             1.13636             86.1861
                  90                 760                   0             85.6357             1.13636              86.772
                  90                 770                   0             85.7244             1.13636             86.8608
                  90                 780                   0              85.973             1.13636             87.1094
                  90                 790                   0             86.4169             1.13636             87.5533
                  90                 800                   0             86.4347             1.13636              87.571
                  90                 810                   0             86.4524             1.13636             87.5888
                  90                 820                   0             88.8317             1.13636              89.968
                  90                 830                   0             90.7315             1.13636             91.8679
                  90                 840                   0             90.9091             1.13636             92.0455
                  90                 850                   0             90.9268             1.13636             92.0632
                  90                 860                   0             91.1044             1.13636             92.2408
                  90                 870                   0             91.1577             1.13636              92.294
                  90                 880                   0             91.1577             1.13636              92.294
                  90                 890                   0              91.495             1.13636             92.6314
                  90                 900                   0             91.5838             1.13636             92.7202
                  90                 910                   0             91.8324             1.13636             92.9688
                  90                 920                   0             91.9034             1.13636             93.0398
                  90                 930                   0             91.4773             1.13636             92.6136
                  90                 940                   0             91.6193             1.13636             92.7557
                  90                 950                   0             91.8679             1.13636             93.0043
                  90                 960                   0             91.9034             1.13636             93.0398
                  90                 970                   0             91.9034             1.13636             93.0398
                  90                 980                   0             91.9212             1.13636             93.0575
                  90                 990                   0             92.0455             1.13636             93.1818
                  90                1000                   0             92.0632             1.13636             93.1996
