                  65                   0                   0             2.92969             41.4773              44.407
                  65                  10                   0              3.6044             36.3636              39.968
                  65                  20                   0             4.24361             36.9318             41.1754
                  65                  30                   0             4.56321             34.6591             39.2223
                  65                  40                   0             5.23793             33.5227             38.7607
                  65                  50                   0              5.7706             32.9545             38.7251
                  65                  60                   0             6.55185             31.8182               38.37
                  65                  70                   0             6.53409             36.9318             43.4659
                  65                  80                   0             6.76491             38.0682             44.8331
                  65                  90                   0             7.20881             36.9318             44.1406
                  65                 100                   0             8.41619             31.8182             40.2344
                  65                 110                   0              8.7358             30.6818             39.4176
                  65                 120                   0             9.41051             26.7045             36.1151
                  65                 130                   0             9.83665             26.7045             36.5412
                  65                 140                   0             10.5824             23.2955             33.8778
                  65                 150                   0              10.902             20.4545             31.3565
                  65                 160                   0             11.2038             19.3182              30.522
                  65                 170                   0             11.8786             17.6136             29.4922
                  65                 180                   0             12.8551             17.0455             29.9006
                  65                 190                   0             13.3345             17.0455               30.38
                  65                 200                   0             13.8317             16.4773             30.3089
                  65                 210                   0             14.6662             15.3409             30.0071
                  65                 220                   0             16.1932             13.6364             29.8295
                  65                 230                   0             16.8857             13.0682             29.9538
                  65                 240                   0             17.4716             13.0682             30.5398
                  65                 250                   0             18.3239                12.5             30.8239
                  65                 260                   0             18.9631             11.9318             30.8949
                  65                 270                   0             19.9219             11.9318             31.8537
                  65                 280                   0             20.5966             11.9318             32.5284
                  65                 290                   0             21.4844             11.9318             33.4162
                  65                 300                   0             22.3899             11.9318             34.3217
                  65                 310                   0             23.6861             11.9318             35.6179
                  65                 320                   0             24.7337             11.9318             36.6655
                  65                 330                   0              25.142             11.9318             37.0739
                  65                 340                   0             26.4737             10.7955             37.2692
                  65                 350                   0             27.5923             10.2273             37.8196
                  65                 360                   0             30.4332             10.2273             40.6605
                  65                 370                   0             31.3743             9.65909             41.0334
                  65                 380                   0             32.0668             9.65909             41.7259
                  65                 390                   0             32.4219             9.65909              42.081
                  65                 400                   0             33.0433             10.2273             43.2706
                  65                 410                   0             34.0199             10.2273             44.2472
                  65                 420                   0             34.9787             10.2273              45.206
                  65                 430                   0             37.2692             7.95455             45.2237
                  65                 440                   0             40.0746             7.38636             47.4609
                  65                 450                   0             41.1932             6.81818             48.0114
                  65                 460                   0             41.8501             5.68182              47.532
                  65                 470                   0             43.0575             5.68182             48.7393
                  65                 480                   0              47.745             3.40909             51.1541
                  65                 490                   0              49.201             3.40909             52.6101
                  65                 500                   0             51.7401             3.40909             55.1491
                  65                 510                   0             53.3736             3.40909             56.7827
                  65                 520                   0              53.995             3.40909             57.4041
                  65                 530                   0             56.7116             3.40909             60.1207
                  65                 540                   0             58.1854             3.40909             61.5945
                  65                 550                   0             57.9901             3.40909             61.3991
                  65                 560                   0             58.5405             3.40909             61.9496
                  65                 570                   0             60.7067             5.11364             65.8203
                  65                 580                   0             61.5945             5.11364             66.7081
                  65                 590                   0             62.4822             4.54545             67.0277
                  65                 600                   0             62.9972             4.54545             67.5426
                  65                 610                   0             63.5831             4.54545             68.1286
                  65                 620                   0             64.8615             4.54545              69.407
                  65                 630                   0             65.7138             3.97727             69.6911
                  65                 640                   0             66.9212             3.97727             70.8984
                  65                 650                   0             69.0341             3.40909             72.4432
                  65                 660                   0             69.6733             3.40909             73.0824
                  65                 670                   0             69.9574             3.40909             73.3665
                  65                 680                   0             73.1357             1.13636              74.272
                  65                 690                   0             73.5973             1.13636             74.7337
                  65                 700                   0              74.858             1.13636             75.9943
                  65                 710                   0             75.0533             1.13636             76.1896
                  65                 720                   0              75.142             1.13636             76.2784
                  65                 730                   0             75.3906             1.13636              76.527
                  65                 740                   0             75.4972             1.13636             76.6335
                  65                 750                   0             76.8821             1.13636             78.0185
                  65                 760                   0             77.2372             1.13636             78.3736
                  65                 770                   0             77.4503             1.13636             78.5866
                  65                 780                   0             77.6278             1.13636             78.7642
                  65                 790                   0             77.9297             1.13636             79.0661
                  65                 800                   0             79.1903             1.13636             80.3267
                  65                 810                   0             79.3501             1.13636             80.4865
                  65                 820                   0             79.5455             1.13636             80.6818
                  65                 830                   0              79.581             1.13636             80.7173
                  65                 840                   0             81.9425             1.13636             83.0788
                  65                 850                   0             82.2266             1.13636             83.3629
                  65                 860                   0             82.3331             1.13636             83.4695
                  65                 870                   0             82.8303             1.13636             83.9666
                  65                 880                   0             84.0554             1.13636             85.1918
                  65                 890                   0             84.0909             1.13636             85.2273
                  65                 900                   0             84.2685             1.13636             85.4048
                  65                 910                   0             84.3572             1.13636             85.4936
                  65                 920                   0             84.5526             1.13636             85.6889
                  65                 930                   0             84.6058             1.13636             85.7422
                  65                 940                   0             85.0497             1.13636             86.1861
                  65                 950                   0             84.7124             1.13636             85.8487
                  65                 960                   0             84.7124             1.13636             85.8487
                  65                 970                   0             84.7301             1.13636             85.8665
                  65                 980                   0             84.8189             1.13636             85.9553
                  65                 990                   0             84.8366             1.13636              85.973
                  65                1000                   0             85.8842             1.13636             87.0206
