                  85                   0                   0             6.97798                37.5              44.478
                  85                  10                   0              7.9723             32.3864             40.3587
                  85                  20                   0              8.2919             31.8182             40.1101
                  85                  30                   0             8.64702             30.1136             38.7607
                  85                  40                   0             9.25071               31.25             40.5007
                  85                  50                   0             8.82457             32.3864             41.2109
                  85                  60                   0             9.78338             32.9545             42.7379
                  85                  70                   0             9.88991             30.6818             40.5717
                  85                  80                   0              10.831             28.4091             39.2401
                  85                  90                   0             12.0206             28.4091             40.4297
                  85                 100                   0             12.9439             23.8636             36.8075
                  85                 110                   0             13.9915             19.8864             33.8778
                  85                 120                   0             14.8438             19.8864             34.7301
                  85                 130                   0             15.0568             17.6136             32.6705
                  85                 140                   0             15.5007             17.6136             33.1143
                  85                 150                   0             16.1754             14.2045               30.38
                  85                 160                   0             16.9034             13.6364             30.5398
                  85                 170                   0             17.2408             14.7727             32.0135
                  85                 180                   0             17.8089             14.2045             32.0135
                  85                 190                   0             19.1761             13.0682             32.2443
                  85                 200                   0             19.9574             13.0682             33.0256
                  85                 210                   0             20.9695             13.0682             34.0376
                  85                 220                   0             21.9993             13.0682             35.0675
                  85                 230                   0              22.532                12.5              35.032
                  85                 240                   0              23.402             11.9318             35.3338
                  85                 250                   0             24.8047             11.9318             36.7365
                  85                 260                   0             25.9766             11.9318             37.9084
                  85                 270                   0             27.7166             11.9318             39.6484
                  85                 280                   0             28.6399             11.9318             40.5717
                  85                 290                   0             30.6818             11.9318             42.6136
                  85                 300                   0             31.5518             11.9318             43.4837
                  85                 310                   0             34.3217             11.9318             46.2536
                  85                 320                   0             34.8544             10.7955             45.6499
                  85                 330                   0              35.245             9.65909             44.9041
                  85                 340                   0             36.3281             9.65909             45.9872
                  85                 350                   0             38.0504             10.2273             48.2777
                  85                 360                   0             39.1158             8.52273             47.6385
                  85                 370                   0             40.8558             8.52273             49.3786
                  85                 380                   0             42.0277             8.52273             50.5504
                  85                 390                   0             43.9276             7.95455             51.8821
                  85                 400                   0             47.8871             7.38636             55.2734
                  85                 410                   0             49.4496             6.81818             56.2678
                  85                 420                   0             50.5859             6.81818             57.4041
                  85                 430                   0             52.0064                6.25             58.2564
                  85                 440                   0             57.2621             3.97727             61.2393
                  85                 450                   0             60.1562             3.97727             64.1335
                  85                 460                   0             61.7188             3.97727              65.696
                  85                 470                   0             62.6243                6.25             68.8743
                  85                 480                   0             63.6186             5.11364             68.7322
                  85                 490                   0             65.3764             5.11364             70.4901
                  85                 500                   0             67.2053             5.11364             72.3189
                  85                 510                   0             68.4659             5.11364             73.5795
                  85                 520                   0             71.7152             4.54545             76.2607
                  85                 530                   0              72.674             3.97727             76.6513
                  85                 540                   0             73.8104             3.97727             77.7876
                  85                 550                   0             75.9233             1.70455             77.6278
                  85                 560                   0             76.6868             1.70455             78.3913
                  85                 570                   0             77.5568             1.70455             79.2614
                  85                 580                   0             79.9183             1.13636             81.0547
                  85                 590                   0             80.9837             1.13636               82.12
                  85                 600                   0             81.2322             1.13636             82.3686
                  85                 610                   0             81.6584             1.13636             82.7947
                  85                 620                   0             81.9957             1.13636             83.1321
                  85                 630                   0             82.4396             1.13636              83.576
                  85                 640                   0             82.6527             1.13636             83.7891
                  85                 650                   0             82.8658             1.13636             84.0021
                  85                 660                   0             83.2564             1.13636             84.3928
                  85                 670                   0              83.505             1.13636             84.6413
                  85                 680                   0             83.6648             1.13636             84.8011
                  85                 690                   0             84.0021             1.13636             85.1385
                  85                 700                   0             84.0732             1.13636             85.2095
                  85                 710                   0             84.2507             1.13636             85.3871
                  85                 720                   0             84.8011             1.13636             85.9375
                  85                 730                   0             84.8722             1.13636             86.0085
                  85                 740                   0             85.0142             1.13636             86.1506
                  85                 750                   0             84.7301             1.13636             85.8665
                  85                 760                   0             84.9254             1.13636             86.0618
                  85                 770                   0             84.9609             1.13636             86.0973
                  85                 780                   0             84.9964             1.13636             86.1328
                  85                 790                   0             85.5646             1.13636              86.701
                  85                 800                   0             86.0973             1.13636             87.2337
                  85                 810                   0             86.3459             1.13636             87.4822
                  85                 820                   0             86.4524             1.13636             87.5888
                  85                 830                   0             88.7251             1.13636             89.8615
                  85                 840                   0             88.8139             1.13636             89.9503
                  85                 850                   0             88.8317             1.13636              89.968
                  85                 860                   0             88.8849             1.13636             90.0213
                  85                 870                   0             89.0625             1.13636             90.1989
                  85                 880                   0             89.0625             1.13636             90.1989
                  85                 890                   0              89.098             1.13636             90.2344
                  85                 900                   0             89.4709             1.13636             90.6072
                  85                 910                   0             89.4709             1.13636             90.6072
                  85                 920                   0             89.5952             1.13636             90.7315
                  85                 930                   0             89.7372             1.13636             90.8736
                  85                 940                   0             89.8082             1.13636             90.9446
                  85                 950                   0             90.0746             1.13636             91.2109
                  85                 960                   0             90.0923             1.13636             91.2287
                  85                 970                   0             90.1634             1.13636             91.2997
                  85                 980                   0             90.1634             1.13636             91.2997
                  85                 990                   0             90.1634             1.13636             91.2997
                  85                1000                   0             90.2521             1.13636             91.3885
