                  60                   0                   0             2.46804             40.3409             42.8089
                  60                  10                   0             2.75213             38.0682             40.8203
                  60                  20                   0             3.33807             39.2045             42.5426
                  60                  30                   0             3.53338             38.0682             41.6016
                  60                  40                   0             3.63991             35.2273             38.8672
                  60                  50                   0             4.66974             34.0909             38.7607
                  60                  60                   0             5.04261             32.3864              37.429
                  60                  70                   0             5.39773             34.0909             39.4886
                  60                  80                   0             6.01918             34.0909             40.1101
                  60                  90                   0              6.7294             30.1136              36.843
                  60                 100                   0             6.97798             32.9545             39.9325
                  60                 110                   0             7.56392             32.9545             40.5185
                  60                 120                   0             8.07884             27.8409             35.9197
                  60                 130                   0             8.77131             26.7045             35.4759
                  60                 140                   0             8.87784                  25             33.8778
                  60                 150                   0             10.0852             21.0227              31.108
                  60                 160                   0             10.7955             19.3182             30.1136
                  60                 170                   0             11.1861             19.3182             30.5043
                  60                 180                   0             11.7365             18.1818             29.9183
                  60                 190                   0             11.8963             17.6136             29.5099
                  60                 200                   0             12.3402             17.6136             29.9538
                  60                 210                   0             13.4766             17.0455              30.522
                  60                 220                   0             14.0447             15.9091             29.9538
                  60                 230                   0             15.5185             14.7727             30.2912
                  60                 240                   0             16.0156             14.2045             30.2202
                  60                 250                   0             16.2642             13.6364             29.9006
                  60                 260                   0             16.8857                12.5             29.3857
                  60                 270                   0             17.5426             11.3636             28.9062
                  60                 280                   0             18.4837             11.9318             30.4155
                  60                 290                   0             19.6023             11.9318             31.5341
                  60                 300                   0             19.9929             11.9318             31.9247
                  60                 310                   0              21.076             11.3636             32.4396
                  60                 320                   0             21.5732             10.7955             32.3686
                  60                 330                   0             22.4432             10.7955             33.2386
                  60                 340                   0             23.1001             10.7955             33.8956
                  60                 350                   0             23.4908             9.09091             32.5817
                  60                 360                   0             25.0888             10.2273             35.3161
                  60                 370                   0             26.3672             10.2273             36.5945
                  60                 380                   0             28.8707             9.65909             38.5298
                  60                 390                   0             30.0426             9.65909             39.7017
                  60                 400                   0             30.3089             9.65909              39.968
                  60                 410                   0             30.2024             10.2273             40.4297
                  60                 420                   0             30.6641             10.2273             40.8913
                  60                 430                   0             31.1257             10.2273              41.353
                  60                 440                   0             32.3686             10.2273             42.5959
                  60                 450                   0             33.5227             9.65909             43.1818
                  60                 460                   0              34.517             7.95455             42.4716
                  60                 470                   0             35.1918             5.68182             40.8736
                  60                 480                   0             38.5298             7.95455             46.4844
                  60                 490                   0             41.2287             7.95455             49.1832
                  60                 500                   0             46.9283             7.95455             54.8828
                  60                 510                   0             48.9347             7.95455             56.8892
                  60                 520                   0              50.142             7.95455             58.0966
                  60                 530                   0             51.1186             7.95455             59.0732
                  60                 540                   0              52.983             3.40909              56.392
                  60                 550                   0             54.9183             3.40909             58.3274
                  60                 560                   0             55.6996             2.84091             58.5405
                  60                 570                   0               57.12             2.84091             59.9609
                  60                 580                   0             57.7947             2.84091             60.6357
                  60                 590                   0              59.375             2.84091             62.2159
                  60                 600                   0             60.7599             2.84091             63.6009
                  60                 610                   0             62.1094             2.27273             64.3821
                  60                 620                   0              63.228             2.27273             65.5007
                  60                 630                   0             63.7962             2.27273             66.0689
                  60                 640                   0             64.4886             2.27273             66.7614
                  60                 650                   0              64.755             2.27273             67.0277
                  60                 660                   0             66.7081             1.70455             68.4126
                  60                 670                   0             67.1342             1.13636             68.2706
                  60                 680                   0             68.1108             3.40909             71.5199
                  60                 690                   0              68.608             3.40909              72.017
                  60                 700                   0             68.9631             3.40909             72.3722
                  60                 710                   0             69.9751             3.40909             73.3842
                  60                 720                   0             70.1882             3.40909             73.5973
                  60                 730                   0             70.3125             3.40909             73.7216
                  60                 740                   0             70.5078             3.40909             73.9169
                  60                 750                   0             71.7152             3.40909             75.1243
                  60                 760                   0             71.9815             3.40909             75.3906
                  60                 770                   0             74.0767             3.40909             77.4858
                  60                 780                   0             75.3018             2.27273             77.5746
                  60                 790                   0             75.5149             2.27273             77.7876
                  60                 800                   0              75.799             2.27273             78.0717
                  60                 810                   0             76.0121             2.27273             78.2848
                  60                 820                   0             76.0653             2.27273             78.3381
                  60                 830                   0             76.8643             1.13636             78.0007
                  60                 840                   0             80.5753             1.13636             81.7116
                  60                 850                   0             80.9482             1.13636             82.0845
                  60                 860                   0             80.9659             1.13636             82.1023
                  60                 870                   0             81.0369             1.13636             82.1733
                  60                 880                   0             81.1257             1.13636             82.2621
                  60                 890                   0             81.8892             1.13636             83.0256
                  60                 900                   0             82.8658             1.13636             84.0021
                  60                 910                   0             83.0788             1.13636             84.2152
                  60                 920                   0             83.2564             1.13636             84.3928
                  60                 930                   0             83.4517             1.13636             84.5881
                  60                 940                   0             83.3807             1.13636              84.517
                  60                 950                   0             83.6115             1.13636             84.7479
                  60                 960                   0             84.1087             1.13636              85.245
                  60                 970                   0             84.1087             1.13636              85.245
                  60                 980                   0             84.9254             1.13636             86.0618
                  60                 990                   0             84.9254             1.13636             86.0618
                  60                1000                   0             84.5703             1.13636             85.7067
