                  80                   0                   0             6.51634             38.0682             44.5845
                  80                  10                   0             7.22656             33.5227             40.7493
                  80                  20                   0             7.47514             30.1136             37.5888
                  80                  30                   0             7.35085             34.6591             42.0099
                  80                  40                   0             7.91903             34.6591             42.5781
                  80                  50                   0             8.30966             33.5227             41.8324
                  80                  60                   0             9.12642             33.5227             42.6491
                  80                  70                   0             9.35724             32.9545             42.3118
                  80                  80                   0             9.87216             28.9773             38.8494
                  80                  90                   0             11.0973             27.8409             38.9382
                  80                 100                   0             11.3991             27.2727             38.6719
                  80                 110                   0             12.1271             26.1364             38.2635
                  80                 120                   0              13.157             18.1818             31.3388
                  80                 130                   0             14.4176             17.0455             31.4631
                  80                 140                   0              14.897             17.0455             31.9425
                  80                 150                   0             15.1989             16.4773             31.6761
                  80                 160                   0             15.6605             15.9091             31.5696
                  80                 170                   0             16.3175             14.7727             31.0902
                  80                 180                   0             16.9034             14.7727             31.6761
                  80                 190                   0             17.3118             13.6364             30.9482
                  80                 200                   0             18.5547             13.6364             32.1911
                  80                 210                   0              19.407             13.0682             32.4751
                  80                 220                   0             20.3835             13.0682             33.4517
                  80                 230                   0              21.218             13.0682             34.2862
                  80                 240                   0             21.9638                12.5             34.4638
                  80                 250                   0             22.7273             11.9318             34.6591
                  80                 260                   0             23.7571             11.9318             35.6889
                  80                 270                   0                  25             11.9318             36.9318
                  80                 280                   0             27.0774             11.9318             39.0092
                  80                 290                   0             28.4624             11.9318             40.3942
                  80                 300                   0             29.2614             11.9318             41.1932
                  80                 310                   0             30.4688             11.9318             42.4006
                  80                 320                   0             32.2976             11.9318             44.2294
                  80                 330                   0              33.647             10.2273             43.8743
                  80                 340                   0             34.9787             9.65909             44.6378
                  80                 350                   0             35.9375             9.65909             45.5966
                  80                 360                   0             36.5767             9.65909             46.2358
                  80                 370                   0             37.6243             8.52273              46.147
                  80                 380                   0             38.7074             8.52273             47.2301
                  80                 390                   0             40.3409             8.52273             48.8636
                  80                 400                   0             41.8679             7.95455             49.8224
                  80                 410                   0             43.4304             7.38636             50.8168
                  80                 420                   0             44.2472             6.81818             51.0653
                  80                 430                   0             45.7741             6.81818             52.5923
                  80                 440                   0             49.5206             5.68182             55.2024
                  80                 450                   0             50.8345             5.68182             56.5163
                  80                 460                   0             52.5568             5.68182             58.2386
                  80                 470                   0             58.1499                6.25             64.3999
                  80                 480                   0              59.375                6.25              65.625
                  80                 490                   0             60.2805             5.11364             65.3942
                  80                 500                   0             63.2635             5.11364             68.3771
                  80                 510                   0             64.7372             5.11364             69.8509
                  80                 520                   0             66.0511             5.11364             71.1648
                  80                 530                   0             66.8501             4.54545             71.3956
                  80                 540                   0             68.1286             3.97727             72.1058
                  80                 550                   0             70.4901             3.97727             74.4673
                  80                 560                   0             71.8928             1.70455             73.5973
                  80                 570                   0             72.7273             1.70455             74.4318
                  80                 580                   0             74.8757             1.13636             76.0121
                  80                 590                   0             75.7457             1.13636             76.8821
                  80                 600                   0             76.7401             1.13636             77.8764
                  80                 610                   0             77.2727             1.13636             78.4091
                  80                 620                   0              77.983             1.13636             79.1193
                  80                 630                   0              78.782             1.13636             79.9183
                  80                 640                   0             78.9418             1.13636             80.0781
                  80                 650                   0             79.5632             1.13636             80.6996
                  80                 660                   0             82.2088             1.13636             83.3452
                  80                 670                   0             82.4751             1.13636             83.6115
                  80                 680                   0             82.9901             1.13636             84.1264
                  80                 690                   0             83.0966             1.13636              84.233
                  80                 700                   0             83.2386             1.13636              84.375
                  80                 710                   0             83.6115             1.13636             84.7479
                  80                 720                   0             84.0021             1.13636             85.1385
                  80                 730                   0             84.4283             1.13636             85.5646
                  80                 740                   0              84.517             1.13636             85.6534
                  80                 750                   0             84.9787             1.13636             86.1151
                  80                 760                   0             85.1385             1.13636             86.2749
                  80                 770                   0              85.245             1.13636             86.3814
                  80                 780                   0             85.2628             1.13636             86.3991
                  80                 790                   0             85.3338             1.13636             86.4702
                  80                 800                   0             85.2095             1.13636             86.3459
                  80                 810                   0             85.7422             1.13636             86.8786
                  80                 820                   0              85.973             1.13636             87.1094
                  80                 830                   0             88.4233             1.13636             89.5597
                  80                 840                   0             88.5121             1.13636             89.6484
                  80                 850                   0             88.6009             1.13636             89.7372
                  80                 860                   0             88.6364             1.13636             89.7727
                  80                 870                   0             88.6719             1.13636             89.8082
                  80                 880                   0             88.6896             1.13636              89.826
                  80                 890                   0             88.9737             1.13636             90.1101
                  80                 900                   0             88.9737             1.13636             90.1101
                  80                 910                   0             89.2223             1.13636             90.3587
                  80                 920                   0             89.3643             1.13636             90.5007
                  80                 930                   0             89.3999             1.13636             90.5362
                  80                 940                   0             89.5064             1.13636             90.6428
                  80                 950                   0             89.7372             1.13636             90.8736
                  80                 960                   0             89.7727             1.13636             90.9091
                  80                 970                   0             89.8615             1.13636             90.9979
                  80                 980                   0              89.897             1.13636             91.0334
                  80                 990                   0              89.897             1.13636             91.0334
                  80                1000                   0             90.0391             1.13636             91.1754
