                  45                   0                   0             1.04759             54.5455              55.593
                  45                  10                   0             1.22514             51.1364             52.3615
                  45                  20                   0             1.50923             47.7273             49.2365
                  45                  30                   0             1.63352             47.1591             48.7926
                  45                  40                   0             1.58026               43.75             45.3303
                  45                  50                   0             1.81108             40.9091             42.7202
                  45                  60                   0             2.41477             40.3409             42.7557
                  45                  70                   0             2.59233             39.7727             42.3651
                  45                  80                   0             2.85866             40.3409             43.1996
                  45                  90                   0             3.17827             38.0682             41.2464
                  45                 100                   0             3.71094             32.9545             36.6655
                  45                 110                   0              4.2081             33.5227             37.7308
                  45                 120                   0             4.31463             28.4091             32.7237
                  45                 130                   0             4.77628             32.9545             37.7308
                  45                 140                   0             5.27344             30.6818             35.9553
                  45                 150                   0             5.45099             27.2727             32.7237
                  45                 160                   0             5.59304             22.1591             27.7521
                  45                 170                   0             6.80043             19.8864             26.6868
                  45                 180                   0              7.8125             19.3182             27.1307
                  45                 190                   0             8.71804             19.3182             28.0362
                  45                 200                   0              8.8956               18.75             27.6456
                  45                 210                   0             9.16193               18.75             27.9119
                  45                 220                   0             9.55256             17.6136             27.1662
                  45                 230                   0             9.41051             17.0455              26.456
                  45                 240                   0             10.2983             16.4773             26.7756
                  45                 250                   0             11.0618             16.4773             27.5391
                  45                 260                   0             12.3402             15.9091             28.2493
                  45                 270                   0             12.7308             15.9091             28.6399
                  45                 280                   0             13.1037             13.6364             26.7401
                  45                 290                   0             14.0803             13.6364             27.7166
                  45                 300                   0             14.3111             13.6364             27.9474
                  45                 310                   0              14.826                12.5              27.326
                  45                 320                   0             15.2699             11.9318             27.2017
                  45                 330                   0             15.7848             11.9318             27.7166
                  45                 340                   0             16.7791             10.7955             27.5746
                  45                 350                   0             17.4538             10.7955             28.2493
                  45                 360                   0             17.8977             10.7955             28.6932
                  45                 370                   0             18.2528             9.65909             27.9119
                  45                 380                   0              18.608             9.65909              28.267
                  45                 390                   0             19.1584             7.95455             27.1129
                  45                 400                   0             20.6854             9.09091             29.7763
                  45                 410                   0             20.8097             9.09091             29.9006
                  45                 420                   0             21.3601             9.09091              30.451
                  45                 430                   0             22.1768             9.09091             31.2678
                  45                 440                   0             23.5085             9.09091             32.5994
                  45                 450                   0             23.9524             9.09091             33.0433
                  45                 460                   0             24.6449             9.65909              34.304
                  45                 470                   0              25.142             9.65909             34.8011
                  45                 480                   0              25.799             9.65909             35.4581
                  45                 490                   0              25.799             10.7955             36.5945
                  45                 500                   0             26.0831             10.2273             36.3104
                  45                 510                   0             28.5866             10.7955             39.3821
                  45                 520                   0             29.1903             10.7955             39.9858
                  45                 530                   0             31.0014             10.7955             41.7969
                  45                 540                   0             32.2088             10.7955             43.0043
                  45                 550                   0             32.6527             10.7955             43.4482
                  45                 560                   0             34.3928             10.7955             45.1882
                  45                 570                   0             37.4645             10.2273             47.6918
                  45                 580                   0             39.2045             9.65909             48.8636
                  45                 590                   0             41.9922             9.65909             51.6513
                  45                 600                   0             44.1939             7.38636             51.5803
                  45                 610                   0             45.5788             7.38636             52.9652
                  45                 620                   0             47.1413             7.38636             54.5277
                  45                 630                   0             48.7571             7.38636             56.1435
                  45                 640                   0             51.8643             6.81818             58.6825
                  45                 650                   0              53.125             6.81818             59.9432
                  45                 660                   0             54.8118             6.81818               61.63
                  45                 670                   0             56.7472                6.25             62.9972
                  45                 680                   0              57.049                6.25              63.299
                  45                 690                   0             57.8658                6.25             64.1158
                  45                 700                   0             60.5291             1.70455             62.2337
                  45                 710                   0             61.0618             1.13636             62.1982
                  45                 720                   0             61.4524             1.13636             62.5888
                  45                 730                   0             61.9141             1.13636             63.0504
                  45                 740                   0             63.1392             1.13636             64.2756
                  45                 750                   0             64.0803             1.13636             65.2166
                  45                 760                   0             64.8438             1.13636             65.9801
                  45                 770                   0             65.1278             1.13636             66.2642
                  45                 780                   0             65.2699             1.13636             66.4062
                  45                 790                   0             66.6016             1.13636             67.7379
                  45                 800                   0             66.6371             1.13636             67.7734
                  45                 810                   0             66.6548             1.13636             67.7912
                  45                 820                   0             66.9567             1.13636              68.093
                  45                 830                   0             67.0099             1.13636             68.1463
                  45                 840                   0             67.3118             1.13636             68.4482
                  45                 850                   0             71.0938             1.13636             72.2301
                  45                 860                   0             71.4666             1.13636              72.603
                  45                 870                   0             71.6442             1.13636             72.7805
                  45                 880                   0             71.8217             1.13636             72.9581
                  45                 890                   0             71.7685             1.70455              73.473
                  45                 900                   0             73.5618             1.70455             75.2663
                  45                 910                   0             73.6861             1.70455             75.3906
                  45                 920                   0             73.7038             1.70455             75.4084
                  45                 930                   0             73.8104             1.70455             75.5149
                  45                 940                   0             73.8636             1.70455             75.5682
                  45                 950                   0             72.3899             1.13636             73.5263
                  45                 960                   0             74.2898             1.13636             75.4261
                  45                 970                   0             74.3608             1.13636             75.4972
                  45                 980                   0             74.6626             1.13636              75.799
                  45                 990                   0             75.7457             1.13636             76.8821
                  45                1000                   0             75.7457             1.13636             76.8821
