                   0                   0                   0                   0                 100                 100
                   0                  10                   0                   0                 100                 100
                   0                  20                   0                   0                 100                 100
                   0                  30                   0                   0                 100                 100
                   0                  40                   0                   0                 100                 100
                   0                  50                   0                   0                 100                 100
                   0                  60                   0                   0                 100                 100
                   0                  70                   0                   0                 100                 100
                   0                  80                   0                   0                 100                 100
                   0                  90                   0                   0                 100                 100
                   0                 100                   0                   0                 100                 100
                   0                 110                   0                   0                 100                 100
                   0                 120                   0                   0                 100                 100
                   0                 130                   0                   0                 100                 100
                   0                 140                   0                   0             99.4318             99.4318
                   0                 150                   0                   0             99.4318             99.4318
                   0                 160                   0                   0             98.8636             98.8636
                   0                 170                   0                   0             98.8636             98.8636
                   0                 180                   0           0.0177557             98.2955             98.3132
                   0                 190                   0           0.0355114             92.0455              92.081
                   0                 200                   0           0.0177557             88.0682             88.0859
                   0                 210                   0            0.142045             84.0909              84.233
                   0                 220                   0            0.266335             78.9773             79.2436
                   0                 230                   0            0.408381             63.0682             63.4766
                   0                 240                   0            0.479403             54.5455             55.0249
                   0                 250                   0            0.461648             46.0227             46.4844
                   0                 260                   0            0.497159             44.3182             44.8153
                   0                 270                   0            0.568182             42.0455             42.6136
                   0                 280                   0            0.621449             40.3409             40.9624
                   0                 290                   0            0.763494             36.9318             37.6953
                   0                 300                   0            0.958807             34.0909             35.0497
                   0                 310                   0             1.01207             29.5455             30.5575
                   0                 320                   0             1.13636             28.4091             29.5455
                   0                 330                   0             1.65128             30.6818             32.3331
                   0                 340                   0             1.70455             26.7045             28.4091
                   0                 350                   0             1.75781             26.7045             28.4624
                   0                 360                   0             1.95312             28.9773             30.9304
                   0                 370                   0             1.97088             28.4091               30.38
                   0                 380                   0             2.02415             26.1364             28.1605
                   0                 390                   0             2.09517             26.1364             28.2315
                   0                 400                   0             2.05966             25.5682             27.6278
                   0                 410                   0             2.07741             23.8636             25.9411
                   0                 420                   0             2.16619             23.2955             25.4616
                   0                 430                   0             2.69886             27.2727             29.9716
                   0                 440                   0             2.71662             26.1364              28.853
                   0                 450                   0             2.84091             21.5909             24.4318
                   0                 460                   0             3.16051             21.0227             24.1832
                   0                 470                   0             3.33807             19.8864             23.2244
                   0                 480                   0             3.33807             16.4773             19.8153
                   0                 490                   0              3.6044             16.4773             20.0817
                   0                 500                   0             3.72869             15.3409             19.0696
                   0                 510                   0             3.88849             15.3409             19.2294
                   0                 520                   0             4.03054             14.7727             18.8033
                   0                 530                   0             4.19034             14.7727             18.9631
                   0                 540                   0             4.40341                12.5             16.9034
                   0                 550                   0             4.50994             11.9318             16.4418
                   0                 560                   0             5.98366             11.9318             17.9155
                   0                 570                   0             6.42756             11.3636             17.7912
                   0                 580                   0             7.35085             9.65909             17.0099
                   0                 590                   0             7.45739             9.65909             17.1165
                   0                 600                   0             10.7244             11.9318             22.6562
                   0                 610                   0              11.044             11.9318             22.9759
                   0                 620                   0             11.2571             10.2273             21.4844
                   0                 630                   0             12.0384             10.2273             22.2656
                   0                 640                   0             12.3402             9.65909             21.9993
                   0                 650                   0             11.6655             10.7955             22.4609
                   0                 660                   0              11.772             10.7955             22.5675
                   0                 670                   0             11.8786             10.7955              22.674
                   0                 680                   0             10.9197             10.7955             21.7152
                   0                 690                   0             13.3523             13.0682             26.4205
                   0                 700                   0             13.8672             11.3636             25.2308
                   0                 710                   0             14.3999             11.3636             25.7635
                   0                 720                   0             16.2287             10.7955             27.0241
                   0                 730                   0             16.5128             10.7955             27.3082
                   0                 740                   0             16.0511             13.0682             29.1193
                   0                 750                   0             16.6726                12.5             29.1726
                   0                 760                   0             17.3295             17.0455              34.375
                   0                 770                   0             17.4361             16.4773             33.9134
                   0                 780                   0             18.0575             16.4773             34.5348
                   0                 790                   0             18.3949             15.3409             33.7358
                   0                 800                   0             18.8565             15.3409             34.1974
                   0                 810                   0              19.407             15.3409             34.7479
                   0                 820                   0              19.549             15.3409             34.8899
                   0                 830                   0             20.6854             15.3409             36.0263
                   0                 840                   0             21.3068             15.3409             36.6477
                   0                 850                   0             21.5732             15.3409             36.9141
                   0                 860                   0             22.0348             15.3409             37.3757
                   0                 870                   0              24.201             13.6364             37.8374
                   0                 880                   0             26.3494             11.9318             38.2812
                   0                 890                   0             29.3679                6.25             35.6179
                   0                 900                   0             29.6875                6.25             35.9375
                   0                 910                   0             30.0959                6.25             36.3459
                   0                 920                   0             30.2202             5.11364             35.3338
                   0                 930                   0             30.2734             5.11364             35.3871
                   0                 940                   0             30.5753             5.11364             35.6889
                   0                 950                   0             30.7173             5.11364              35.831
                   0                 960                   0             35.7955             4.54545             40.3409
                   0                 970                   0             37.3757             5.68182             43.0575
                   0                 980                   0             37.6598             5.68182             43.3416
                   0                 990                   0             38.3523                6.25             44.6023
                   0                1000                   0             39.9148             5.68182             45.5966
