                  20                   0                   0             18.2528                  50             68.2528
                  20                  10                   0             18.8033             47.7273             66.5305
                  20                  20                   0             19.1939             47.1591              66.353
                  20                  30                   0             19.5135             47.1591             66.6726
                  20                  40                   0             20.0994             44.8864             64.9858
                  20                  50                   0             20.8274             44.3182             65.1456
                  20                  60                   0             21.3068             43.1818             64.4886
                  20                  70                   0             21.9105             42.0455              63.956
                  20                  80                   0             22.5142             42.0455             64.5597
                  20                  90                   0             23.3665             41.4773             64.8438
                  20                 100                   0             23.9702             40.3409             64.3111
                  20                 110                   0             24.4673             39.2045             63.6719
                  20                 120                   0             25.4439                37.5             62.9439
                  20                 130                   0             26.6335                37.5             64.1335
                  20                 140                   0             27.5036             36.9318             64.4354
                  20                 150                   0              27.326                37.5              64.826
                  20                 160                   0             28.6754             36.3636             65.0391
                  20                 170                   0             29.2259             35.7955             65.0213
                  20                 180                   0             29.9183             35.2273             65.1456
                  20                 190                   0             31.1612             33.5227             64.6839
                  20                 200                   0             32.2266               31.25             63.4766
                  20                 210                   0             33.2031             30.6818             63.8849
                  20                 220                   0             34.7479             30.1136             64.8615
                  20                 230                   0             35.4759             30.1136             65.5895
                  20                 240                   0             36.5945             29.5455             66.1399
                  20                 250                   0             38.0149             28.9773             66.9922
                  20                 260                   0             38.9915             27.8409             66.8324
                  20                 270                   0             40.1101             27.2727             67.3828
                  20                 280                   0              42.081             25.5682             67.6491
                  20                 290                   0             43.4482             25.5682             69.0163
                  20                 300                   0             44.8153             25.5682             70.3835
                  20                 310                   0             46.2713             24.4318             70.7031
                  20                 320                   0             47.9403             23.2955             71.2358
                  20                 330                   0             50.0533             22.7273             72.7805
                  20                 340                   0             52.2727             22.1591             74.4318
                  20                 350                   0             54.1193               18.75             72.8693
                  20                 360                   0             56.2322             18.1818             74.4141
                  20                 370                   0             58.4872             17.6136             76.1009
                  20                 380                   0              60.245             14.7727             75.0178
                  20                 390                   0             63.2635             14.7727             78.0362
                  20                 400                   0             65.1278             13.0682              78.196
                  20                 410                   0             66.4418             13.0682             79.5099
                  20                 420                   0              68.093             13.0682             81.1612
                  20                 430                   0             68.8743             13.0682             81.9425
                  20                 440                   0             70.1527                12.5             82.6527
                  20                 450                   0             72.6918             11.3636             84.0554
                  20                 460                   0             73.4375             11.3636             84.8011
                  20                 470                   0              74.343             11.3636             85.7067
                  20                 480                   0             74.6804             11.3636              86.044
                  20                 490                   0             75.3374             11.3636              86.701
                  20                 500                   0             76.4205             10.2273             86.6477
                  20                 510                   0             76.9531             10.2273             87.1804
                  20                 520                   0             77.5746             9.65909             87.2337
                  20                 530                   0             78.4624             9.65909             88.1214
                  20                 540                   0             79.3679             9.09091             88.4588
                  20                 550                   0             80.1136             8.52273             88.6364
                  20                 560                   0             81.0369             6.81818             87.8551
                  20                 570                   0             83.6115                6.25             89.8615
                  20                 580                   0             85.7244             5.68182             91.4062
                  20                 590                   0             86.2038             5.68182             91.8857
                  20                 600                   0             87.3935             5.68182             93.0753
                  20                 610                   0              87.571             5.68182             93.2528
                  20                 620                   0             88.0327             5.68182             93.7145
                  20                 630                   0             88.5831             5.68182             94.2649
                  20                 640                   0             88.9915             5.68182             94.6733
                  20                 650                   0              89.098             5.68182             94.7798
                  20                 660                   0             89.6307             5.68182             95.3125
                  20                 670                   0             90.1634             5.68182             95.8452
                  20                 680                   0             90.5717             5.68182             96.2536
                  20                 690                   0             90.9446             5.68182             96.6264
                  20                 700                   0              91.353             5.11364             96.4666
                  20                 710                   0             91.6903             4.54545             96.2358
                  20                 720                   0             92.0987             4.54545             96.6442
                  20                 730                   0             92.3828             4.54545             96.9283
                  20                 740                   0             92.3828             4.54545             96.9283
                  20                 750                   0             92.5249             4.54545             97.0703
                  20                 760                   0             92.5959             4.54545             97.1413
                  20                 770                   0             92.5959             4.54545             97.1413
                  20                 780                   0             92.6136             4.54545             97.1591
                  20                 790                   0             92.7024             4.54545             97.2479
                  20                 800                   0             92.7734             4.54545             97.3189
                  20                 810                   0             92.9155             4.54545             97.4609
                  20                 820                   0             92.9155             4.54545             97.4609
                  20                 830                   0             93.0753             4.54545             97.6207
                  20                 840                   0              93.093             4.54545             97.6385
                  20                 850                   0             93.2351             4.54545             97.7805
                  20                 860                   0             93.2351             4.54545             97.7805
                  20                 870                   0             93.3949             4.54545             97.9403
                  20                 880                   0             93.4837             4.54545             98.0291
                  20                 890                   0             93.6612             4.54545             98.2067
                  20                 900                   0              93.821             4.54545             98.3665
                  20                 910                   0             93.8743             4.54545             98.4197
                  20                 920                   0             94.0518             4.54545             98.5973
                  20                 930                   0             94.0696             4.54545             98.6151
                  20                 940                   0             94.2472             4.54545             98.7926
                  20                 950                   0             94.4247             4.54545             98.9702
                  20                 960                   0             94.4602             4.54545             99.0057
                  20                 970                   0             94.4602             4.54545             99.0057
                  20                 980                   0             94.4602             4.54545             99.0057
                  20                 990                   0             94.4602             4.54545             99.0057
                  20                1000                   0             94.4602             4.54545             99.0057
