                  95                   0                   0             73.3487                12.5             85.8487
                  95                  10                   0             74.6449             13.6364             88.2812
                  95                  20                   0             75.6925                12.5             88.1925
                  95                  30                   0             76.7045             11.9318             88.6364
                  95                  40                   0             78.1428             10.7955             88.9382
                  95                  50                   0             78.7642             10.7955             89.5597
                  95                  60                   0             79.3324             10.7955             90.1278
                  95                  70                   0             80.0604             9.65909             89.7195
                  95                  80                   0             80.5575             7.38636             87.9439
                  95                  90                   0             81.0014             7.38636             88.3878
                  95                 100                   0             81.4808             6.81818              88.299
                  95                 110                   0             82.0845                6.25             88.3345
                  95                 120                   0             82.4041             5.68182             88.0859
                  95                 130                   0             82.9901             5.11364             88.1037
                  95                 140                   0             83.4517             5.11364             88.5653
                  95                 150                   0             83.7891             5.11364             88.9027
                  95                 160                   0             84.0199             5.11364             89.1335
                  95                 170                   0             84.2507             5.11364             89.3643
                  95                 180                   0             84.8366             4.54545             89.3821
                  95                 190                   0             85.1562             4.54545             89.7017
                  95                 200                   0              85.831             3.97727             89.8082
                  95                 210                   0             86.1328             3.97727             90.1101
                  95                 220                   0             86.5589             3.97727             90.5362
                  95                 230                   0             87.1449             3.40909              90.554
                  95                 240                   0             87.5533             3.40909             90.9624
                  95                 250                   0             87.9616             3.40909             91.3707
                  95                 260                   0             88.1747             3.40909             91.5838
                  95                 270                   0             88.4411             3.40909             91.8501
                  95                 280                   0             88.6009             3.40909             92.0099
                  95                 290                   0             89.4531             3.40909             92.8622
                  95                 300                   0             89.7372             3.40909             93.1463
                  95                 310                   0             90.5362             3.40909             93.9453
                  95                 320                   0             90.7848             3.40909             94.1939
                  95                 330                   0             91.0511             3.40909             94.4602
                  95                 340                   0             91.1577             3.40909             94.5668
                  95                 350                   0             91.4062             3.40909             94.8153
                  95                 360                   0             91.9212             3.40909             95.3303
                  95                 370                   0             92.2763             3.40909             95.6854
                  95                 380                   0             92.5426             3.40909             95.9517
                  95                 390                   0             93.9276             3.40909             97.3366
                  95                 400                   0             94.2116             3.40909             97.6207
                  95                 410                   0             94.7621             3.40909             98.1712
                  95                 420                   0             94.8686             3.40909             98.2777
                  95                 430                   0             94.9929             3.40909              98.402
                  95                 440                   0             95.3658             3.40909             98.7749
                  95                 450                   0             95.8452             2.84091             98.6861
                  95                 460                   0             96.3956             2.84091             99.2365
                  95                 470                   0             96.5199             2.84091             99.3608
                  95                 480                   0             96.7685             2.84091             99.6094
                  95                 490                   0             96.8395             2.84091             99.6804
                  95                 500                   0             97.0348             2.84091             99.8757
                  95                 510                   0             97.2656             2.84091             100.107
                  95                 520                   0             97.4787             2.84091              100.32
                  95                 530                   0             97.6918             2.84091             100.533
                  95                 540                   0             97.8338             2.84091             100.675
                  95                 550                   0             97.8871             2.84091             100.728
                  95                 560                   0             97.9936             2.84091             100.835
                  95                 570                   0             97.9936             2.84091             100.835
                  95                 580                   0             98.0291             2.84091              100.87
                  95                 590                   0             98.1179             2.84091             100.959
                  95                 600                   0             98.4197             2.84091             101.261
                  95                 610                   0             98.4375             2.84091             101.278
                  95                 620                   0             98.4553             2.84091             101.296
                  95                 630                   0              98.544             2.27273             100.817
                  95                 640                   0              98.544             2.27273             100.817
                  95                 650                   0             98.5618             2.27273             100.835
                  95                 660                   0             98.6506             2.27273             100.923
                  95                 670                   0             98.7038             2.27273             100.977
                  95                 680                   0             98.8104             2.27273             101.083
                  95                 690                   0             98.8281             2.27273             101.101
                  95                 700                   0             98.8281             2.27273             101.101
                  95                 710                   0             98.8281             2.27273             101.101
                  95                 720                   0             98.8281             2.27273             101.101
                  95                 730                   0             98.8281             2.27273             101.101
                  95                 740                   0             98.8281             2.27273             101.101
                  95                 750                   0             98.8281             2.27273             101.101
                  95                 760                   0             98.8281             2.27273             101.101
                  95                 770                   0             98.8459             2.27273             101.119
                  95                 780                   0             98.8459             2.27273             101.119
                  95                 790                   0             98.8459             2.27273             101.119
                  95                 800                   0             98.8459             2.27273             101.119
                  95                 810                   0             98.8459             2.27273             101.119
                  95                 820                   0             98.8636             2.27273             101.136
                  95                 830                   0             98.8636             2.27273             101.136
                  95                 840                   0             98.9169             2.27273              101.19
                  95                 850                   0             98.9169             2.27273              101.19
                  95                 860                   0             98.9347             2.27273             101.207
                  95                 870                   0             98.9347             2.27273             101.207
                  95                 880                   0             98.9347             2.27273             101.207
                  95                 890                   0             98.9524             2.27273             101.225
                  95                 900                   0             98.9524             2.27273             101.225
                  95                 910                   0             98.9702             2.27273             101.243
                  95                 920                   0             98.9702             2.27273             101.243
                  95                 930                   0             98.9702             2.27273             101.243
                  95                 940                   0             99.5384             1.70455             101.243
                  95                 950                   0             99.5384             1.70455             101.243
                  95                 960                   0             99.5384             1.70455             101.243
                  95                 970                   0             99.5561             1.70455             101.261
                  95                 980                   0             99.5561             1.70455             101.261
                  95                 990                   0             99.6094             1.70455             101.314
                  95                1000                   0             99.6094             1.70455             101.314
