                  35                   0                   0             31.4631             34.0909              65.554
                  35                  10                   0             32.4396             34.0909             66.5305
                  35                  20                   0             33.2031             32.9545             66.1577
                  35                  30                   0             34.1797             31.8182             65.9979
                  35                  40                   0             34.9254               31.25             66.1754
                  35                  50                   0             35.7777             28.4091             64.1868
                  35                  60                   0             37.3402             27.2727             64.6129
                  35                  70                   0             38.2102             27.8409             66.0511
                  35                  80                   0             39.5064             27.2727             66.7791
                  35                  90                   0             39.8082             27.8409             67.6491
                  35                 100                   0             40.7138             26.7045             67.4183
                  35                 110                   0             41.9567             26.1364              68.093
                  35                 120                   0             43.4126                  25             68.4126
                  35                 130                   0             44.9219             24.4318             69.3537
                  35                 140                   0             46.9283             23.2955             70.2237
                  35                 150                   0             48.3132             22.1591             70.4723
                  35                 160                   0              49.929             22.1591             72.0881
                  35                 170                   0             52.0774             21.5909             73.6683
                  35                 180                   0             54.7585             21.5909             76.3494
                  35                 190                   0             57.4396             19.8864              77.326
                  35                 200                   0             59.8189             19.3182             79.1371
                  35                 210                   0             61.6122             18.1818              79.794
                  35                 220                   0             63.7429             18.1818             81.9247
                  35                 230                   0             65.0746             18.1818             83.2564
                  35                 240                   0             66.2464             18.1818             84.4283
                  35                 250                   0             67.7202             16.4773             84.1974
                  35                 260                   0               68.75             15.9091             84.6591
                  35                 270                   0             69.9751             15.3409             85.3161
                  35                 280                   0             71.4666                12.5             83.9666
                  35                 290                   0             72.5675                12.5             85.0675
                  35                 300                   0             73.9169             10.7955             84.7124
                  35                 310                   0              75.142             10.2273             85.3693
                  35                 320                   0              75.657             10.2273             85.8842
                  35                 330                   0             76.0298             10.2273             86.2571
                  35                 340                   0              77.326             9.65909             86.9851
                  35                 350                   0              78.267             9.65909             87.9261
                  35                 360                   0             78.6932             9.09091             87.7841
                  35                 370                   0             79.4744             7.38636             86.8608
                  35                 380                   0             80.0249             7.38636             87.4112
                  35                 390                   0             80.6641             7.38636             88.0504
                  35                 400                   0             80.9482             6.81818             87.7663
                  35                 410                   0              81.321             6.81818             88.1392
                  35                 420                   0             81.7472             6.81818             88.5653
                  35                 430                   0             81.9957             6.81818             88.8139
                  35                 440                   0             83.4695             4.54545             88.0149
                  35                 450                   0             83.8956             4.54545             88.4411
                  35                 460                   0             84.4993             3.97727             88.4766
                  35                 470                   0             84.7479             3.97727             88.7251
                  35                 480                   0             84.9077             3.97727             88.8849
                  35                 490                   0             85.1562             3.97727             89.1335
                  35                 500                   0             85.7777             3.97727              89.755
                  35                 510                   0             86.2216             3.97727             90.1989
                  35                 520                   0             87.0561             3.40909             90.4652
                  35                 530                   0             88.9382             3.40909             92.3473
                  35                 540                   0              89.897             3.40909             93.3061
                  35                 550                   0             90.4297             3.40909             93.8388
                  35                 560                   0             91.0156             3.40909             94.4247
                  35                 570                   0             91.6903             3.40909             95.0994
                  35                 580                   0             92.0277             3.40909             95.4368
                  35                 590                   0              92.294             3.40909             95.7031
                  35                 600                   0             92.8089             2.84091             95.6499
                  35                 610                   0             92.9332             2.84091             95.7741
                  35                 620                   0             93.4482             2.84091             96.2891
                  35                 630                   0             93.8388             2.84091             96.6797
                  35                 640                   0             94.2472             2.84091             97.0881
                  35                 650                   0             94.6378             2.84091             97.4787
                  35                 660                   0             95.3303             2.84091             98.1712
                  35                 670                   0             95.5433             2.84091             98.3842
                  35                 680                   0             95.7919             2.84091             98.6328
                  35                 690                   0             95.8452             2.27273             98.1179
                  35                 700                   0             95.8629             2.27273             98.1357
                  35                 710                   0             95.9339             2.27273             98.2067
                  35                 720                   0             96.0582             2.27273              98.331
                  35                 730                   0             96.0582             2.27273              98.331
                  35                 740                   0             96.1115             2.27273             98.3842
                  35                 750                   0              96.147             2.27273             98.4197
                  35                 760                   0             96.1648             2.27273             98.4375
                  35                 770                   0             96.1825             2.27273             98.4553
                  35                 780                   0             96.2536             2.27273             98.5263
                  35                 790                   0             96.5199             2.27273             98.7926
                  35                 800                   0             96.5199             2.27273             98.7926
                  35                 810                   0             96.6442             2.27273             98.9169
                  35                 820                   0             96.6974             2.27273             98.9702
                  35                 830                   0             96.9105             2.27273             99.1832
                  35                 840                   0             96.9105             2.27273             99.1832
                  35                 850                   0             96.9638             2.27273             99.2365
                  35                 860                   0             97.1236             2.27273             99.3963
                  35                 870                   0             97.3366             2.27273             99.6094
                  35                 880                   0             97.4609             2.27273             99.7337
                  35                 890                   0              97.532             2.27273             99.8047
                  35                 900                   0              97.532             2.27273             99.8047
                  35                 910                   0              97.532             2.27273             99.8047
                  35                 920                   0             97.5675             2.27273             99.8402
                  35                 930                   0             97.5675             2.27273             99.8402
                  35                 940                   0             97.5675             2.27273             99.8402
                  35                 950                   0             97.5675             2.27273             99.8402
                  35                 960                   0             97.5675             2.27273             99.8402
                  35                 970                   0             97.5852             2.27273              99.858
                  35                 980                   0             97.6207             2.27273             99.8935
                  35                 990                   0             97.6207             2.27273             99.8935
                  35                1000                   0             97.7805             2.27273             100.053
