                   5                   0                   0             5.04261                87.5             92.5426
                   5                  10                   0             5.02486             86.3636             91.3885
                   5                  20                   0             5.14915             85.7955             90.9446
                   5                  30                   0             5.22017             85.2273             90.4474
                   5                  40                   0             5.37997             85.2273             90.6072
                   5                  50                   0             5.55753             84.0909             89.6484
                   5                  60                   0             5.69957             83.5227             89.2223
                   5                  70                   0             5.85938             82.9545             88.8139
                   5                  80                   0             6.05469             81.8182             87.8729
                   5                  90                   0             6.32102               81.25              87.571
                   5                 100                   0             6.44531             80.6818             87.1271
                   5                 110                   0             6.67614             80.6818              87.358
                   5                 120                   0             6.92472             80.6818             87.6065
                   5                 130                   0              7.1733             80.6818             87.8551
                   5                 140                   0             7.58168             78.9773             86.5589
                   5                 150                   0             7.83026             78.4091             86.2393
                   5                 160                   0             8.06108             76.1364             84.1974
                   5                 170                   0             8.23864             76.1364              84.375
                   5                 180                   0             8.46946             75.5682             84.0376
                   5                 190                   0             8.87784                  75             83.8778
                   5                 200                   0             9.03764             74.4318             83.4695
                   5                 210                   0             9.09091             72.7273             81.8182
                   5                 220                   0              9.2152             71.5909             80.8061
                   5                 230                   0             9.60582             71.5909             81.1967
                   5                 240                   0             9.92543             70.4545               80.38
                   5                 250                   0              10.103               68.75              78.853
                   5                 260                   0             10.3871             68.1818             78.5689
                   5                 270                   0              10.831             67.0455             77.8764
                   5                 280                   0             11.5589             65.9091              77.468
                   5                 290                   0             11.9673             64.7727             76.7401
                   5                 300                   0              12.358             63.6364             75.9943
                   5                 310                   0             12.9084             59.6591             72.5675
                   5                 320                   0             13.4233             59.6591             73.0824
                   5                 330                   0             13.7962             58.5227             72.3189
                   5                 340                   0             14.8438             57.3864             72.2301
                   5                 350                   0             15.4119             55.6818             71.0938
                   5                 360                   0             16.9922             53.4091             70.4013
                   5                 370                   0             18.0398             51.7045             69.7443
                   5                 380                   0              18.679             51.1364             69.8153
                   5                 390                   0             19.1051             50.5682             69.6733
                   5                 400                   0              19.407                  50              69.407
                   5                 410                   0             20.8274             46.0227             66.8501
                   5                 420                   0             22.0526             46.0227             68.0753
                   5                 430                   0             22.9936             44.8864               67.88
                   5                 440                   0             23.2777             42.6136             65.8913
                   5                 450                   0             24.6804             39.7727             64.4531
                   5                 460                   0             26.9354             38.6364             65.5717
                   5                 470                   0             28.6577             36.9318             65.5895
                   5                 480                   0             29.8828             35.7955             65.6783
                   5                 490                   0             31.5518             33.5227             65.0746
                   5                 500                   0             33.4872             30.1136             63.6009
                   5                 510                   0             34.5703             30.1136             64.6839
                   5                 520                   0             35.9553             30.1136             66.0689
                   5                 530                   0             37.8374             30.1136              67.951
                   5                 540                   0             40.4474             30.1136             70.5611
                   5                 550                   0             41.9922             28.9773             70.9695
                   5                 560                   0             44.2294             27.8409             72.0703
                   5                 570                   0             45.0284             27.8409             72.8693
                   5                 580                   0             46.9815             26.7045             73.6861
                   5                 590                   0             48.7926             25.5682             74.3608
                   5                 600                   0             51.6335                  25             76.6335
                   5                 610                   0             53.3026                  25             78.3026
                   5                 620                   0              56.108             23.8636             79.9716
                   5                 630                   0             57.4751             23.2955             80.7706
                   5                 640                   0             58.6825             22.1591             80.8416
                   5                 650                   0             59.1619             22.1591              81.321
                   5                 660                   0             59.9077             21.5909             81.4986
                   5                 670                   0             63.9027             18.1818             82.0845
                   5                 680                   0             65.4652             15.3409             80.8061
                   5                 690                   0             67.3828             14.2045             81.5874
                   5                 700                   0             68.9986             14.2045             83.2031
                   5                 710                   0             69.6911             13.0682             82.7592
                   5                 720                   0             70.9517             11.9318             82.8835
                   5                 730                   0             72.3544             11.3636              83.718
                   5                 740                   0             74.6094             10.7955             85.4048
                   5                 750                   0             75.4794             10.7955             86.2749
                   5                 760                   0               75.87             10.7955             86.6655
                   5                 770                   0             77.4325             10.2273             87.6598
                   5                 780                   0             78.2493             10.2273             88.4766
                   5                 790                   0             79.2614             10.2273             89.4886
                   5                 800                   0             79.6875             9.65909             89.3466
                   5                 810                   0             80.3445             9.65909             90.0036
                   5                 820                   0             80.6818             9.65909             90.3409
                   5                 830                   0             80.7528             9.65909             90.4119
                   5                 840                   0             81.6406             8.52273             90.1634
                   5                 850                   0             82.2088             8.52273             90.7315
                   5                 860                   0             82.3153             8.52273             90.8381
                   5                 870                   0             84.2685             7.95455              92.223
                   5                 880                   0             85.0142             7.95455             92.9688
                   5                 890                   0             85.2273             7.95455             93.1818
                   5                 900                   0             86.1506             7.38636             93.5369
                   5                 910                   0             87.1804             7.38636             94.5668
                   5                 920                   0             87.6776             7.38636             95.0639
                   5                 930                   0             87.7841             7.38636             95.1705
                   5                 940                   0             87.8551             7.38636             95.2415
                   5                 950                   0             87.9794             7.38636             95.3658
                   5                 960                   0              88.157             6.81818             94.9751
                   5                 970                   0             88.7251                6.25             94.9751
                   5                 980                   0              89.169                6.25              95.419
                   5                 990                   0             90.8558             5.68182             96.5376
                   5                1000                   0             91.1932             5.68182              96.875
