                  65                   0                   0              55.451               18.75              74.201
                  65                  10                   0             58.4695               18.75             77.2195
                  65                  20                   0             60.0142             18.1818              78.196
                  65                  30                   0               61.63             18.1818             79.8118
                  65                  40                   0             63.3523             17.6136             80.9659
                  65                  50                   0             64.5064             17.6136               82.12
                  65                  60                   0             65.9268             17.6136             83.5405
                  65                  70                   0             67.0277             17.6136             84.6413
                  65                  80                   0             68.1641             17.0455             85.2095
                  65                  90                   0             69.1051             17.0455             86.1506
                  65                 100                   0             70.2947             16.4773              86.772
                  65                 110                   0             71.3246             15.9091             87.2337
                  65                 120                   0             72.2301             15.3409              87.571
                  65                 130                   0             73.6861             14.2045             87.8906
                  65                 140                   0             74.5384             13.0682             87.6065
                  65                 150                   0             75.6747                12.5             88.1747
                  65                 160                   0             76.6335             11.9318             88.5653
                  65                 170                   0              78.054             8.52273             86.5767
                  65                 180                   0             78.7109             8.52273             87.2337
                  65                 190                   0             79.1903             8.52273             87.7131
                  65                 200                   0             79.8295             7.38636             87.2159
                  65                 210                   0             80.2379             7.38636             87.6243
                  65                 220                   0             80.7706             6.81818             87.5888
                  65                 230                   0             81.0902             6.81818             87.9084
                  65                 240                   0             81.6939             5.68182             87.3757
                  65                 250                   0             82.1023             5.68182             87.7841
                  65                 260                   0             82.5462             5.68182              88.228
                  65                 270                   0             83.0966             5.68182             88.7784
                  65                 280                   0             83.6115             5.11364             88.7251
                  65                 290                   0             84.0021             4.54545             88.5476
                  65                 300                   0             84.5881             3.97727             88.5653
                  65                 310                   0             84.9964             3.97727             88.9737
                  65                 320                   0             85.7422             3.97727             89.7195
                  65                 330                   0             86.2216             3.40909             89.6307
                  65                 340                   0             86.4524             3.40909             89.8615
                  65                 350                   0             86.6832             3.40909             90.0923
                  65                 360                   0             87.0916             3.40909             90.5007
                  65                 370                   0             87.3935             3.40909             90.8026
                  65                 380                   0             87.7131             3.40909             91.1222
                  65                 390                   0             88.2457             3.40909             91.6548
                  65                 400                   0             88.5476             3.40909             91.9567
                  65                 410                   0             89.0092             3.40909             92.4183
                  65                 420                   0             89.2756             3.40909             92.6847
                  65                 430                   0             90.0036             3.40909             93.4126
                  65                 440                   0             90.8026             3.40909             94.2116
                  65                 450                   0             91.0156             3.40909             94.4247
                  65                 460                   0             92.6491             3.40909             96.0582
                  65                 470                   0             92.8267             3.40909             96.2358
                  65                 480                   0             93.3239             3.40909              96.733
                  65                 490                   0             94.3359             2.84091             97.1768
                  65                 500                   0             94.8331             2.84091              97.674
                  65                 510                   0              95.277             2.84091             98.1179
                  65                 520                   0             95.6321             2.84091              98.473
                  65                 530                   0             95.8097             2.84091             98.6506
                  65                 540                   0             96.1648             2.84091             99.0057
                  65                 550                   0             96.4489             2.84091             99.2898
                  65                 560                   0              96.875             2.84091             99.7159
                  65                 570                   0             96.9638             2.84091             99.8047
                  65                 580                   0             97.1058             2.84091             99.9467
                  65                 590                   0             97.1236             2.84091             99.9645
                  65                 600                   0             97.2124             2.84091             100.053
                  65                 610                   0             97.3011             2.84091             100.142
                  65                 620                   0             97.3189             2.84091              100.16
                  65                 630                   0             97.3366             2.84091             100.178
                  65                 640                   0             97.4609             2.84091             100.302
                  65                 650                   0             97.5497             2.84091             100.391
                  65                 660                   0             97.6207             2.27273             99.8935
                  65                 670                   0             97.6385             2.27273             99.9112
                  65                 680                   0             97.8516             2.27273             100.124
                  65                 690                   0             97.9048             2.27273             100.178
                  65                 700                   0             98.0114             2.27273             100.284
                  65                 710                   0             98.0291             2.27273             100.302
                  65                 720                   0             98.0469             2.27273              100.32
                  65                 730                   0             98.2422             2.27273             100.515
                  65                 740                   0             98.5085             2.27273             100.781
                  65                 750                   0             98.5085             2.27273             100.781
                  65                 760                   0              98.544             2.27273             100.817
                  65                 770                   0              98.544             2.27273             100.817
                  65                 780                   0             98.6506             2.27273             100.923
                  65                 790                   0             98.6506             2.27273             100.923
                  65                 800                   0             98.6506             2.27273             100.923
                  65                 810                   0             98.6506             2.27273             100.923
                  65                 820                   0             98.6683             2.27273             100.941
                  65                 830                   0             98.6683             2.27273             100.941
                  65                 840                   0             98.6683             2.27273             100.941
                  65                 850                   0             98.6683             2.27273             100.941
                  65                 860                   0             98.7216             2.27273             100.994
                  65                 870                   0             98.7216             2.27273             100.994
                  65                 880                   0             98.7393             2.27273             101.012
                  65                 890                   0             98.7393             2.27273             101.012
                  65                 900                   0             98.7393             2.27273             101.012
                  65                 910                   0             98.7393             2.27273             101.012
                  65                 920                   0             98.7393             2.27273             101.012
                  65                 930                   0             98.8104             2.27273             101.083
                  65                 940                   0             98.8104             2.27273             101.083
                  65                 950                   0             98.8104             2.27273             101.083
                  65                 960                   0             98.8104             2.27273             101.083
                  65                 970                   0             98.8281             2.27273             101.101
                  65                 980                   0             99.3963             1.70455             101.101
                  65                 990                   0             99.3963             1.70455             101.101
                  65                1000                   0             99.4141             1.70455             101.119
