                  40                   0                   0             35.7955             26.7045                62.5
                  40                  10                   0             37.0028             27.2727             64.2756
                  40                  20                   0             37.9794             27.2727             65.2521
                  40                  30                   0             38.7074             27.8409             66.5483
                  40                  40                   0             40.0746             26.7045             66.7791
                  40                  50                   0             40.9446             27.2727             68.2173
                  40                  60                   0             41.4418             25.5682             67.0099
                  40                  70                   0             42.5426                  25             67.5426
                  40                  80                   0             43.6435                  25             68.6435
                  40                  90                   0             45.0462             23.8636             68.9098
                  40                 100                   0             46.5732             23.8636             70.4368
                  40                 110                   0             48.2777             22.1591             70.4368
                  40                 120                   0             49.7514             22.1591             71.9105
                  40                 130                   0             52.0597             21.0227             73.0824
                  40                 140                   0             54.5277             20.4545             74.9822
                  40                 150                   0             56.5518             20.4545             77.0064
                  40                 160                   0             57.9901               18.75             76.7401
                  40                 170                   0             60.5291             18.1818             78.7109
                  40                 180                   0             63.0149             18.1818             81.1967
                  40                 190                   0             64.4354             18.1818             82.6172
                  40                 200                   0             65.4297             17.6136             83.0433
                  40                 210                   0             66.6193             17.6136              84.233
                  40                 220                   0              68.093             17.0455             85.1385
                  40                 230                   0             69.0518             15.9091             84.9609
                  40                 240                   0             70.6143             15.3409             85.9553
                  40                 250                   0             72.0703             14.2045             86.2749
                  40                 260                   0             73.1001             11.9318              85.032
                  40                 270                   0             73.8991             11.3636             85.2628
                  40                 280                   0             74.9112             10.2273             85.1385
                  40                 290                   0             75.5149             10.2273             85.7422
                  40                 300                   0             76.3672             10.2273             86.5945
                  40                 310                   0             77.1129             10.2273             87.3402
                  40                 320                   0             77.6811             10.2273             87.9084
                  40                 330                   0             78.7464             7.95455              86.701
                  40                 340                   0             79.1193             7.95455             87.0739
                  40                 350                   0              79.794             7.38636             87.1804
                  40                 360                   0             80.3089             7.38636             87.6953
                  40                 370                   0             80.6996             6.81818             87.5178
                  40                 380                   0             81.0014             6.81818             87.8196
                  40                 390                   0             81.2678             6.81818             88.0859
                  40                 400                   0             82.8835             5.11364             87.9972
                  40                 410                   0             83.0788             5.11364             88.1925
                  40                 420                   0             83.5938             4.54545             88.1392
                  40                 430                   0             84.1087             4.54545             88.6541
                  40                 440                   0             84.4815             3.97727             88.4588
                  40                 450                   0             85.5646             3.97727             89.5419
                  40                 460                   0             85.9197             3.97727              89.897
                  40                 470                   0             86.0795             3.97727             90.0568
                  40                 480                   0             86.3281             3.97727             90.3054
                  40                 490                   0             86.7898             3.97727              90.767
                  40                 500                   0             87.2869             3.97727             91.2642
                  40                 510                   0             87.9261             3.97727             91.9034
                  40                 520                   0             90.1278             3.40909             93.5369
                  40                 530                   0             90.8203             3.40909             94.2294
                  40                 540                   0             91.1577             3.40909             94.5668
                  40                 550                   0             91.6016             3.40909             95.0107
                  40                 560                   0             92.0632             3.40909             95.4723
                  40                 570                   0             92.6491             2.84091             95.4901
                  40                 580                   0              93.022             2.84091             95.8629
                  40                 590                   0             93.2706             2.84091             96.1115
                  40                 600                   0             93.7322             2.84091             96.5732
                  40                 610                   0             94.1406             2.84091             96.9815
                  40                 620                   0             94.6911             2.84091              97.532
                  40                 630                   0             94.8331             2.84091              97.674
                  40                 640                   0             95.2237             2.84091             98.0646
                  40                 650                   0             95.4901             2.84091              98.331
                  40                 660                   0             95.7564             2.84091             98.5973
                  40                 670                   0             95.8274             2.84091             98.6683
                  40                 680                   0             95.8629             2.84091             98.7038
                  40                 690                   0             95.8807             2.27273             98.1534
                  40                 700                   0             95.8807             2.27273             98.1534
                  40                 710                   0             95.9517             2.27273             98.2244
                  40                 720                   0             96.1293             2.27273              98.402
                  40                 730                   0              96.147             2.27273             98.4197
                  40                 740                   0             96.1648             2.27273             98.4375
                  40                 750                   0             96.3601             2.27273             98.6328
                  40                 760                   0             96.4134             2.27273             98.6861
                  40                 770                   0             96.4666             2.27273             98.7393
                  40                 780                   0             96.5909             2.27273             98.8636
                  40                 790                   0             96.6619             2.27273             98.9347
                  40                 800                   0             96.7862             2.27273             99.0589
                  40                 810                   0             96.9638             2.27273             99.2365
                  40                 820                   0             96.9815             2.27273             99.2543
                  40                 830                   0             97.1236             2.27273             99.3963
                  40                 840                   0             97.2834             2.27273             99.5561
                  40                 850                   0             97.4254             2.27273             99.6982
                  40                 860                   0             97.4432             2.27273             99.7159
                  40                 870                   0             97.4609             2.27273             99.7337
                  40                 880                   0             97.5675             2.27273             99.8402
                  40                 890                   0             97.5675             2.27273             99.8402
                  40                 900                   0             97.7805             2.27273             100.053
                  40                 910                   0             97.7805             2.27273             100.053
                  40                 920                   0             97.7805             2.27273             100.053
                  40                 930                   0             97.7983             2.27273             100.071
                  40                 940                   0             97.8161             2.27273             100.089
                  40                 950                   0             97.8161             2.27273             100.089
                  40                 960                   0             97.9936             2.27273             100.266
                  40                 970                   0             98.1712             2.27273             100.444
                  40                 980                   0             98.1712             2.27273             100.444
                  40                 990                   0             98.1712             2.27273             100.444
                  40                1000                   0             98.1712             2.27273             100.444
