                  30                   0                   0             26.8466             36.9318             63.7784
                  30                  10                   0             28.0007             36.9318             64.9325
                  30                  20                   0             28.7109             36.9318             65.6428
                  30                  30                   0             29.4034             35.7955             65.1989
                  30                  40                   0             30.4865             35.2273             65.7138
                  30                  50                   0             31.1435             35.2273             66.3707
                  30                  60                   0             31.8359             34.6591              66.495
                  30                  70                   0             32.7415             34.0909             66.8324
                  30                  80                   0             33.9134             31.8182             65.7315
                  30                  90                   0             34.7479             30.1136             64.8615
                  30                 100                   0             35.7422             29.5455             65.2876
                  30                 110                   0             35.2273             30.1136             65.3409
                  30                 120                   0             36.2216             29.5455              65.767
                  30                 130                   0             37.3935             29.5455             66.9389
                  30                 140                   0             39.2578             28.9773             68.2351
                  30                 150                   0             40.5717             27.2727             67.8445
                  30                 160                   0             41.8679             26.7045             68.5724
                  30                 170                   0             43.6435             26.1364             69.7798
                  30                 180                   0             45.2415             25.5682             70.8097
                  30                 190                   0              46.804                  25              71.804
                  30                 200                   0             48.6683             23.8636              72.532
                  30                 210                   0             50.5149             23.8636             74.3786
                  30                 220                   0             52.7876             21.5909             74.3786
                  30                 230                   0             55.2557             21.0227             76.2784
                  30                 240                   0             58.3452             21.0227             79.3679
                  30                 250                   0             60.0852             21.0227              81.108
                  30                 260                   0             62.0739             19.3182              81.392
                  30                 270                   0             64.2401             18.1818             82.4219
                  30                 280                   0             65.6605             17.0455              82.706
                  30                 290                   0             67.4361             16.4773             83.9134
                  30                 300                   0             68.9808             13.6364             82.6172
                  30                 310                   0              70.206             13.0682             83.2741
                  30                 320                   0             71.4311             13.0682             84.4993
                  30                 330                   0             72.1236                12.5             84.6236
                  30                 340                   0             73.1534             10.7955             83.9489
                  30                 350                   0             74.6804             10.7955             85.4759
                  30                 360                   0             75.4616             10.2273             85.6889
                  30                 370                   0             76.1719             9.65909              85.831
                  30                 380                   0             77.2017             9.65909             86.8608
                  30                 390                   0             77.8587             9.65909             87.5178
                  30                 400                   0             78.8352             9.65909             88.4943
                  30                 410                   0             79.4212             9.09091             88.5121
                  30                 420                   0             79.7763             8.52273              88.299
                  30                 430                   0             80.5398             7.38636             87.9261
                  30                 440                   0             80.8416             7.38636              88.228
                  30                 450                   0             81.1257             7.38636             88.5121
                  30                 460                   0             81.5341             6.81818             88.3523
                  30                 470                   0             82.0845                6.25             88.3345
                  30                 480                   0             82.4929                6.25             88.7429
                  30                 490                   0             84.0554             4.54545             88.6009
                  30                 500                   0             84.2862             4.54545             88.8317
                  30                 510                   0             84.7301             4.54545             89.2756
                  30                 520                   0             84.9964             4.54545             89.5419
                  30                 530                   0             86.0263             3.97727             90.0036
                  30                 540                   0                87.5             3.97727             91.4773
                  30                 550                   0             88.7962             3.97727             92.7734
                  30                 560                   0             89.3643             3.97727             93.3416
                  30                 570                   0              89.826             3.97727             93.8033
                  30                 580                   0              90.554             3.97727             94.5312
                  30                 590                   0             90.8736             3.97727             94.8509
                  30                 600                   0             91.1044             3.97727             95.0817
                  30                 610                   0             91.7436             3.97727             95.7209
                  30                 620                   0             91.8501             3.97727             95.8274
                  30                 630                   0              92.294             3.97727             96.2713
                  30                 640                   0             92.9865             3.40909             96.3956
                  30                 650                   0             93.2706             3.40909             96.6797
                  30                 660                   0             93.5369             3.40909              96.946
                  30                 670                   0             93.9098             3.40909             97.3189
                  30                 680                   0             94.2116             3.40909             97.6207
                  30                 690                   0              94.478             3.40909             97.8871
                  30                 700                   0             94.7443             2.84091             97.5852
                  30                 710                   0             94.7976             2.84091             97.6385
                  30                 720                   0             94.8686             2.84091             97.7095
                  30                 730                   0             95.0462             2.84091             97.8871
                  30                 740                   0             95.0462             2.84091             97.8871
                  30                 750                   0             95.0639             2.84091             97.9048
                  30                 760                   0             95.1172             2.84091             97.9581
                  30                 770                   0             95.1527             2.84091             97.9936
                  30                 780                   0             95.1527             2.84091             97.9936
                  30                 790                   0             95.1527             2.84091             97.9936
                  30                 800                   0             95.2237             2.84091             98.0646
                  30                 810                   0             95.3303             2.84091             98.1712
                  30                 820                   0             95.4723             2.84091             98.3132
                  30                 830                   0             95.8097             2.84091             98.6506
                  30                 840                   0             95.8274             2.84091             98.6683
                  30                 850                   0             96.0582             2.84091             98.8991
                  30                 860                   0             96.1293             2.84091             98.9702
                  30                 870                   0             96.2358             2.84091             99.0767
                  30                 880                   0             96.2358             2.84091             99.0767
                  30                 890                   0             96.6087             2.84091             99.4496
                  30                 900                   0             96.6797             2.84091             99.5206
                  30                 910                   0             96.7152             2.84091             99.5561
                  30                 920                   0             96.7152             2.84091             99.5561
                  30                 930                   0              96.733             2.84091             99.5739
                  30                 940                   0              96.804             2.84091             99.6449
                  30                 950                   0              96.804             2.84091             99.6449
                  30                 960                   0             96.8395             2.84091             99.6804
                  30                 970                   0             96.8395             2.84091             99.6804
                  30                 980                   0             96.8395             2.84091             99.6804
                  30                 990                   0             96.8395             2.84091             99.6804
                  30                1000                   0             96.8572             2.84091             99.6982
