                  80                   0                   0             66.5661             17.0455             83.6115
                  80                  10                   0             68.9453             14.7727              83.718
                  80                  20                   0             69.6911             15.9091             85.6001
                  80                  30                   0             70.1705             15.9091             86.0795
                  80                  40                   0             71.1648             15.3409             86.5057
                  80                  50                   0             72.1591             15.3409                87.5
                  80                  60                   0             73.1889             14.7727             87.9616
                  80                  70                   0              74.201             13.6364             87.8374
                  80                  80                   0             75.4439                12.5             87.9439
                  80                  90                   0             76.8821             11.3636             88.2457
                  80                 100                   0              78.125             10.2273             88.3523
                  80                 110                   0             78.8707             9.65909             88.5298
                  80                 120                   0             79.2436             7.95455             87.1982
                  80                 130                   0             79.9006             7.38636             87.2869
                  80                 140                   0             80.3089             7.38636             87.6953
                  80                 150                   0             81.0192             7.38636             88.4055
                  80                 160                   0              81.392                6.25              87.642
                  80                 170                   0             81.8537                6.25             88.1037
                  80                 180                   0             82.3331             5.11364             87.4467
                  80                 190                   0             83.0256             5.11364             88.1392
                  80                 200                   0             83.3807             5.11364             88.4943
                  80                 210                   0             83.6115             5.11364             88.7251
                  80                 220                   0             84.0021             5.11364             89.1158
                  80                 230                   0             84.2862             5.11364             89.3999
                  80                 240                   0             84.7834             4.54545             89.3288
                  80                 250                   0             85.3516             3.97727             89.3288
                  80                 260                   0             85.7244             3.97727             89.7017
                  80                 270                   0             86.2393             3.97727             90.2166
                  80                 280                   0             86.4347             3.40909             89.8438
                  80                 290                   0             86.8608             3.40909             90.2699
                  80                 300                   0             87.0206             3.40909             90.4297
                  80                 310                   0             87.3402             3.40909             90.7493
                  80                 320                   0             87.6776             3.40909             91.0866
                  80                 330                   0             87.9794             3.40909             91.3885
                  80                 340                   0             88.3168             3.40909             91.7259
                  80                 350                   0             88.6541             3.40909             92.0632
                  80                 360                   0             89.2756             3.40909             92.6847
                  80                 370                   0             90.0391             3.40909             93.4482
                  80                 380                   0              90.554             3.40909             93.9631
                  80                 390                   0             91.4418             3.40909             94.8509
                  80                 400                   0             91.7436             3.40909             95.1527
                  80                 410                   0             92.2053             3.40909             95.6143
                  80                 420                   0             92.5249             3.40909             95.9339
                  80                 430                   0             93.9631             3.40909             97.3722
                  80                 440                   0             94.0874             3.40909             97.4964
                  80                 450                   0             94.2827             3.40909             97.6918
                  80                 460                   0             94.7621             3.40909             98.1712
                  80                 470                   0             95.3303             2.84091             98.1712
                  80                 480                   0             95.7031             2.84091              98.544
                  80                 490                   0             95.7386             2.84091             98.5795
                  80                 500                   0             96.0582             2.84091             98.8991
                  80                 510                   0             96.3956             2.84091             99.2365
                  80                 520                   0             96.6797             2.84091             99.5206
                  80                 530                   0              96.946             2.84091             99.7869
                  80                 540                   0             97.1946             2.84091             100.036
                  80                 550                   0             97.4077             2.84091             100.249
                  80                 560                   0             97.4432             2.84091             100.284
                  80                 570                   0             97.5142             2.84091             100.355
                  80                 580                   0             97.6385             2.84091             100.479
                  80                 590                   0             97.8516             2.84091             100.692
                  80                 600                   0             97.9403             2.84091             100.781
                  80                 610                   0             97.9759             2.84091             100.817
                  80                 620                   0             98.0469             2.84091             100.888
                  80                 630                   0             98.0646             2.84091             100.906
                  80                 640                   0             98.1357             2.84091             100.977
                  80                 650                   0             98.1712             2.27273             100.444
                  80                 660                   0             98.1889             2.27273             100.462
                  80                 670                   0             98.4375             2.27273              100.71
                  80                 680                   0             98.4908             2.27273             100.763
                  80                 690                   0             98.6151             2.27273             100.888
                  80                 700                   0             98.6151             2.27273             100.888
                  80                 710                   0             98.6328             2.27273             100.906
                  80                 720                   0             98.7038             2.27273             100.977
                  80                 730                   0             98.7216             2.27273             100.994
                  80                 740                   0             98.7393             2.27273             101.012
                  80                 750                   0             98.7393             2.27273             101.012
                  80                 760                   0             98.7571             2.27273              101.03
                  80                 770                   0             98.7571             2.27273              101.03
                  80                 780                   0             98.7571             2.27273              101.03
                  80                 790                   0             98.7926             2.27273             101.065
                  80                 800                   0             98.8104             2.27273             101.083
                  80                 810                   0             98.8104             2.27273             101.083
                  80                 820                   0             98.8104             2.27273             101.083
                  80                 830                   0             98.8104             2.27273             101.083
                  80                 840                   0             98.8104             2.27273             101.083
                  80                 850                   0             98.8459             2.27273             101.119
                  80                 860                   0             98.8459             2.27273             101.119
                  80                 870                   0             98.8814             2.27273             101.154
                  80                 880                   0             98.9169             2.27273              101.19
                  80                 890                   0             98.9169             2.27273              101.19
                  80                 900                   0             98.9169             2.27273              101.19
                  80                 910                   0             98.9169             2.27273              101.19
                  80                 920                   0             98.9347             2.27273             101.207
                  80                 930                   0             98.9524             2.27273             101.225
                  80                 940                   0             98.9524             2.27273             101.225
                  80                 950                   0             98.9524             2.27273             101.225
                  80                 960                   0             99.5206             1.70455             101.225
                  80                 970                   0             99.5384             1.70455             101.243
                  80                 980                   0             99.5384             1.70455             101.243
                  80                 990                   0             99.5384             1.70455             101.243
                  80                1000                   0             99.5384             1.70455             101.243
