                  45                   0                   0              39.826             26.1364             65.9624
                  45                  10                   0             41.3707             26.1364             67.5071
                  45                  20                   0             42.4716             24.4318             66.9034
                  45                  30                   0             43.6257             23.8636             67.4893
                  45                  40                   0             43.5369             24.4318             67.9688
                  45                  50                   0             44.9751             23.8636             68.8388
                  45                  60                   0              46.875             22.1591             69.0341
                  45                  70                   0             47.9048             21.0227             68.9276
                  45                  80                   0              49.343             21.0227             70.3658
                  45                  90                   0              50.799             21.0227             71.8217
                  45                 100                   0             52.6101             20.4545             73.0646
                  45                 110                   0             54.4389             19.8864             74.3253
                  45                 120                   0             56.6584             19.8864             76.5447
                  45                 130                   0             59.0909             18.1818             77.2727
                  45                 140                   0             61.2571             18.1818             79.4389
                  45                 150                   0             63.1392             18.1818              81.321
                  45                 160                   0             64.3466             17.6136             81.9602
                  45                 170                   0              65.696             17.6136             83.3097
                  45                 180                   0             67.3118             17.6136             84.9254
                  45                 190                   0             68.3949             17.6136             86.0085
                  45                 200                   0             69.5135             16.4773             85.9908
                  45                 210                   0             70.8274             14.7727             85.6001
                  45                 220                   0              71.875             14.2045             86.0795
                  45                 230                   0             73.1889             14.2045             87.3935
                  45                 240                   0              74.272             10.7955             85.0675
                  45                 250                   0             74.7692             10.7955             85.5646
                  45                 260                   0             75.7812             10.2273             86.0085
                  45                 270                   0             76.6158             10.2273              86.843
                  45                 280                   0             77.4503             10.2273             87.6776
                  45                 290                   0             78.0895             10.2273             88.3168
                  45                 300                   0             78.6754             9.09091             87.7663
                  45                 310                   0             79.2791             7.95455             87.2337
                  45                 320                   0             79.7585             7.95455             87.7131
                  45                 330                   0             80.3622             7.95455             88.3168
                  45                 340                   0             80.9304             6.81818             87.7486
                  45                 350                   0              81.978             5.68182             87.6598
                  45                 360                   0             82.5107             5.68182             88.1925
                  45                 370                   0             83.0788             5.11364             88.1925
                  45                 380                   0             83.4162             5.11364             88.5298
                  45                 390                   0             83.9489             5.11364             89.0625
                  45                 400                   0              84.446             4.54545             88.9915
                  45                 410                   0             84.8544             4.54545             89.3999
                  45                 420                   0             85.3338             3.97727             89.3111
                  45                 430                   0             85.5291             3.97727             89.5064
                  45                 440                   0             85.7599             3.97727             89.7372
                  45                 450                   0             86.1328             3.97727             90.1101
                  45                 460                   0             86.2749             3.97727             90.2521
                  45                 470                   0             86.4524             3.97727             90.4297
                  45                 480                   0             87.0561             3.97727             91.0334
                  45                 490                   0             88.0149             3.97727             91.9922
                  45                 500                   0             88.4943             3.97727             92.4716
                  45                 510                   0             90.6783             3.40909             94.0874
                  45                 520                   0             91.1044             2.84091             93.9453
                  45                 530                   0             91.6548             2.84091             94.4957
                  45                 540                   0             91.9389             2.84091             94.7798
                  45                 550                   0             92.2053             2.84091             95.0462
                  45                 560                   0             92.8977             2.84091             95.7386
                  45                 570                   0             93.5902             2.84091             96.4311
                  45                 580                   0             93.8743             2.84091             96.7152
                  45                 590                   0             94.6733             2.84091             97.5142
                  45                 600                   0             94.8864             2.84091             97.7273
                  45                 610                   0             95.2415             2.84091             98.0824
                  45                 620                   0              95.348             2.84091             98.1889
                  45                 630                   0             95.7209             2.84091             98.5618
                  45                 640                   0             95.7386             2.84091             98.5795
                  45                 650                   0              96.076             2.84091             98.9169
                  45                 660                   0              96.218             2.84091             99.0589
                  45                 670                   0             96.2358             2.84091             99.0767
                  45                 680                   0             96.2536             2.27273             98.5263
                  45                 690                   0             96.2536             2.27273             98.5263
                  45                 700                   0             96.3246             2.27273             98.5973
                  45                 710                   0             96.3956             2.27273             98.6683
                  45                 720                   0             96.6797             2.27273             98.9524
                  45                 730                   0             96.6974             2.27273             98.9702
                  45                 740                   0             96.7862             2.27273             99.0589
                  45                 750                   0             96.9105             2.27273             99.1832
                  45                 760                   0             97.0348             2.27273             99.3075
                  45                 770                   0             97.1058             2.27273             99.3786
                  45                 780                   0             97.1768             2.27273             99.4496
                  45                 790                   0             97.2479             2.27273             99.5206
                  45                 800                   0             97.4432             2.27273             99.7159
                  45                 810                   0             97.5675             2.27273             99.8402
                  45                 820                   0             97.5675             2.27273             99.8402
                  45                 830                   0             97.7628             2.27273             100.036
                  45                 840                   0             97.7628             2.27273             100.036
                  45                 850                   0             97.7805             2.27273             100.053
                  45                 860                   0             97.7805             2.27273             100.053
                  45                 870                   0             97.7805             2.27273             100.053
                  45                 880                   0             97.8161             2.27273             100.089
                  45                 890                   0             97.8338             2.27273             100.107
                  45                 900                   0             97.8516             2.27273             100.124
                  45                 910                   0             98.0114             2.27273             100.284
                  45                 920                   0             98.1712             2.27273             100.444
                  45                 930                   0             98.1712             2.27273             100.444
                  45                 940                   0             98.1712             2.27273             100.444
                  45                 950                   0             98.1889             2.27273             100.462
                  45                 960                   0             98.1889             2.27273             100.462
                  45                 970                   0             98.1889             2.27273             100.462
                  45                 980                   0             98.1889             2.27273             100.462
                  45                 990                   0             98.2067             2.27273             100.479
                  45                1000                   0             98.2244             2.27273             100.497
