                  10                   0                   0             9.19744             71.5909             80.7884
                  10                  10                   0              9.6946             70.4545             80.1491
                  10                  20                   0             10.0675             69.8864             79.9538
                  10                  30                   0              10.245             69.8864             80.1314
                  10                  40                   0             10.4403               68.75             79.1903
                  10                  50                   0             10.7067             67.6136             78.3203
                  10                  60                   0             11.0263             67.0455             78.0717
                  10                  70                   0             11.2216             65.3409             76.5625
                  10                  80                   0             11.3459             65.3409             76.6868
                  10                  90                   0             11.6477             64.7727             76.4205
                  10                 100                   0             11.9496             64.7727             76.7223
                  10                 110                   0             12.5178             63.0682             75.5859
                  10                 120                   0             12.8551             61.9318             74.7869
                  10                 130                   0             13.1747             59.6591             72.8338
                  10                 140                   0             13.6896             58.5227             72.2124
                  10                 150                   0             14.2933             57.3864             71.6797
                  10                 160                   0             14.6662             53.9773             68.6435
                  10                 170                   0             15.0213             53.9773             68.9986
                  10                 180                   0             15.8026             53.4091             69.2116
                  10                 190                   0             15.6783             53.4091             69.0874
                  10                 200                   0             16.1399             51.7045             67.8445
                  10                 210                   0             16.4062             51.7045             68.1108
                  10                 220                   0             17.0987                  50             67.0987
                  10                 230                   0             17.8267                  50             67.8267
                  10                 240                   0             18.4304             48.8636              67.294
                  10                 250                   0             19.3714             48.2955             67.6669
                  10                 260                   0             20.0107             47.1591             67.1697
                  10                 270                   0             20.9872             45.4545             66.4418
                  10                 280                   0             21.5199             44.3182             65.8381
                  10                 290                   0             22.2656             43.1818             65.4474
                  10                 300                   0             22.7805             42.0455              64.826
                  10                 310                   0             23.8104             42.0455             65.8558
                  10                 320                   0             24.8047             41.4773              66.282
                  10                 330                   0             25.6214             41.4773             67.0987
                  10                 340                   0             26.7045             39.7727             66.4773
                  10                 350                   0             27.4148             38.0682              65.483
                  10                 360                   0             29.5632             38.0682             67.6314
                  10                 370                   0             30.4688             36.3636             66.8324
                  10                 380                   0             31.6051             35.7955             67.4006
                  10                 390                   0             32.7237             32.3864             65.1101
                  10                 400                   0              35.245             29.5455             64.7905
                  10                 410                   0             36.9673             29.5455             66.5128
                  10                 420                   0             38.6896             28.9773             67.6669
                  10                 430                   0              40.696             27.8409             68.5369
                  10                 440                   0             41.8501             26.7045             68.5547
                  10                 450                   0             44.6378             25.5682              70.206
                  10                 460                   0             46.9993             25.5682             72.5675
                  10                 470                   0             48.3842             23.2955             71.6797
                  10                 480                   0             49.5739             22.7273             72.3011
                  10                 490                   0             51.1009             21.0227             72.1236
                  10                 500                   0             52.7166             21.0227             73.7393
                  10                 510                   0             54.2081             21.0227             75.2308
                  10                 520                   0             57.3509             19.3182              76.669
                  10                 530                   0             59.1087               18.75             77.8587
                  10                 540                   0             60.4403             17.6136              78.054
                  10                 550                   0             61.9673             17.0455             79.0128
                  10                 560                   0             64.4886             14.7727             79.2614
                  10                 570                   0             65.6605             14.7727             80.4332
                  10                 580                   0             67.7202             14.2045             81.9247
                  10                 590                   0             69.6733             13.6364             83.3097
                  10                 600                   0             71.6264                12.5             84.1264
                  10                 610                   0             73.9879             11.9318             85.9197
                  10                 620                   0             74.4673             11.9318             86.3991
                  10                 630                   0             75.3551             11.3636             86.7188
                  10                 640                   0             77.1839             10.7955             87.9794
                  10                 650                   0             77.7166             10.7955             88.5121
                  10                 660                   0             78.4091             10.7955             89.2045
                  10                 670                   0             80.9837             7.95455             88.9382
                  10                 680                   0             82.4929             7.95455             90.4474
                  10                 690                   0             83.6115             7.38636             90.9979
                  10                 700                   0             84.1087             7.38636              91.495
                  10                 710                   0             85.4936             6.81818             92.3118
                  10                 720                   0             85.7955             6.81818             92.6136
                  10                 730                   0             86.3991             6.81818             93.2173
                  10                 740                   0             87.2159             6.81818             94.0341
                  10                 750                   0             87.5355             6.81818             94.3537
                  10                 760                   0             88.0327             6.81818             94.8509
                  10                 770                   0             88.2635             6.81818             95.0817
                  10                 780                   0             88.9027                6.25             95.1527
                  10                 790                   0             90.3054             5.11364              95.419
                  10                 800                   0             90.5185             5.11364             95.6321
                  10                 810                   0              90.696             5.11364             95.8097
                  10                 820                   0              90.767             5.11364             95.8807
                  10                 830                   0             91.0689             5.11364             96.1825
                  10                 840                   0             91.5128             5.11364             96.6264
                  10                 850                   0             91.7791             4.54545             96.3246
                  10                 860                   0             91.9389             4.54545             96.4844
                  10                 870                   0             92.0455             4.54545             96.5909
                  10                 880                   0             92.1342             4.54545             96.6797
                  10                 890                   0             92.3295             4.54545              96.875
                  10                 900                   0             92.4183             4.54545             96.9638
                  10                 910                   0             92.4538             4.54545             96.9993
                  10                 920                   0             92.5426             4.54545             97.0881
                  10                 930                   0             92.6136             4.54545             97.1591
                  10                 940                   0             92.6847             4.54545             97.2301
                  10                 950                   0               92.88             4.54545             97.4254
                  10                 960                   0             92.9332             4.54545             97.4787
                  10                 970                   0             93.1641             4.54545             97.7095
                  10                 980                   0             93.4304             4.54545             97.9759
                  10                 990                   0             93.4304             4.54545             97.9759
                  10                1000                   0             93.4482             4.54545             97.9936
