                  55                   0                   0             47.4254             21.0227             68.4482
                  55                  10                   0             49.1832             20.4545             69.6378
                  55                  20                   0             50.6392             19.8864             70.5256
                  55                  30                   0             52.1662             19.3182             71.4844
                  55                  40                   0             53.7997             19.3182             73.1179
                  55                  50                   0             55.4155             19.3182             74.7337
                  55                  60                   0             56.7294             19.3182             76.0476
                  55                  70                   0             58.6825               18.75             77.4325
                  55                  80                   0             60.5469               18.75             79.2969
                  55                  90                   0              62.429             18.1818             80.6108
                  55                 100                   0             63.9027             17.6136             81.5163
                  55                 110                   0             65.6428             17.0455             82.6882
                  55                 120                   0             67.1165             17.0455             84.1619
                  55                 130                   0             68.1463             17.0455             85.1918
                  55                 140                   0             68.8033             17.0455             85.8487
                  55                 150                   0             70.0462             15.9091             85.9553
                  55                 160                   0             71.0405             15.9091             86.9496
                  55                 170                   0             72.2124             15.3409             87.5533
                  55                 180                   0             73.3132             13.6364             86.9496
                  55                 190                   0             74.1655             13.0682             87.2337
                  55                 200                   0             75.0888             10.7955             85.8842
                  55                 210                   0             75.9588             10.2273             86.1861
                  55                 220                   0             77.1484             10.2273             87.3757
                  55                 230                   0             77.8587             9.65909             87.5178
                  55                 240                   0             78.4624             9.65909             88.1214
                  55                 250                   0             78.8707             9.09091             87.9616
                  55                 260                   0             79.5277             7.38636             86.9141
                  55                 270                   0             80.0959             6.81818             86.9141
                  55                 280                   0             81.0192                6.25             87.2692
                  55                 290                   0             81.6761                6.25             87.9261
                  55                 300                   0             82.1023                6.25             88.3523
                  55                 310                   0             82.5284             5.68182             88.2102
                  55                 320                   0             82.9368             5.11364             88.0504
                  55                 330                   0             83.1321             5.11364             88.2457
                  55                 340                   0             83.8246             5.11364             88.9382
                  55                 350                   0             84.4105             4.54545              88.956
                  55                 360                   0             84.6058             3.97727             88.5831
                  55                 370                   0             85.1207             3.97727              89.098
                  55                 380                   0             85.3516             3.97727             89.3288
                  55                 390                   0             85.8665             3.97727             89.8438
                  55                 400                   0             86.1683             3.97727             90.1456
                  55                 410                   0             86.5412             3.97727             90.5185
                  55                 420                   0             86.7898             3.97727              90.767
                  55                 430                   0             87.1271             3.97727             91.1044
                  55                 440                   0             87.3402             3.97727             91.3175
                  55                 450                   0             87.7486             3.97727             91.7259
                  55                 460                   0             89.0447             3.40909             92.4538
                  55                 470                   0             89.4709             3.40909               92.88
                  55                 480                   0              89.897             3.40909             93.3061
                  55                 490                   0             91.5128             3.40909             94.9219
                  55                 500                   0              92.223             2.84091             95.0639
                  55                 510                   0             92.6136             2.84091             95.4545
                  55                 520                   0              92.951             2.84091             95.7919
                  55                 530                   0             93.0398             2.84091             95.8807
                  55                 540                   0             93.5369             2.84091             96.3778
                  55                 550                   0             94.3004             2.84091             97.1413
                  55                 560                   0             94.9574             2.84091             97.7983
                  55                 570                   0             95.5611             2.84091              98.402
                  55                 580                   0             95.7564             2.84091             98.5973
                  55                 590                   0             95.7919             2.84091             98.6328
                  55                 600                   0             96.0405             2.84091             98.8814
                  55                 610                   0             96.2536             2.84091             99.0945
                  55                 620                   0             96.3601             2.84091              99.201
                  55                 630                   0             96.3956             2.84091             99.2365
                  55                 640                   0             96.4134             2.84091             99.2543
                  55                 650                   0             96.5376             2.84091             99.3786
                  55                 660                   0             96.5554             2.84091             99.3963
                  55                 670                   0             96.5732             2.27273             98.8459
                  55                 680                   0             96.6442             2.27273             98.9169
                  55                 690                   0             96.6974             2.27273             98.9702
                  55                 700                   0              96.804             2.27273             99.0767
                  55                 710                   0             96.9993             2.27273              99.272
                  55                 720                   0             97.0526             2.27273             99.3253
                  55                 730                   0             97.1058             2.27273             99.3786
                  55                 740                   0             97.2834             2.27273             99.5561
                  55                 750                   0             97.4254             2.27273             99.6982
                  55                 760                   0              97.532             2.27273             99.8047
                  55                 770                   0              97.532             2.27273             99.8047
                  55                 780                   0             97.7628             2.27273             100.036
                  55                 790                   0             97.7628             2.27273             100.036
                  55                 800                   0             97.7628             2.27273             100.036
                  55                 810                   0             97.9226             2.27273             100.195
                  55                 820                   0             98.1001             2.27273             100.373
                  55                 830                   0             98.1179             2.27273             100.391
                  55                 840                   0             98.1357             2.27273             100.408
                  55                 850                   0             98.1357             2.27273             100.408
                  55                 860                   0             98.1534             2.27273             100.426
                  55                 870                   0             98.2067             2.27273             100.479
                  55                 880                   0             98.2067             2.27273             100.479
                  55                 890                   0             98.2067             2.27273             100.479
                  55                 900                   0             98.3665             2.27273             100.639
                  55                 910                   0             98.3665             2.27273             100.639
                  55                 920                   0             98.3842             2.27273             100.657
                  55                 930                   0              98.402             2.27273             100.675
                  55                 940                   0             98.4197             2.27273             100.692
                  55                 950                   0             98.4197             2.27273             100.692
                  55                 960                   0             98.4197             2.27273             100.692
                  55                 970                   0             98.5085             2.27273             100.781
                  55                 980                   0             98.5085             2.27273             100.781
                  55                 990                   0             98.5085             2.27273             100.781
                  55                1000                   0             99.0767             1.70455             100.781
