                  25                   0                   0             22.6562             40.3409             62.9972
                  25                  10                   0             23.3132             40.3409             63.6541
                  25                  20                   0             24.0589             39.7727             63.8317
                  25                  30                   0             24.6449             38.6364             63.2812
                  25                  40                   0             25.5859             38.0682             63.6541
                  25                  50                   0             25.9588             36.9318             62.8906
                  25                  60                   0             26.6868             36.9318             63.6186
                  25                  70                   0             27.4148             36.9318             64.3466
                  25                  80                   0             28.2848             36.9318             65.2166
                  25                  90                   0             29.2969             35.7955             65.0923
                  25                 100                   0             30.0426             35.7955             65.8381
                  25                 110                   0             30.9126             34.6591             65.5717
                  25                 120                   0             31.7827             34.0909             65.8736
                  25                 130                   0             31.3388             34.6591             65.9979
                  25                 140                   0             32.2621             31.8182             64.0803
                  25                 150                   0              33.505             30.1136             63.6186
                  25                 160                   0             34.3395             30.1136             64.4531
                  25                 170                   0             35.6179             29.5455             65.1634
                  25                 180                   0             37.0384             29.5455             66.5838
                  25                 190                   0              38.228             28.9773             67.2053
                  25                 200                   0             39.3999             27.2727             66.6726
                  25                 210                   0             40.9091             26.7045             67.6136
                  25                 220                   0             42.2053             26.1364             68.3416
                  25                 230                   0             43.3239             26.1364             69.4602
                  25                 240                   0              45.419             23.8636             69.2827
                  25                 250                   0             46.7152             23.2955             70.0107
                  25                 260                   0             48.2777             23.2955             71.5732
                  25                 270                   0             50.6214             22.7273             73.3487
                  25                 280                   0             52.7876             22.7273             75.5149
                  25                 290                   0             56.7294             22.1591             78.8885
                  25                 300                   0             58.7536             20.4545             79.2081
                  25                 310                   0             60.9908             19.3182             80.3089
                  25                 320                   0             62.9972               18.75             81.7472
                  25                 330                   0             64.6662             15.9091             80.5753
                  25                 340                   0             66.2642             15.3409             81.6051
                  25                 350                   0             67.4716             15.3409             82.8125
                  25                 360                   0             68.6257             14.7727             83.3984
                  25                 370                   0             70.0462             14.2045             84.2507
                  25                 380                   0              71.218             13.0682             84.2862
                  25                 390                   0             72.3544             11.9318             84.2862
                  25                 400                   0             73.3842             11.3636             84.7479
                  25                 410                   0             74.4318             11.3636             85.7955
                  25                 420                   0             75.2841             11.3636             86.6477
                  25                 430                   0              75.657             11.3636             87.0206
                  25                 440                   0             76.0121             11.3636             87.3757
                  25                 450                   0             76.6335             10.2273             86.8608
                  25                 460                   0             77.8232             9.65909             87.4822
                  25                 470                   0             78.0362             9.65909             87.6953
                  25                 480                   0             78.6577             9.09091             87.7486
                  25                 490                   0             78.9595             9.09091             88.0504
                  25                 500                   0             79.7585             7.95455             87.7131
                  25                 510                   0             81.0192             7.38636             88.4055
                  25                 520                   0             81.1435             7.38636             88.5298
                  25                 530                   0             83.0611             5.68182             88.7429
                  25                 540                   0             83.5582             5.68182             89.2401
                  25                 550                   0             84.9787             5.68182             90.6605
                  25                 560                   0             85.6889             5.68182             91.3707
                  25                 570                   0              86.701             5.68182             92.3828
                  25                 580                   0             87.3047             5.68182             92.9865
                  25                 590                   0             88.0327             5.68182             93.7145
                  25                 600                   0             88.2102             5.68182              93.892
                  25                 610                   0             88.5476             5.68182             94.2294
                  25                 620                   0             89.1335             5.68182             94.8153
                  25                 630                   0             89.6484             5.68182             95.3303
                  25                 640                   0             89.8793             5.68182             95.5611
                  25                 650                   0             90.1278             5.68182             95.8097
                  25                 660                   0             90.5362             5.68182              96.218
                  25                 670                   0             90.9446             5.68182             96.6264
                  25                 680                   0             91.4773             5.11364             96.5909
                  25                 690                   0             91.8146             5.11364             96.9283
                  25                 700                   0             92.1342             4.54545             96.6797
                  25                 710                   0              92.223             4.54545             96.7685
                  25                 720                   0             92.3473             4.54545             96.8928
                  25                 730                   0             92.6847             4.54545             97.2301
                  25                 740                   0             92.7024             4.54545             97.2479
                  25                 750                   0             92.7202             4.54545             97.2656
                  25                 760                   0             92.9155             4.54545             97.4609
                  25                 770                   0              92.951             4.54545             97.4964
                  25                 780                   0             92.9688             4.54545             97.5142
                  25                 790                   0             93.0043             4.54545             97.5497
                  25                 800                   0             93.0043             4.54545             97.5497
                  25                 810                   0              93.022             4.54545             97.5675
                  25                 820                   0             93.0753             4.54545             97.6207
                  25                 830                   0             93.1641             4.54545             97.7095
                  25                 840                   0             93.2706             4.54545             97.8161
                  25                 850                   0             93.3594             4.54545             97.9048
                  25                 860                   0             93.5014             4.54545             98.0469
                  25                 870                   0             93.8388             4.54545             98.3842
                  25                 880                   0             93.9276             4.54545              98.473
                  25                 890                   0             94.0163             4.54545             98.5618
                  25                 900                   0             94.0696             4.54545             98.6151
                  25                 910                   0             94.2116             4.54545             98.7571
                  25                 920                   0             94.3892             4.54545             98.9347
                  25                 930                   0             94.4602             4.54545             99.0057
                  25                 940                   0             94.4602             4.54545             99.0057
                  25                 950                   0             94.4602             4.54545             99.0057
                  25                 960                   0             94.4602             4.54545             99.0057
                  25                 970                   0              94.478             4.54545             99.0234
                  25                 980                   0              94.478             4.54545             99.0234
                  25                 990                   0              94.478             4.54545             99.0234
                  25                1000                   0             94.5845             4.54545               99.13
