                  75                   0                   0             63.6364             17.0455             80.6818
                  75                  10                   0             65.5362             16.4773             82.0135
                  75                  20                   0             66.8857             16.4773             83.3629
                  75                  30                   0             67.9688             17.0455             85.0142
                  75                  40                   0             69.1761             17.0455             86.2216
                  75                  50                   0             70.0462             16.4773             86.5234
                  75                  60                   0             70.9162             15.9091             86.8253
                  75                  70                   0             71.9638             15.9091             87.8729
                  75                  80                   0             72.9581             15.3409              88.299
                  75                  90                   0             74.2898             13.0682              87.358
                  75                 100                   0              75.071                12.5              87.571
                  75                 110                   0             76.4737             11.9318             88.4055
                  75                 120                   0             77.5746             10.7955               88.37
                  75                 130                   0             78.5866             10.2273             88.8139
                  75                 140                   0             79.0483             8.52273              87.571
                  75                 150                   0             79.6875             7.95455              87.642
                  75                 160                   0             80.2734             7.38636             87.6598
                  75                 170                   0             81.1257             6.81818             87.9439
                  75                 180                   0             81.5163                6.25             87.7663
                  75                 190                   0             81.7472             5.68182              87.429
                  75                 200                   0             82.3509             5.11364             87.4645
                  75                 210                   0             82.6349             5.11364             87.7486
                  75                 220                   0             83.1676             5.11364             88.2812
                  75                 230                   0              83.505             5.11364             88.6186
                  75                 240                   0             83.8423             5.11364              88.956
                  75                 250                   0             84.1797             5.11364             89.2933
                  75                 260                   0             84.6236             4.54545              89.169
                  75                 270                   0             85.2983             3.97727             89.2756
                  75                 280                   0             85.7599             3.97727             89.7372
                  75                 290                   0             86.3104             3.40909             89.7195
                  75                 300                   0             86.7188             3.40909             90.1278
                  75                 310                   0             86.8963             3.40909             90.3054
                  75                 320                   0             87.0206             3.40909             90.4297
                  75                 330                   0             87.3935             3.40909             90.8026
                  75                 340                   0             87.7308             3.40909             91.1399
                  75                 350                   0             87.9616             3.40909             91.3707
                  75                 360                   0             88.3168             3.40909             91.7259
                  75                 370                   0             88.5831             3.40909             91.9922
                  75                 380                   0             89.0625             3.40909             92.4716
                  75                 390                   0             90.0391             3.40909             93.4482
                  75                 400                   0             90.6072             3.40909             94.0163
                  75                 410                   0             91.2287             3.40909             94.6378
                  75                 420                   0             91.7614             3.40909             95.1705
                  75                 430                   0             92.4716             3.40909             95.8807
                  75                 440                   0             93.9276             3.40909             97.3366
                  75                 450                   0             94.1051             3.40909             97.5142
                  75                 460                   0             94.2294             3.40909             97.6385
                  75                 470                   0              94.478             3.40909             97.8871
                  75                 480                   0             95.3835             2.84091             98.2244
                  75                 490                   0             95.7386             2.84091             98.5795
                  75                 500                   0             95.8274             2.84091             98.6683
                  75                 510                   0             95.9695             2.84091             98.8104
                  75                 520                   0             96.1825             2.84091             99.0234
                  75                 530                   0             96.5909             2.84091             99.4318
                  75                 540                   0              97.017             2.84091              99.858
                  75                 550                   0             97.2124             2.84091             100.053
                  75                 560                   0             97.4432             2.84091             100.284
                  75                 570                   0             97.4964             2.84091             100.337
                  75                 580                   0             97.5142             2.84091             100.355
                  75                 590                   0             97.5852             2.84091             100.426
                  75                 600                   0             97.7095             2.84091              100.55
                  75                 610                   0             97.7628             2.84091             100.604
                  75                 620                   0             98.0114             2.84091             100.852
                  75                 630                   0             98.0291             2.84091              100.87
                  75                 640                   0             98.1001             2.84091             100.941
                  75                 650                   0             98.1357             2.27273             100.408
                  75                 660                   0             98.1534             2.27273             100.426
                  75                 670                   0             98.1534             2.27273             100.426
                  75                 680                   0             98.2067             2.27273             100.479
                  75                 690                   0              98.473             2.27273             100.746
                  75                 700                   0             98.5795             2.27273             100.852
                  75                 710                   0             98.5973             2.27273              100.87
                  75                 720                   0             98.6151             2.27273             100.888
                  75                 730                   0             98.6151             2.27273             100.888
                  75                 740                   0             98.6328             2.27273             100.906
                  75                 750                   0             98.6506             2.27273             100.923
                  75                 760                   0             98.6683             2.27273             100.941
                  75                 770                   0             98.6683             2.27273             100.941
                  75                 780                   0             98.6683             2.27273             100.941
                  75                 790                   0             98.6683             2.27273             100.941
                  75                 800                   0             98.6861             2.27273             100.959
                  75                 810                   0             98.6861             2.27273             100.959
                  75                 820                   0             98.6861             2.27273             100.959
                  75                 830                   0             98.7393             2.27273             101.012
                  75                 840                   0             98.7926             2.27273             101.065
                  75                 850                   0             98.7926             2.27273             101.065
                  75                 860                   0             98.8281             2.27273             101.101
                  75                 870                   0             98.8281             2.27273             101.101
                  75                 880                   0             98.8281             2.27273             101.101
                  75                 890                   0             98.8281             2.27273             101.101
                  75                 900                   0             98.8459             2.27273             101.119
                  75                 910                   0             98.8459             2.27273             101.119
                  75                 920                   0             98.8459             2.27273             101.119
                  75                 930                   0             98.8636             2.27273             101.136
                  75                 940                   0             98.8814             2.27273             101.154
                  75                 950                   0             98.8814             2.27273             101.154
                  75                 960                   0             98.8814             2.27273             101.154
                  75                 970                   0             99.4851             1.70455              101.19
                  75                 980                   0             99.5028             1.70455             101.207
                  75                 990                   0             99.5028             1.70455             101.207
                  75                1000                   0             99.5028             1.70455             101.207
