                   5                   0                   0             3.46236             92.6136              96.076
                   5                  10                   0             3.46236             91.4773             94.9396
                   5                  20                   0             4.29688             89.7727             94.0696
                   5                  30                   0             4.27912             89.2045             93.4837
                   5                  40                   0             4.38565             88.6364              93.022
                   5                  50                   0             4.61648             88.6364             93.2528
                   5                  60                   0             4.49219             89.2045             93.6967
                   5                  70                   0             4.56321             89.2045             93.7678
                   5                  80                   0             4.70526             89.2045             93.9098
                   5                  90                   0             4.90057             88.6364             93.5369
                   5                 100                   0             5.09588             88.0682             93.1641
                   5                 110                   0             5.22017                87.5             92.7202
                   5                 120                   0             5.43324                87.5             92.9332
                   5                 130                   0             5.55753             86.9318             92.4893
                   5                 140                   0             5.62855             86.9318             92.5604
                   5                 150                   0             5.75284             85.7955             91.5483
                   5                 160                   0             5.84162             85.7955             91.6371
                   5                 170                   0             5.98366             85.7955             91.7791
                   5                 180                   0             6.05469             85.7955             91.8501
                   5                 190                   0                6.25             85.2273             91.4773
                   5                 200                   0             6.39205             84.6591             91.0511
                   5                 210                   0             6.44531             84.6591             91.1044
                   5                 220                   0             7.08452             84.6591             91.7436
                   5                 230                   0             7.42188             84.6591              92.081
                   5                 240                   0             10.2983             77.2727              87.571
                   5                 250                   0             10.5824             76.7045             87.2869
                   5                 260                   0             14.1158             74.4318             88.5476
                   5                 270                   0             16.8679             73.8636             90.7315
                   5                 280                   0             17.9155             70.4545               88.37
                   5                 290                   0             22.7095                62.5             85.2095
                   5                 300                   0             23.0646                62.5             85.5646
                   5                 310                   0             23.5795             61.9318             85.5114
                   5                 320                   0             24.0589             61.9318             85.9908
                   5                 330                   0             24.7337             61.9318             86.6655
                   5                 340                   0             26.0653             60.2273             86.2926
                   5                 350                   0             26.6158             60.2273              86.843
                   5                 360                   0             27.7699             55.6818             83.4517
                   5                 370                   0             30.8594             50.5682             81.4276
                   5                 380                   0             33.5227             47.7273               81.25
                   5                 390                   0             37.2692             46.5909             83.8601
                   5                 400                   0             40.5895             42.6136             83.2031
                   5                 410                   0             47.9048             34.6591             82.5639
                   5                 420                   0              48.331             34.0909             82.4219
                   5                 430                   0             52.2727             26.7045             78.9773
                   5                 440                   0             52.4503             26.7045             79.1548
                   5                 450                   0             53.1783             26.7045             79.8828
                   5                 460                   0             54.6342             25.5682             80.2024
                   5                 470                   0              56.108             25.5682             81.6761
                   5                 480                   0             58.1143             24.4318             82.5462
                   5                 490                   0             59.1797             23.2955             82.4751
                   5                 500                   0              60.103             22.7273             82.8303
                   5                 510                   0             60.4403             22.7273             83.1676
                   5                 520                   0             61.5057             21.5909             83.0966
                   5                 530                   0             62.9084             21.5909             84.4993
                   5                 540                   0             64.7017             21.0227             85.7244
                   5                 550                   0             65.3409             21.0227             86.3636
                   5                 560                   0             66.7791             20.4545             87.2337
                   5                 570                   0              68.608             20.4545             89.0625
                   5                 580                   0              71.733             18.1818             89.9148
                   5                 590                   0             71.9993             18.1818             90.1811
                   5                 600                   0             72.2124             18.1818             90.3942
                   5                 610                   0             72.3366             18.1818             90.5185
                   5                 620                   0              73.473             18.1818             91.6548
                   5                 630                   0              78.196             13.6364             91.8324
                   5                 640                   0             78.3913             13.6364             92.0277
                   5                 650                   0             78.5156             13.0682             91.5838
                   5                 660                   0             78.6044             13.0682             91.6726
                   5                 670                   0             78.7287             13.0682             91.7969
                   5                 680                   0              81.392             11.3636             92.7557
                   5                 690                   0             82.6349             11.3636             93.9986
                   5                 700                   0             82.7947             10.7955             93.5902
                   5                 710                   0             83.3097             10.2273             93.5369
                   5                 720                   0              83.576             10.2273             93.8033
                   5                 730                   0             83.5938             10.2273              93.821
                   5                 740                   0             85.2805             10.2273             95.5078
                   5                 750                   0              85.973             9.09091             95.0639
                   5                 760                   0              86.044             9.09091             95.1349
                   5                 770                   0             86.1151             9.09091              95.206
                   5                 780                   0             86.1861             9.09091              95.277
                   5                 790                   0             86.7365             9.09091             95.8274
                   5                 800                   0             86.8786             9.09091             95.9695
                   5                 810                   0             91.3707             4.54545             95.9162
                   5                 820                   0             91.3707             4.54545             95.9162
                   5                 830                   0             91.6193             4.54545             96.1648
                   5                 840                   0             91.7791             4.54545             96.3246
                   5                 850                   0             91.7791             4.54545             96.3246
                   5                 860                   0             91.7791             4.54545             96.3246
                   5                 870                   0             92.0632             4.54545             96.6087
                   5                 880                   0             92.0632             4.54545             96.6087
                   5                 890                   0             92.0632             4.54545             96.6087
                   5                 900                   0             92.0632             4.54545             96.6087
                   5                 910                   0             92.0632             4.54545             96.6087
                   5                 920                   0             92.0632             4.54545             96.6087
                   5                 930                   0             92.1875             4.54545              96.733
                   5                 940                   0             92.1875             4.54545              96.733
                   5                 950                   0              92.223             4.54545             96.7685
                   5                 960                   0              92.223             4.54545             96.7685
                   5                 970                   0              92.223             4.54545             96.7685
                   5                 980                   0              92.223             4.54545             96.7685
                   5                 990                   0              92.223             4.54545             96.7685
                   5                1000                   0              92.223             4.54545             96.7685
