                  65                   0                   0             91.0689             6.81818
                  65                  10                   0             91.9389             6.81818
                  65                  20                   0             91.9389             6.81818
                  65                  30                   0             91.9389             6.81818
                  65                  40                   0             94.5135             5.11364
                  65                  50                   0             94.5312             5.11364
                  65                  60                   0             94.5668             5.11364
                  65                  70                   0             94.5845             5.11364
                  65                  80                   0             94.6378             5.11364
                  65                  90                   0             94.8864             4.54545
                  65                 100                   0             94.9396             4.54545
                  65                 110                   0             95.0107             4.54545
                  65                 120                   0             95.0817             4.54545
                  65                 130                   0             95.1349             3.97727
                  65                 140                   0             95.1705             3.97727
                  65                 150                   0             95.2592             4.54545
                  65                 160                   0             95.3835             3.97727
                  65                 170                   0             95.4545             3.97727
                  65                 180                   0             95.5966             3.97727
                  65                 190                   0             96.0227             3.97727
                  65                 200                   0             96.2536             3.40909
                  65                 210                   0             96.4134             2.84091
                  65                 220                   0             96.5199             2.84091
                  65                 230                   0             96.6087             2.84091
                  65                 240                   0              96.875             2.84091
                  65                 250                   0             96.9815             2.27273
                  65                 260                   0             96.9993             2.27273
                  65                 270                   0             96.9993             2.27273
                  65                 280                   0             96.9993             2.27273
                  65                 290                   0             96.9993             2.27273
                  65                 300                   0             96.9993             2.27273
                  65                 310                   0             96.9993             2.27273
                  65                 320                   0             96.9993             2.27273
                  65                 330                   0             96.9993             2.27273
                  65                 340                   0             96.9993             2.27273
                  65                 350                   0             96.9993             2.27273
                  65                 360                   0             96.9993             2.27273
                  65                 370                   0             96.9993             2.27273
                  65                 380                   0             96.9993             2.27273
                  65                 390                   0             96.9993             2.27273
                  65                 400                   0             96.9993             2.27273
                  65                 410                   0              97.017             2.27273
                  65                 420                   0              97.017             2.27273
                  65                 430                   0              97.017             2.27273
                  65                 440                   0              97.017             2.27273
                  65                 450                   0              97.017             2.27273
                  65                 460                   0              97.017             2.27273
                  65                 470                   0              97.017             2.27273
                  65                 480                   0              97.017             2.27273
                  65                 490                   0              97.017             2.27273
                  65                 500                   0              97.017             2.27273
                  65                 510                   0              97.017             2.27273
                  65                 520                   0              97.017             2.27273
                  65                 530                   0              97.017             2.27273
                  65                 540                   0              97.017             2.27273
                  65                 550                   0              97.017             2.27273
                  65                 560                   0              97.017             2.27273
                  65                 570                   0              97.017             2.27273
                  65                 580                   0              97.017             2.27273
                  65                 590                   0              97.017             2.27273
                  65                 600                   0              97.017             2.27273
                  65                 610                   0              97.017             2.27273
                  65                 620                   0              97.017             2.27273
                  65                 630                   0              97.017             2.27273
                  65                 640                   0              97.017             2.27273
                  65                 650                   0              97.017             2.27273
                  65                 660                   0              97.017             2.27273
                  65                 670                   0              97.017             2.27273
                  65                 680                   0              97.017             2.27273
                  65                 690                   0              97.017             2.27273
                  65                 700                   0              97.017             2.27273
                  65                 710                   0              97.017             2.27273
                  65                 720                   0              97.017             2.27273
                  65                 730                   0              97.017             2.27273
                  65                 740                   0              97.017             2.27273
                  65                 750                   0              97.017             2.27273
                  65                 760                   0              97.017             2.27273
                  65                 770                   0              97.017             2.27273
                  65                 780                   0              97.017             2.27273
                  65                 790                   0              97.017             2.27273
                  65                 800                   0              97.017             2.27273
                  65                 810                   0             97.0348             2.27273
                  65                 820                   0             97.0348             2.27273
                  65                 830                   0             97.0348             2.27273
                  65                 840                   0             97.0348             2.27273
                  65                 850                   0             97.0348             2.27273
                  65                 860                   0             97.0348             2.27273
                  65                 870                   0             97.0526             2.27273
                  65                 880                   0             97.0526             2.27273
                  65                 890                   0             97.0526             2.27273
                  65                 900                   0             97.0526             2.27273
                  65                 910                   0             97.0526             2.27273
                  65                 920                   0             97.0526             2.27273
                  65                 930                   0             97.0526             2.27273
                  65                 940                   0             97.0526             2.27273
                  65                 950                   0             97.0526             2.27273
                  65                 960                   0             97.0526             2.27273
                  65                 970                   0             97.0526             2.27273
                  65                 980                   0             97.0526             2.27273
                  65                 990                   0             97.0526             2.27273
                  65                1000                   0             97.0526             2.27273
