                  80                   0                   0             92.9865                6.25
                  80                  10                   0             95.8807             3.97727
                  80                  20                   0             96.2003             2.84091
                  80                  30                   0             96.6087             2.27273
                  80                  40                   0             96.9815             2.27273
                  80                  50                   0             96.9993             2.27273
                  80                  60                   0             96.9993             2.27273
                  80                  70                   0             96.9993             2.27273
                  80                  80                   0             96.9993             2.27273
                  80                  90                   0             96.9993             2.27273
                  80                 100                   0             96.9993             2.27273
                  80                 110                   0             96.9993             2.27273
                  80                 120                   0             96.9993             2.27273
                  80                 130                   0             96.9993             2.27273
                  80                 140                   0             96.9993             2.27273
                  80                 150                   0             96.9993             2.27273
                  80                 160                   0             96.9993             2.27273
                  80                 170                   0             96.9993             2.27273
                  80                 180                   0             96.9993             2.27273
                  80                 190                   0             96.9993             2.27273
                  80                 200                   0             96.9993             2.27273
                  80                 210                   0             96.9993             2.27273
                  80                 220                   0             96.9993             2.27273
                  80                 230                   0              97.017             2.27273
                  80                 240                   0              97.017             2.27273
                  80                 250                   0              97.017             2.27273
                  80                 260                   0              97.017             2.27273
                  80                 270                   0              97.017             2.27273
                  80                 280                   0              97.017             2.27273
                  80                 290                   0              97.017             2.27273
                  80                 300                   0              97.017             2.27273
                  80                 310                   0              97.017             2.27273
                  80                 320                   0              97.017             2.27273
                  80                 330                   0              97.017             2.27273
                  80                 340                   0              97.017             2.27273
                  80                 350                   0              97.017             2.27273
                  80                 360                   0              97.017             2.27273
                  80                 370                   0              97.017             2.27273
                  80                 380                   0              97.017             2.27273
                  80                 390                   0              97.017             2.27273
                  80                 400                   0              97.017             2.27273
                  80                 410                   0              97.017             2.27273
                  80                 420                   0              97.017             2.27273
                  80                 430                   0              97.017             2.27273
                  80                 440                   0              97.017             2.27273
                  80                 450                   0              97.017             2.27273
                  80                 460                   0              97.017             2.27273
                  80                 470                   0              97.017             2.27273
                  80                 480                   0              97.017             2.27273
                  80                 490                   0              97.017             2.27273
                  80                 500                   0              97.017             2.27273
                  80                 510                   0              97.017             2.27273
                  80                 520                   0              97.017             2.27273
                  80                 530                   0              97.017             2.27273
                  80                 540                   0              97.017             2.27273
                  80                 550                   0              97.017             2.27273
                  80                 560                   0              97.017             2.27273
                  80                 570                   0              97.017             2.27273
                  80                 580                   0              97.017             2.27273
                  80                 590                   0              97.017             2.27273
                  80                 600                   0              97.017             2.27273
                  80                 610                   0              97.017             2.27273
                  80                 620                   0              97.017             2.27273
                  80                 630                   0              97.017             2.27273
                  80                 640                   0              97.017             2.27273
                  80                 650                   0              97.017             2.27273
                  80                 660                   0              97.017             2.27273
                  80                 670                   0             97.0348             2.27273
                  80                 680                   0             97.0348             2.27273
                  80                 690                   0             97.0348             2.27273
                  80                 700                   0             97.0348             2.27273
                  80                 710                   0             97.0348             2.27273
                  80                 720                   0             97.0348             2.27273
                  80                 730                   0             97.0526             2.27273
                  80                 740                   0             97.0526             2.27273
                  80                 750                   0             97.0526             2.27273
                  80                 760                   0             97.0526             2.27273
                  80                 770                   0             97.0526             2.27273
                  80                 780                   0             97.0526             2.27273
                  80                 790                   0             97.0526             2.27273
                  80                 800                   0             97.0526             2.27273
                  80                 810                   0             97.0526             2.27273
                  80                 820                   0             97.0526             2.27273
                  80                 830                   0             97.0526             2.27273
                  80                 840                   0             97.0526             2.27273
                  80                 850                   0             97.0526             2.27273
                  80                 860                   0             97.0526             2.27273
                  80                 870                   0             97.0526             2.27273
                  80                 880                   0             97.0526             2.27273
                  80                 890                   0             97.0526             2.27273
                  80                 900                   0             97.0526             2.27273
                  80                 910                   0             97.0526             2.27273
                  80                 920                   0             97.0526             2.27273
                  80                 930                   0             97.0526             2.27273
                  80                 940                   0             97.0526             2.27273
                  80                 950                   0             97.0526             2.27273
                  80                 960                   0             97.0526             2.27273
                  80                 970                   0             97.0526             2.27273
                  80                 980                   0             97.0526             2.27273
                  80                 990                   0             97.0526             2.27273
                  80                1000                   0             97.0526             2.27273
