                  60                   0                   0             90.0746             7.38636
                  60                  10                   0             91.7614             6.81818
                  60                  20                   0             91.8857             6.81818
                  60                  30                   0             91.9389             6.81818
                  60                  40                   0             91.9389             6.81818
                  60                  50                   0             91.9389             6.81818
                  60                  60                   0             91.9389             6.81818
                  60                  70                   0             91.9567             6.81818
                  60                  80                   0             91.9922             6.81818
                  60                  90                   0             92.0099             6.81818
                  60                 100                   0             92.0277             6.81818
                  60                 110                   0               94.62             5.11364
                  60                 120                   0             94.6555             5.11364
                  60                 130                   0             94.6911             4.54545
                  60                 140                   0             94.7266             4.54545
                  60                 150                   0             94.9929             4.54545
                  60                 160                   0             95.0462             4.54545
                  60                 170                   0             95.1172             4.54545
                  60                 180                   0             95.1349             3.97727
                  60                 190                   0             95.2415             4.54545
                  60                 200                   0              95.277             4.54545
                  60                 210                   0              95.348             4.54545
                  60                 220                   0             95.5078             3.97727
                  60                 230                   0             95.5433             3.97727
                  60                 240                   0             95.6854             3.97727
                  60                 250                   0             95.9695             3.97727
                  60                 260                   0             96.1115             3.97727
                  60                 270                   0             96.3601             2.84091
                  60                 280                   0             96.5021             2.84091
                  60                 290                   0             96.5376             2.84091
                  60                 300                   0             96.6619             2.84091
                  60                 310                   0             96.7862             2.84091
                  60                 320                   0             96.9638             2.84091
                  60                 330                   0             96.9993             2.27273
                  60                 340                   0             96.9993             2.27273
                  60                 350                   0             96.9993             2.27273
                  60                 360                   0             96.9993             2.27273
                  60                 370                   0             96.9993             2.27273
                  60                 380                   0             96.9993             2.27273
                  60                 390                   0             96.9993             2.27273
                  60                 400                   0             96.9993             2.27273
                  60                 410                   0             96.9993             2.27273
                  60                 420                   0             96.9993             2.27273
                  60                 430                   0             96.9993             2.27273
                  60                 440                   0             96.9993             2.27273
                  60                 450                   0             96.9993             2.27273
                  60                 460                   0             96.9993             2.27273
                  60                 470                   0             96.9993             2.27273
                  60                 480                   0              97.017             2.27273
                  60                 490                   0              97.017             2.27273
                  60                 500                   0              97.017             2.27273
                  60                 510                   0              97.017             2.27273
                  60                 520                   0              97.017             2.27273
                  60                 530                   0              97.017             2.27273
                  60                 540                   0              97.017             2.27273
                  60                 550                   0              97.017             2.27273
                  60                 560                   0              97.017             2.27273
                  60                 570                   0              97.017             2.27273
                  60                 580                   0              97.017             2.27273
                  60                 590                   0              97.017             2.27273
                  60                 600                   0              97.017             2.27273
                  60                 610                   0              97.017             2.27273
                  60                 620                   0              97.017             2.27273
                  60                 630                   0              97.017             2.27273
                  60                 640                   0              97.017             2.27273
                  60                 650                   0              97.017             2.27273
                  60                 660                   0              97.017             2.27273
                  60                 670                   0              97.017             2.27273
                  60                 680                   0              97.017             2.27273
                  60                 690                   0              97.017             2.27273
                  60                 700                   0              97.017             2.27273
                  60                 710                   0              97.017             2.27273
                  60                 720                   0              97.017             2.27273
                  60                 730                   0              97.017             2.27273
                  60                 740                   0              97.017             2.27273
                  60                 750                   0              97.017             2.27273
                  60                 760                   0              97.017             2.27273
                  60                 770                   0              97.017             2.27273
                  60                 780                   0              97.017             2.27273
                  60                 790                   0              97.017             2.27273
                  60                 800                   0              97.017             2.27273
                  60                 810                   0              97.017             2.27273
                  60                 820                   0              97.017             2.27273
                  60                 830                   0              97.017             2.27273
                  60                 840                   0              97.017             2.27273
                  60                 850                   0             97.0348             2.27273
                  60                 860                   0             97.0348             2.27273
                  60                 870                   0             97.0348             2.27273
                  60                 880                   0             97.0348             2.27273
                  60                 890                   0             97.0348             2.27273
                  60                 900                   0             97.0348             2.27273
                  60                 910                   0             97.0348             2.27273
                  60                 920                   0             97.0526             2.27273
                  60                 930                   0             97.0526             2.27273
                  60                 940                   0             97.0526             2.27273
                  60                 950                   0             97.0526             2.27273
                  60                 960                   0             97.0526             2.27273
                  60                 970                   0             97.0526             2.27273
                  60                 980                   0             97.0526             2.27273
                  60                 990                   0             97.0526             2.27273
                  60                1000                   0             97.0526             2.27273
