                   5                   0                   0             20.1527             50.5682
                   5                  10                   0             21.0582             48.2955
                   5                  20                   0             21.5021             48.2955
                   5                  30                   0             21.9815             48.2955
                   5                  40                   0              22.532             47.1591
                   5                  50                   0             23.3132             46.5909
                   5                  60                   0             24.1122             43.1818
                   5                  70                   0             24.8047             42.0455
                   5                  80                   0             25.6214             40.3409
                   5                  90                   0             26.3139             39.7727
                   5                 100                   0             27.0597             39.2045
                   5                 110                   0             28.1605             38.0682
                   5                 120                   0             29.4034             35.2273
                   5                 130                   0             30.1669             34.6591
                   5                 140                   0             31.1257             33.5227
                   5                 150                   0             32.0668             31.8182
                   5                 160                   0             33.4339             30.6818
                   5                 170                   0              34.233             30.1136
                   5                 180                   0             35.2983             29.5455
                   5                 190                   0             36.4702             28.9773
                   5                 200                   0             37.4822             28.9773
                   5                 210                   0             38.6186             30.1136
                   5                 220                   0             39.6129             29.5455
                   5                 230                   0             40.6605             27.8409
                   5                 240                   0             41.6903             27.2727
                   5                 250                   0             43.0043             26.1364
                   5                 260                   0             44.4247             24.4318
                   5                 270                   0             45.5256             23.8636
                   5                 280                   0             46.5732             23.2955
                   5                 290                   0             48.6151             21.0227
                   5                 300                   0             49.3963             20.4545
                   5                 310                   0             50.3018             20.4545
                   5                 320                   0             51.1896             19.8864
                   5                 330                   0             52.4148               18.75
                   5                 340                   0             53.6044               18.75
                   5                 350                   0             54.4922             18.1818
                   5                 360                   0             55.5753             18.1818
                   5                 370                   0             56.5341             18.1818
                   5                 380                   0             58.0788             15.3409
                   5                 390                   0             60.4048             14.2045
                   5                 400                   0             63.1925             13.6364
                   5                 410                   0             63.9915             13.6364
                   5                 420                   0             65.0213             13.6364
                   5                 430                   0             65.7493             13.6364
                   5                 440                   0             66.7259                12.5
                   5                 450                   0             68.2884             11.3636
                   5                 460                   0             69.4425             11.3636
                   5                 470                   0             70.9339             10.7955
                   5                 480                   0             71.8572             9.65909
                   5                 490                   0              72.674             9.65909
                   5                 500                   0             73.3132             9.09091
                   5                 510                   0             73.9347             9.09091
                   5                 520                   0             75.5682             9.09091
                   5                 530                   0             76.3494             9.09091
                   5                 540                   0             77.6101             9.09091
                   5                 550                   0             80.0249             8.52273
                   5                 560                   0             80.6818             8.52273
                   5                 570                   0             82.0845             8.52273
                   5                 580                   0             83.2031             8.52273
                   5                 590                   0              83.647             8.52273
                   5                 600                   0             83.9666             8.52273
                   5                 610                   0             84.0909             8.52273
                   5                 620                   0             84.7479             8.52273
                   5                 630                   0             86.2749             8.52273
                   5                 640                   0             86.7188             8.52273
                   5                 650                   0             86.8786             6.81818
                   5                 660                   0             86.9851             6.81818
                   5                 670                   0             87.4112             6.81818
                   5                 680                   0             88.1925             6.81818
                   5                 690                   0               88.37             6.81818
                   5                 700                   0             88.4943             6.81818
                   5                 710                   0             88.6896             6.81818
                   5                 720                   0             89.1513             6.81818
                   5                 730                   0             89.2223             6.81818
                   5                 740                   0             89.6484             6.81818
                   5                 750                   0             89.7905             6.81818
                   5                 760                   0             89.8438             6.81818
                   5                 770                   0             89.9148             6.81818
                   5                 780                   0             90.6605                6.25
                   5                 790                   0             90.7315                6.25
                   5                 800                   0             90.8203             5.68182
                   5                 810                   0             91.0511             5.68182
                   5                 820                   0              91.353             5.68182
                   5                 830                   0             91.4418             5.11364
                   5                 840                   0             91.4773             5.11364
                   5                 850                   0             91.6726             5.11364
                   5                 860                   0             91.8679             5.11364
                   5                 870                   0             92.0099             5.11364
                   5                 880                   0             92.1697             5.11364
                   5                 890                   0              92.223             5.11364
                   5                 900                   0             92.3828             5.11364
                   5                 910                   0             92.5426             4.54545
                   5                 920                   0             92.7379             4.54545
                   5                 930                   0             92.8977             4.54545
                   5                 940                   0             92.9155             4.54545
                   5                 950                   0             93.0753             4.54545
                   5                 960                   0             93.0753             4.54545
                   5                 970                   0              93.093             4.54545
                   5                 980                   0             93.1463             4.54545
                   5                 990                   0             93.2528             4.54545
                   5                1000                   0             93.4482             3.97727
