                  70                   0                   0             91.5661             6.81818
                  70                  10                   0             94.4957             5.11364
                  70                  20                   0             94.7266             4.54545
                  70                  30                   0             94.7621             4.54545
                  70                  40                   0             94.8153             4.54545
                  70                  50                   0             94.8686             4.54545
                  70                  60                   0             94.9574             4.54545
                  70                  70                   0             95.0284             4.54545
                  70                  80                   0             95.0994             3.97727
                  70                  90                   0             95.1705             3.97727
                  70                 100                   0              95.277             3.97727
                  70                 110                   0             95.3835             3.97727
                  70                 120                   0             95.5078             3.97727
                  70                 130                   0              96.005             3.97727
                  70                 140                   0             96.2003             3.40909
                  70                 150                   0             96.4666             2.84091
                  70                 160                   0             96.5909             2.84091
                  70                 170                   0             96.9283             2.27273
                  70                 180                   0             96.9993             2.27273
                  70                 190                   0             96.9993             2.27273
                  70                 200                   0             96.9993             2.27273
                  70                 210                   0             96.9993             2.27273
                  70                 220                   0             96.9993             2.27273
                  70                 230                   0             96.9993             2.27273
                  70                 240                   0             96.9993             2.27273
                  70                 250                   0             96.9993             2.27273
                  70                 260                   0             96.9993             2.27273
                  70                 270                   0             96.9993             2.27273
                  70                 280                   0             96.9993             2.27273
                  70                 290                   0             96.9993             2.27273
                  70                 300                   0             96.9993             2.27273
                  70                 310                   0             96.9993             2.27273
                  70                 320                   0             96.9993             2.27273
                  70                 330                   0             96.9993             2.27273
                  70                 340                   0             96.9993             2.27273
                  70                 350                   0              97.017             2.27273
                  70                 360                   0              97.017             2.27273
                  70                 370                   0              97.017             2.27273
                  70                 380                   0              97.017             2.27273
                  70                 390                   0              97.017             2.27273
                  70                 400                   0              97.017             2.27273
                  70                 410                   0              97.017             2.27273
                  70                 420                   0              97.017             2.27273
                  70                 430                   0              97.017             2.27273
                  70                 440                   0              97.017             2.27273
                  70                 450                   0              97.017             2.27273
                  70                 460                   0              97.017             2.27273
                  70                 470                   0              97.017             2.27273
                  70                 480                   0              97.017             2.27273
                  70                 490                   0              97.017             2.27273
                  70                 500                   0              97.017             2.27273
                  70                 510                   0              97.017             2.27273
                  70                 520                   0              97.017             2.27273
                  70                 530                   0              97.017             2.27273
                  70                 540                   0              97.017             2.27273
                  70                 550                   0              97.017             2.27273
                  70                 560                   0              97.017             2.27273
                  70                 570                   0              97.017             2.27273
                  70                 580                   0              97.017             2.27273
                  70                 590                   0              97.017             2.27273
                  70                 600                   0              97.017             2.27273
                  70                 610                   0              97.017             2.27273
                  70                 620                   0              97.017             2.27273
                  70                 630                   0              97.017             2.27273
                  70                 640                   0              97.017             2.27273
                  70                 650                   0              97.017             2.27273
                  70                 660                   0              97.017             2.27273
                  70                 670                   0              97.017             2.27273
                  70                 680                   0              97.017             2.27273
                  70                 690                   0              97.017             2.27273
                  70                 700                   0              97.017             2.27273
                  70                 710                   0              97.017             2.27273
                  70                 720                   0              97.017             2.27273
                  70                 730                   0              97.017             2.27273
                  70                 740                   0              97.017             2.27273
                  70                 750                   0              97.017             2.27273
                  70                 760                   0             97.0348             2.27273
                  70                 770                   0             97.0348             2.27273
                  70                 780                   0             97.0348             2.27273
                  70                 790                   0             97.0348             2.27273
                  70                 800                   0             97.0348             2.27273
                  70                 810                   0             97.0348             2.27273
                  70                 820                   0             97.0348             2.27273
                  70                 830                   0             97.0526             2.27273
                  70                 840                   0             97.0526             2.27273
                  70                 850                   0             97.0526             2.27273
                  70                 860                   0             97.0526             2.27273
                  70                 870                   0             97.0526             2.27273
                  70                 880                   0             97.0526             2.27273
                  70                 890                   0             97.0526             2.27273
                  70                 900                   0             97.0526             2.27273
                  70                 910                   0             97.0526             2.27273
                  70                 920                   0             97.0526             2.27273
                  70                 930                   0             97.0526             2.27273
                  70                 940                   0             97.0526             2.27273
                  70                 950                   0             97.0526             2.27273
                  70                 960                   0             97.0526             2.27273
                  70                 970                   0             97.0526             2.27273
                  70                 980                   0             97.0526             2.27273
                  70                 990                   0             97.0526             2.27273
                  70                1000                   0             97.0526             2.27273
