                  75                   0                   0             92.0277             6.81818
                  75                  10                   0             94.8331             4.54545
                  75                  20                   0             94.9396             4.54545
                  75                  30                   0             95.0462             3.97727
                  75                  40                   0              95.206             3.97727
                  75                  50                   0             95.2947             3.97727
                  75                  60                   0             95.5966             3.97727
                  75                  70                   0             95.8629             3.97727
                  75                  80                   0             96.1115             3.40909
                  75                  90                   0             96.6264             2.84091
                  75                 100                   0             96.9638             2.27273
                  75                 110                   0             96.9993             2.27273
                  75                 120                   0             96.9993             2.27273
                  75                 130                   0             96.9993             2.27273
                  75                 140                   0             96.9993             2.27273
                  75                 150                   0             96.9993             2.27273
                  75                 160                   0             96.9993             2.27273
                  75                 170                   0             96.9993             2.27273
                  75                 180                   0             96.9993             2.27273
                  75                 190                   0             96.9993             2.27273
                  75                 200                   0             96.9993             2.27273
                  75                 210                   0             96.9993             2.27273
                  75                 220                   0             96.9993             2.27273
                  75                 230                   0             96.9993             2.27273
                  75                 240                   0             96.9993             2.27273
                  75                 250                   0             96.9993             2.27273
                  75                 260                   0             96.9993             2.27273
                  75                 270                   0             96.9993             2.27273
                  75                 280                   0             96.9993             2.27273
                  75                 290                   0              97.017             2.27273
                  75                 300                   0              97.017             2.27273
                  75                 310                   0              97.017             2.27273
                  75                 320                   0              97.017             2.27273
                  75                 330                   0              97.017             2.27273
                  75                 340                   0              97.017             2.27273
                  75                 350                   0              97.017             2.27273
                  75                 360                   0              97.017             2.27273
                  75                 370                   0              97.017             2.27273
                  75                 380                   0              97.017             2.27273
                  75                 390                   0              97.017             2.27273
                  75                 400                   0              97.017             2.27273
                  75                 410                   0              97.017             2.27273
                  75                 420                   0              97.017             2.27273
                  75                 430                   0              97.017             2.27273
                  75                 440                   0              97.017             2.27273
                  75                 450                   0              97.017             2.27273
                  75                 460                   0              97.017             2.27273
                  75                 470                   0              97.017             2.27273
                  75                 480                   0              97.017             2.27273
                  75                 490                   0              97.017             2.27273
                  75                 500                   0              97.017             2.27273
                  75                 510                   0              97.017             2.27273
                  75                 520                   0              97.017             2.27273
                  75                 530                   0              97.017             2.27273
                  75                 540                   0              97.017             2.27273
                  75                 550                   0              97.017             2.27273
                  75                 560                   0              97.017             2.27273
                  75                 570                   0              97.017             2.27273
                  75                 580                   0              97.017             2.27273
                  75                 590                   0              97.017             2.27273
                  75                 600                   0              97.017             2.27273
                  75                 610                   0              97.017             2.27273
                  75                 620                   0              97.017             2.27273
                  75                 630                   0              97.017             2.27273
                  75                 640                   0              97.017             2.27273
                  75                 650                   0              97.017             2.27273
                  75                 660                   0              97.017             2.27273
                  75                 670                   0              97.017             2.27273
                  75                 680                   0              97.017             2.27273
                  75                 690                   0              97.017             2.27273
                  75                 700                   0              97.017             2.27273
                  75                 710                   0              97.017             2.27273
                  75                 720                   0             97.0348             2.27273
                  75                 730                   0             97.0348             2.27273
                  75                 740                   0             97.0348             2.27273
                  75                 750                   0             97.0348             2.27273
                  75                 760                   0             97.0348             2.27273
                  75                 770                   0             97.0348             2.27273
                  75                 780                   0             97.0526             2.27273
                  75                 790                   0             97.0526             2.27273
                  75                 800                   0             97.0526             2.27273
                  75                 810                   0             97.0526             2.27273
                  75                 820                   0             97.0526             2.27273
                  75                 830                   0             97.0526             2.27273
                  75                 840                   0             97.0526             2.27273
                  75                 850                   0             97.0526             2.27273
                  75                 860                   0             97.0526             2.27273
                  75                 870                   0             97.0526             2.27273
                  75                 880                   0             97.0526             2.27273
                  75                 890                   0             97.0526             2.27273
                  75                 900                   0             97.0526             2.27273
                  75                 910                   0             97.0526             2.27273
                  75                 920                   0             97.0526             2.27273
                  75                 930                   0             97.0526             2.27273
                  75                 940                   0             97.0526             2.27273
                  75                 950                   0             97.0526             2.27273
                  75                 960                   0             97.0526             2.27273
                  75                 970                   0             97.0526             2.27273
                  75                 980                   0             97.0526             2.27273
                  75                 990                   0             97.0526             2.27273
                  75                1000                   0             97.0526             2.27273
