                  90                   0                   0             94.9041             3.97727
                  90                  10                   0             96.9993             2.27273
                  90                  20                   0             96.9993             2.27273
                  90                  30                   0             96.9993             2.27273
                  90                  40                   0             96.9993             2.27273
                  90                  50                   0             96.9993             2.27273
                  90                  60                   0             96.9993             2.27273
                  90                  70                   0             96.9993             2.27273
                  90                  80                   0             96.9993             2.27273
                  90                  90                   0             96.9993             2.27273
                  90                 100                   0             96.9993             2.27273
                  90                 110                   0              97.017             2.27273
                  90                 120                   0              97.017             2.27273
                  90                 130                   0              97.017             2.27273
                  90                 140                   0              97.017             2.27273
                  90                 150                   0              97.017             2.27273
                  90                 160                   0              97.017             2.27273
                  90                 170                   0              97.017             2.27273
                  90                 180                   0              97.017             2.27273
                  90                 190                   0              97.017             2.27273
                  90                 200                   0              97.017             2.27273
                  90                 210                   0              97.017             2.27273
                  90                 220                   0              97.017             2.27273
                  90                 230                   0              97.017             2.27273
                  90                 240                   0              97.017             2.27273
                  90                 250                   0              97.017             2.27273
                  90                 260                   0              97.017             2.27273
                  90                 270                   0              97.017             2.27273
                  90                 280                   0              97.017             2.27273
                  90                 290                   0              97.017             2.27273
                  90                 300                   0              97.017             2.27273
                  90                 310                   0              97.017             2.27273
                  90                 320                   0              97.017             2.27273
                  90                 330                   0              97.017             2.27273
                  90                 340                   0              97.017             2.27273
                  90                 350                   0              97.017             2.27273
                  90                 360                   0              97.017             2.27273
                  90                 370                   0              97.017             2.27273
                  90                 380                   0              97.017             2.27273
                  90                 390                   0              97.017             2.27273
                  90                 400                   0              97.017             2.27273
                  90                 410                   0              97.017             2.27273
                  90                 420                   0              97.017             2.27273
                  90                 430                   0              97.017             2.27273
                  90                 440                   0              97.017             2.27273
                  90                 450                   0              97.017             2.27273
                  90                 460                   0              97.017             2.27273
                  90                 470                   0              97.017             2.27273
                  90                 480                   0              97.017             2.27273
                  90                 490                   0              97.017             2.27273
                  90                 500                   0              97.017             2.27273
                  90                 510                   0              97.017             2.27273
                  90                 520                   0              97.017             2.27273
                  90                 530                   0              97.017             2.27273
                  90                 540                   0              97.017             2.27273
                  90                 550                   0              97.017             2.27273
                  90                 560                   0              97.017             2.27273
                  90                 570                   0              97.017             2.27273
                  90                 580                   0             97.0348             2.27273
                  90                 590                   0             97.0348             2.27273
                  90                 600                   0             97.0348             2.27273
                  90                 610                   0             97.0348             2.27273
                  90                 620                   0             97.0348             2.27273
                  90                 630                   0             97.0348             2.27273
                  90                 640                   0             97.0526             2.27273
                  90                 650                   0             97.0526             2.27273
                  90                 660                   0             97.0526             2.27273
                  90                 670                   0             97.0526             2.27273
                  90                 680                   0             97.0526             2.27273
                  90                 690                   0             97.0526             2.27273
                  90                 700                   0             97.0526             2.27273
                  90                 710                   0             97.0526             2.27273
                  90                 720                   0             97.0526             2.27273
                  90                 730                   0             97.0526             2.27273
                  90                 740                   0             97.0526             2.27273
                  90                 750                   0             97.0526             2.27273
                  90                 760                   0             97.0526             2.27273
                  90                 770                   0             97.0526             2.27273
                  90                 780                   0             97.0526             2.27273
                  90                 790                   0             97.0526             2.27273
                  90                 800                   0             97.0526             2.27273
                  90                 810                   0             97.0526             2.27273
                  90                 820                   0             97.0526             2.27273
                  90                 830                   0             97.0526             2.27273
                  90                 840                   0             97.0526             2.27273
                  90                 850                   0             97.0526             2.27273
                  90                 860                   0             97.0526             2.27273
                  90                 870                   0             97.0526             2.27273
                  90                 880                   0             97.0526             2.27273
                  90                 890                   0             97.0526             2.27273
                  90                 900                   0             97.0526             2.27273
                  90                 910                   0             97.0526             2.27273
                  90                 920                   0             97.0526             2.27273
                  90                 930                   0             97.0526             2.27273
                  90                 940                   0             97.0526             2.27273
                  90                 950                   0             97.0526             2.27273
                  90                 960                   0             97.0526             2.27273
                  90                 970                   0             97.0526             2.27273
                  90                 980                   0             97.0526             2.27273
                  90                 990                   0             97.0526             2.27273
                  90                1000                   0             97.0526             2.27273
