                  45                   0                   0             86.9141             7.95455
                  45                  10                   0             89.3999             7.95455
                  45                  20                   0             89.5419             7.95455
                  45                  30                   0             89.7017             7.95455
                  45                  40                   0             90.1278             7.95455
                  45                  50                   0             90.2521             7.95455
                  45                  60                   0             90.8203             7.95455
                  45                  70                   0             90.9979             7.95455
                  45                  80                   0             91.0689             7.95455
                  45                  90                   0             91.0866             7.95455
                  45                 100                   0             91.1222             7.38636
                  45                 110                   0             91.1399             7.38636
                  45                 120                   0             91.1577             7.38636
                  45                 130                   0             91.1754             7.38636
                  45                 140                   0             91.1932             7.38636
                  45                 150                   0             91.2464             7.38636
                  45                 160                   0             91.3707             7.38636
                  45                 170                   0             91.6016             7.38636
                  45                 180                   0             91.7969             7.38636
                  45                 190                   0             91.9744             7.38636
                  45                 200                   0             92.0277             6.81818
                  45                 210                   0             92.0632             6.81818
                  45                 220                   0              92.081             6.81818
                  45                 230                   0             92.0987             6.81818
                  45                 240                   0             92.1165             6.81818
                  45                 250                   0             92.1697             6.81818
                  45                 260                   0             92.1875             6.81818
                  45                 270                   0             92.2053             6.81818
                  45                 280                   0             92.2408             6.81818
                  45                 290                   0             94.8331             4.54545
                  45                 300                   0             94.9396             4.54545
                  45                 310                   0             94.9574             4.54545
                  45                 320                   0             94.9751             4.54545
                  45                 330                   0             95.2415             4.54545
                  45                 340                   0             95.2415             4.54545
                  45                 350                   0             95.3125             4.54545
                  45                 360                   0             95.3835             4.54545
                  45                 370                   0             95.4545             4.54545
                  45                 380                   0             95.4901             4.54545
                  45                 390                   0             95.6143             4.54545
                  45                 400                   0             95.6676             4.54545
                  45                 410                   0             95.7741             3.97727
                  45                 420                   0             95.8097             3.97727
                  45                 430                   0             95.9695             3.97727
                  45                 440                   0              96.005             3.40909
                  45                 450                   0             96.0938             3.40909
                  45                 460                   0             96.2358             3.40909
                  45                 470                   0             96.2891             3.40909
                  45                 480                   0             96.4489             2.84091
                  45                 490                   0             96.5732             2.84091
                  45                 500                   0             96.5909             2.84091
                  45                 510                   0             96.6797             2.84091
                  45                 520                   0             96.7507             2.84091
                  45                 530                   0             96.8572             2.84091
                  45                 540                   0             96.9105             2.84091
                  45                 550                   0             96.9638             2.84091
                  45                 560                   0             96.9993             2.27273
                  45                 570                   0             96.9993             2.27273
                  45                 580                   0             96.9993             2.27273
                  45                 590                   0             96.9993             2.27273
                  45                 600                   0             96.9993             2.27273
                  45                 610                   0             96.9993             2.27273
                  45                 620                   0             96.9993             2.27273
                  45                 630                   0             96.9993             2.27273
                  45                 640                   0             96.9993             2.27273
                  45                 650                   0             96.9993             2.27273
                  45                 660                   0              97.017             2.27273
                  45                 670                   0              97.017             2.27273
                  45                 680                   0              97.017             2.27273
                  45                 690                   0              97.017             2.27273
                  45                 700                   0              97.017             2.27273
                  45                 710                   0              97.017             2.27273
                  45                 720                   0              97.017             2.27273
                  45                 730                   0              97.017             2.27273
                  45                 740                   0              97.017             2.27273
                  45                 750                   0              97.017             2.27273
                  45                 760                   0              97.017             2.27273
                  45                 770                   0              97.017             2.27273
                  45                 780                   0              97.017             2.27273
                  45                 790                   0              97.017             2.27273
                  45                 800                   0              97.017             2.27273
                  45                 810                   0              97.017             2.27273
                  45                 820                   0              97.017             2.27273
                  45                 830                   0              97.017             2.27273
                  45                 840                   0              97.017             2.27273
                  45                 850                   0              97.017             2.27273
                  45                 860                   0              97.017             2.27273
                  45                 870                   0              97.017             2.27273
                  45                 880                   0              97.017             2.27273
                  45                 890                   0              97.017             2.27273
                  45                 900                   0              97.017             2.27273
                  45                 910                   0              97.017             2.27273
                  45                 920                   0              97.017             2.27273
                  45                 930                   0              97.017             2.27273
                  45                 940                   0              97.017             2.27273
                  45                 950                   0              97.017             2.27273
                  45                 960                   0              97.017             2.27273
                  45                 970                   0              97.017             2.27273
                  45                 980                   0              97.017             2.27273
                  45                 990                   0             97.0348             2.27273
                  45                1000                   0             97.0348             2.27273
