                  95                   0                   0             95.1172             3.97727
                  95                  10                   0             96.9993             2.27273
                  95                  20                   0             96.9993             2.27273
                  95                  30                   0             96.9993             2.27273
                  95                  40                   0             96.9993             2.27273
                  95                  50                   0              97.017             2.27273
                  95                  60                   0              97.017             2.27273
                  95                  70                   0              97.017             2.27273
                  95                  80                   0              97.017             2.27273
                  95                  90                   0              97.017             2.27273
                  95                 100                   0              97.017             2.27273
                  95                 110                   0              97.017             2.27273
                  95                 120                   0              97.017             2.27273
                  95                 130                   0              97.017             2.27273
                  95                 140                   0              97.017             2.27273
                  95                 150                   0              97.017             2.27273
                  95                 160                   0              97.017             2.27273
                  95                 170                   0              97.017             2.27273
                  95                 180                   0              97.017             2.27273
                  95                 190                   0              97.017             2.27273
                  95                 200                   0              97.017             2.27273
                  95                 210                   0              97.017             2.27273
                  95                 220                   0              97.017             2.27273
                  95                 230                   0              97.017             2.27273
                  95                 240                   0              97.017             2.27273
                  95                 250                   0              97.017             2.27273
                  95                 260                   0              97.017             2.27273
                  95                 270                   0              97.017             2.27273
                  95                 280                   0              97.017             2.27273
                  95                 290                   0              97.017             2.27273
                  95                 300                   0              97.017             2.27273
                  95                 310                   0              97.017             2.27273
                  95                 320                   0              97.017             2.27273
                  95                 330                   0              97.017             2.27273
                  95                 340                   0              97.017             2.27273
                  95                 350                   0              97.017             2.27273
                  95                 360                   0              97.017             2.27273
                  95                 370                   0              97.017             2.27273
                  95                 380                   0              97.017             2.27273
                  95                 390                   0              97.017             2.27273
                  95                 400                   0              97.017             2.27273
                  95                 410                   0              97.017             2.27273
                  95                 420                   0              97.017             2.27273
                  95                 430                   0              97.017             2.27273
                  95                 440                   0              97.017             2.27273
                  95                 450                   0              97.017             2.27273
                  95                 460                   0              97.017             2.27273
                  95                 470                   0              97.017             2.27273
                  95                 480                   0              97.017             2.27273
                  95                 490                   0              97.017             2.27273
                  95                 500                   0              97.017             2.27273
                  95                 510                   0              97.017             2.27273
                  95                 520                   0              97.017             2.27273
                  95                 530                   0             97.0348             2.27273
                  95                 540                   0             97.0348             2.27273
                  95                 550                   0             97.0348             2.27273
                  95                 560                   0             97.0348             2.27273
                  95                 570                   0             97.0348             2.27273
                  95                 580                   0             97.0348             2.27273
                  95                 590                   0             97.0348             2.27273
                  95                 600                   0             97.0526             2.27273
                  95                 610                   0             97.0526             2.27273
                  95                 620                   0             97.0526             2.27273
                  95                 630                   0             97.0526             2.27273
                  95                 640                   0             97.0526             2.27273
                  95                 650                   0             97.0526             2.27273
                  95                 660                   0             97.0526             2.27273
                  95                 670                   0             97.0526             2.27273
                  95                 680                   0             97.0526             2.27273
                  95                 690                   0             97.0526             2.27273
                  95                 700                   0             97.0526             2.27273
                  95                 710                   0             97.0526             2.27273
                  95                 720                   0             97.0526             2.27273
                  95                 730                   0             97.0526             2.27273
                  95                 740                   0             97.0526             2.27273
                  95                 750                   0             97.0526             2.27273
                  95                 760                   0             97.0526             2.27273
                  95                 770                   0             97.0526             2.27273
                  95                 780                   0             97.0526             2.27273
                  95                 790                   0             97.0526             2.27273
                  95                 800                   0             97.0526             2.27273
                  95                 810                   0             97.0526             2.27273
                  95                 820                   0             97.0526             2.27273
                  95                 830                   0             97.0526             2.27273
                  95                 840                   0             97.0526             2.27273
                  95                 850                   0             97.0526             2.27273
                  95                 860                   0             97.0526             2.27273
                  95                 870                   0             97.0526             2.27273
                  95                 880                   0             97.0526             2.27273
                  95                 890                   0             97.0526             2.27273
                  95                 900                   0             97.0526             2.27273
                  95                 910                   0             97.0526             2.27273
                  95                 920                   0             97.0526             2.27273
                  95                 930                   0             97.0526             2.27273
                  95                 940                   0             97.0526             2.27273
                  95                 950                   0             97.0526             2.27273
                  95                 960                   0             97.0526             2.27273
                  95                 970                   0             97.0526             2.27273
                  95                 980                   0             97.0526             2.27273
                  95                 990                   0             97.0526             2.27273
                  95                1000                   0             97.0526             2.27273
