                 100                   0                   0             95.5433             3.40909
                 100                  10                   0              97.017             2.27273
                 100                  20                   0              97.017             2.27273
                 100                  30                   0              97.017             2.27273
                 100                  40                   0              97.017             2.27273
                 100                  50                   0              97.017             2.27273
                 100                  60                   0              97.017             2.27273
                 100                  70                   0              97.017             2.27273
                 100                  80                   0              97.017             2.27273
                 100                  90                   0              97.017             2.27273
                 100                 100                   0              97.017             2.27273
                 100                 110                   0              97.017             2.27273
                 100                 120                   0              97.017             2.27273
                 100                 130                   0              97.017             2.27273
                 100                 140                   0              97.017             2.27273
                 100                 150                   0              97.017             2.27273
                 100                 160                   0              97.017             2.27273
                 100                 170                   0              97.017             2.27273
                 100                 180                   0              97.017             2.27273
                 100                 190                   0              97.017             2.27273
                 100                 200                   0              97.017             2.27273
                 100                 210                   0              97.017             2.27273
                 100                 220                   0              97.017             2.27273
                 100                 230                   0              97.017             2.27273
                 100                 240                   0              97.017             2.27273
                 100                 250                   0              97.017             2.27273
                 100                 260                   0              97.017             2.27273
                 100                 270                   0              97.017             2.27273
                 100                 280                   0              97.017             2.27273
                 100                 290                   0              97.017             2.27273
                 100                 300                   0              97.017             2.27273
                 100                 310                   0              97.017             2.27273
                 100                 320                   0              97.017             2.27273
                 100                 330                   0              97.017             2.27273
                 100                 340                   0              97.017             2.27273
                 100                 350                   0              97.017             2.27273
                 100                 360                   0              97.017             2.27273
                 100                 370                   0              97.017             2.27273
                 100                 380                   0              97.017             2.27273
                 100                 390                   0              97.017             2.27273
                 100                 400                   0              97.017             2.27273
                 100                 410                   0              97.017             2.27273
                 100                 420                   0              97.017             2.27273
                 100                 430                   0              97.017             2.27273
                 100                 440                   0              97.017             2.27273
                 100                 450                   0              97.017             2.27273
                 100                 460                   0              97.017             2.27273
                 100                 470                   0              97.017             2.27273
                 100                 480                   0              97.017             2.27273
                 100                 490                   0             97.0348             2.27273
                 100                 500                   0             97.0348             2.27273
                 100                 510                   0             97.0348             2.27273
                 100                 520                   0             97.0348             2.27273
                 100                 530                   0             97.0348             2.27273
                 100                 540                   0             97.0348             2.27273
                 100                 550                   0             97.0526             2.27273
                 100                 560                   0             97.0526             2.27273
                 100                 570                   0             97.0526             2.27273
                 100                 580                   0             97.0526             2.27273
                 100                 590                   0             97.0526             2.27273
                 100                 600                   0             97.0526             2.27273
                 100                 610                   0             97.0526             2.27273
                 100                 620                   0             97.0526             2.27273
                 100                 630                   0             97.0526             2.27273
                 100                 640                   0             97.0526             2.27273
                 100                 650                   0             97.0526             2.27273
                 100                 660                   0             97.0526             2.27273
                 100                 670                   0             97.0526             2.27273
                 100                 680                   0             97.0526             2.27273
                 100                 690                   0             97.0526             2.27273
                 100                 700                   0             97.0526             2.27273
                 100                 710                   0             97.0526             2.27273
                 100                 720                   0             97.0526             2.27273
                 100                 730                   0             97.0526             2.27273
                 100                 740                   0             97.0526             2.27273
                 100                 750                   0             97.0526             2.27273
                 100                 760                   0             97.0526             2.27273
                 100                 770                   0             97.0526             2.27273
                 100                 780                   0             97.0526             2.27273
                 100                 790                   0             97.0526             2.27273
                 100                 800                   0             97.0526             2.27273
                 100                 810                   0             97.0526             2.27273
                 100                 820                   0             97.0526             2.27273
                 100                 830                   0             97.0526             2.27273
                 100                 840                   0             97.0526             2.27273
                 100                 850                   0             97.0526             2.27273
                 100                 860                   0             97.0526             2.27273
                 100                 870                   0             97.0526             2.27273
                 100                 880                   0             97.0526             2.27273
                 100                 890                   0             97.0526             2.27273
                 100                 900                   0             97.0526             2.27273
                 100                 910                   0             97.0526             2.27273
                 100                 920                   0             97.0526             2.27273
                 100                 930                   0             97.0526             2.27273
                 100                 940                   0             97.0526             2.27273
                 100                 950                   0             97.0526             2.27273
                 100                 960                   0             97.0526             2.27273
                 100                 970                   0             97.0526             2.27273
                 100                 980                   0             97.0526             2.27273
                 100                 990                   0             97.0526             2.27273
                 100                1000                   0             97.0526             2.27273
