                  65                   0                   0             51.2074                  25
                  65                  10                   0             57.2621               18.75
                  65                  20                   0             59.1264             15.9091
                  65                  30                   0             60.7067             15.9091
                  65                  40                   0             62.0739             15.3409
                  65                  50                   0             63.9205             14.7727
                  65                  60                   0             65.0746             14.7727
                  65                  70                   0             66.5661             14.7727
                  65                  80                   0             68.0753             11.3636
                  65                  90                   0             68.8743             11.3636
                  65                 100                   0              69.407             10.7955
                  65                 110                   0             69.9041             10.2273
                  65                 120                   0             70.9339             9.09091
                  65                 130                   0             71.2713             7.95455
                  65                 140                   0             71.6264             7.95455
                  65                 150                   0             72.2301             6.81818
                  65                 160                   0             72.8338             5.68182
                  65                 170                   0             73.6683             5.11364
                  65                 180                   0             74.7159             3.40909
                  65                 190                   0             75.1243             2.84091
                  65                 200                   0             75.6925             2.84091
                  65                 210                   0              76.527             2.84091
                  65                 220                   0             77.0952             2.84091
                  65                 230                   0             77.8054             2.84091
                  65                 240                   0             78.4979             2.84091
                  65                 250                   0             78.7109             2.84091
                  65                 260                   0             79.6165             2.84091
                  65                 270                   0             80.2734             2.84091
                  65                 280                   0             80.6996             2.84091
                  65                 290                   0             80.9837             2.84091
                  65                 300                   0             81.4631             2.84091
                  65                 310                   0             81.9957             2.84091
                  65                 320                   0             82.3509             2.84091
                  65                 330                   0             83.1676             2.84091
                  65                 340                   0              83.647             2.84091
                  65                 350                   0             83.9311             2.84091
                  65                 360                   0             84.3928             2.84091
                  65                 370                   0             84.8722             2.84091
                  65                 380                   0             85.1385             2.84091
                  65                 390                   0             85.7955             2.84091
                  65                 400                   0             86.2926             2.84091
                  65                 410                   0             86.7365             2.84091
                  65                 420                   0             87.0916             2.84091
                  65                 430                   0             87.3047             2.84091
                  65                 440                   0                87.5             2.84091
                  65                 450                   0             87.6598             2.84091
                  65                 460                   0             87.9616             2.84091
                  65                 470                   0             88.2102             2.84091
                  65                 480                   0             88.5653             2.84091
                  65                 490                   0             88.9737             2.84091
                  65                 500                   0             89.5597             2.84091
                  65                 510                   0             90.1456             2.84091
                  65                 520                   0             91.4418             2.27273
                  65                 530                   0              92.152             2.27273
                  65                 540                   0              93.022             2.27273
                  65                 550                   0             94.1229             2.27273
                  65                 560                   0             94.7266             2.27273
                  65                 570                   0             95.2237             2.27273
                  65                 580                   0             95.5966             2.27273
                  65                 590                   0             96.0405             2.27273
                  65                 600                   0              96.218             2.27273
                  65                 610                   0             96.3956             2.27273
                  65                 620                   0             96.5554             2.27273
                  65                 630                   0             96.6974             2.27273
                  65                 640                   0             96.8395             2.27273
                  65                 650                   0              96.946             2.27273
                  65                 660                   0             97.1413             1.70455
                  65                 670                   0             97.4077             1.70455
                  65                 680                   0             97.7805             1.70455
                  65                 690                   0             97.8871             1.70455
                  65                 700                   0             97.9759             1.70455
                  65                 710                   0             98.0469             1.70455
                  65                 720                   0             98.0469             1.70455
                  65                 730                   0             98.0824             1.70455
                  65                 740                   0             98.1001             1.70455
                  65                 750                   0             98.1001             1.70455
                  65                 760                   0             98.1179             1.70455
                  65                 770                   0             98.1179             1.70455
                  65                 780                   0             98.2599             1.13636
                  65                 790                   0              98.402             1.13636
                  65                 800                   0             98.4197             1.13636
                  65                 810                   0             98.4375             1.13636
                  65                 820                   0             98.4553             1.13636
                  65                 830                   0             98.4553             1.13636
                  65                 840                   0             98.5085             1.13636
                  65                 850                   0             98.5085             1.13636
                  65                 860                   0             98.5263             1.13636
                  65                 870                   0             98.5263             1.13636
                  65                 880                   0             98.5263             1.13636
                  65                 890                   0              98.544             1.13636
                  65                 900                   0             98.6506             1.13636
                  65                 910                   0             98.6683             1.13636
                  65                 920                   0             98.7571            0.568182
                  65                 930                   0             98.7749            0.568182
                  65                 940                   0             98.7749            0.568182
                  65                 950                   0             98.7926            0.568182
                  65                 960                   0             98.8104            0.568182
                  65                 970                   0             98.8459            0.568182
                  65                 980                   0             98.8814            0.568182
                  65                 990                   0             98.8814            0.568182
                  65                1000                   0             98.8814            0.568182
