                  30                   0                   0              24.343             48.8636
                  30                  10                   0             25.3374             44.8864
                  30                  20                   0              26.456               43.75
                  30                  30                   0             27.4858             42.0455
                  30                  40                   0             28.8707             39.2045
                  30                  50                   0             29.7053                37.5
                  30                  60                   0             30.7884                37.5
                  30                  70                   0             31.8537                37.5
                  30                  80                   0             33.2741             35.7955
                  30                  90                   0             34.6413             34.6591
                  30                 100                   0             35.8842             33.5227
                  30                 110                   0             37.1804             32.9545
                  30                 120                   0             38.1214             31.8182
                  30                 130                   0             39.8793             30.1136
                  30                 140                   0             41.2109             30.1136
                  30                 150                   0             43.2706             28.4091
                  30                 160                   0             44.5135             24.4318
                  30                 170                   0             46.1825             26.1364
                  30                 180                   0             47.7273             23.8636
                  30                 190                   0             49.6271             22.7273
                  30                 200                   0             51.0653             22.7273
                  30                 210                   0             55.0426             21.0227
                  30                 220                   0             55.8771             19.8864
                  30                 230                   0             57.4929             17.0455
                  30                 240                   0             58.7713             16.4773
                  30                 250                   0             59.6236             15.9091
                  30                 260                   0             60.4936             15.3409
                  30                 270                   0             61.3104             14.7727
                  30                 280                   0             62.1982             13.0682
                  30                 290                   0             63.3523                12.5
                  30                 300                   0             65.3054             11.3636
                  30                 310                   0             66.0689             10.7955
                  30                 320                   0             66.8679             10.7955
                  30                 330                   0             67.7379             10.7955
                  30                 340                   0             69.0518             10.7955
                  30                 350                   0             70.7741             9.65909
                  30                 360                   0             71.2536             9.09091
                  30                 370                   0             72.4432             9.09091
                  30                 380                   0             74.1122             6.81818
                  30                 390                   0             75.3018             4.54545
                  30                 400                   0             75.9233             4.54545
                  30                 410                   0              76.669             3.40909
                  30                 420                   0             77.8409             3.40909
                  30                 430                   0             78.4446             2.84091
                  30                 440                   0             78.7464             2.84091
                  30                 450                   0             78.9773             2.84091
                  30                 460                   0              79.794             2.84091
                  30                 470                   0             80.5043             2.84091
                  30                 480                   0             81.1435             2.84091
                  30                 490                   0              82.049             2.84091
                  30                 500                   0             82.3864             2.84091
                  30                 510                   0             82.8303             2.84091
                  30                 520                   0             83.2386             2.84091
                  30                 530                   0             83.6115             2.84091
                  30                 540                   0             84.2152             2.84091
                  30                 550                   0             84.5348             2.84091
                  30                 560                   0             84.8899             2.84091
                  30                 570                   0              85.245             2.84091
                  30                 580                   0             85.5824             2.84091
                  30                 590                   0             85.7067             2.84091
                  30                 600                   0             86.0795             2.84091
                  30                 610                   0             86.0973             2.84091
                  30                 620                   0             86.4169             2.84091
                  30                 630                   0             87.0916             2.84091
                  30                 640                   0             87.3402             2.84091
                  30                 650                   0             87.6243             2.84091
                  30                 660                   0             88.0327             2.84091
                  30                 670                   0             88.1392             2.84091
                  30                 680                   0               88.37             2.84091
                  30                 690                   0             89.4531             2.84091
                  30                 700                   0             89.9148             2.84091
                  30                 710                   0             90.1278             2.84091
                  30                 720                   0             90.1989             2.84091
                  30                 730                   0             90.4297             2.84091
                  30                 740                   0             90.6783             2.84091
                  30                 750                   0             90.8913             2.84091
                  30                 760                   0             91.9922             2.84091
                  30                 770                   0             92.5249             2.84091
                  30                 780                   0             93.5724             2.27273
                  30                 790                   0             95.3125             1.70455
                  30                 800                   0             95.5788             1.70455
                  30                 810                   0             95.6676             1.70455
                  30                 820                   0             95.8984             1.70455
                  30                 830                   0             95.9695             1.70455
                  30                 840                   0             96.0938             1.70455
                  30                 850                   0             96.2713             1.13636
                  30                 860                   0             96.3956             1.13636
                  30                 870                   0             96.5199             1.13636
                  30                 880                   0             96.6087             1.13636
                  30                 890                   0             96.6442             1.13636
                  30                 900                   0             96.6797             1.13636
                  30                 910                   0             96.7507             1.13636
                  30                 920                   0              96.804             1.13636
                  30                 930                   0             96.8395             1.13636
                  30                 940                   0             96.8928             1.13636
                  30                 950                   0             96.9638             1.13636
                  30                 960                   0             97.0703             1.13636
                  30                 970                   0             97.0881             1.13636
                  30                 980                   0             97.1946             1.13636
                  30                 990                   0             97.4254            0.568182
                  30                1000                   0             97.4432            0.568182
