                  20                   0                   0             16.3885             57.3864
                  20                  10                   0             17.4893             57.9545
                  20                  20                   0             17.8445               56.25
                  20                  30                   0             18.5547               56.25
                  20                  40                   0             19.7266             55.1136
                  20                  50                   0             20.5433             52.8409
                  20                  60                   0             21.4666             51.1364
                  20                  70                   0             22.0526                  50
                  20                  80                   0             22.4609             49.4318
                  20                  90                   0             23.0469             48.2955
                  20                 100                   0             23.7038             47.1591
                  20                 110                   0             24.3608             46.0227
                  20                 120                   0             25.1598             42.6136
                  20                 130                   0             25.9055             40.9091
                  20                 140                   0             26.8111             40.3409
                  20                 150                   0             27.9119             38.0682
                  20                 160                   0             29.4212             36.9318
                  20                 170                   0             30.2912             35.2273
                  20                 180                   0             31.0547             35.2273
                  20                 190                   0             32.1911             32.9545
                  20                 200                   0             33.7003             32.3864
                  20                 210                   0             35.8132             31.8182
                  20                 220                   0                37.5             30.6818
                  20                 230                   0             38.6186             28.4091
                  20                 240                   0             39.9325             27.8409
                  20                 250                   0             41.9389             26.7045
                  20                 260                   0             43.4837             26.7045
                  20                 270                   0             45.5433                  25
                  20                 280                   0             46.8572             23.8636
                  20                 290                   0             48.1889             23.2955
                  20                 300                   0             49.4318             23.2955
                  20                 310                   0             52.8764             21.0227
                  20                 320                   0             53.9418             20.4545
                  20                 330                   0             54.5455             20.4545
                  20                 340                   0             55.7173               18.75
                  20                 350                   0              56.392             18.1818
                  20                 360                   0             57.4929             18.1818
                  20                 370                   0              59.233             15.9091
                  20                 380                   0             62.0384             13.6364
                  20                 390                   0             62.9084             13.0682
                  20                 400                   0              63.299             13.0682
                  20                 410                   0              66.424             10.7955
                  20                 420                   0               67.88             9.65909
                  20                 430                   0             68.8033             9.65909
                  20                 440                   0             70.3835             9.09091
                  20                 450                   0             71.6974             9.09091
                  20                 460                   0             72.2124             9.09091
                  20                 470                   0             73.2599             9.09091
                  20                 480                   0             73.8459             8.52273
                  20                 490                   0             74.1832             7.95455
                  20                 500                   0             74.4851             7.95455
                  20                 510                   0                  75             6.81818
                  20                 520                   0             75.5682             6.81818
                  20                 530                   0              76.598             6.81818
                  20                 540                   0             77.4325             6.81818
                  20                 550                   0             77.9652                6.25
                  20                 560                   0             80.4865             3.97727
                  20                 570                   0             80.8594             3.97727
                  20                 580                   0             81.3743             3.97727
                  20                 590                   0             81.8714             3.97727
                  20                 600                   0              82.706             3.97727
                  20                 610                   0             83.1499             3.97727
                  20                 620                   0             83.8423             3.97727
                  20                 630                   0             84.0376             3.97727
                  20                 640                   0             84.6946             3.97727
                  20                 650                   0             85.0852             3.97727
                  20                 660                   0             85.5646             3.40909
                  20                 670                   0             85.7422             3.40909
                  20                 680                   0             85.9375             3.40909
                  20                 690                   0             86.1506             3.40909
                  20                 700                   0             86.5057             3.40909
                  20                 710                   0             86.8963             3.40909
                  20                 720                   0                87.5             3.40909
                  20                 730                   0              87.642             3.40909
                  20                 740                   0             87.9972             3.40909
                  20                 750                   0             88.3523             3.40909
                  20                 760                   0             88.4588             3.40909
                  20                 770                   0             88.6009             3.40909
                  20                 780                   0             88.7784             3.40909
                  20                 790                   0             88.9027             3.40909
                  20                 800                   0             89.0092             3.40909
                  20                 810                   0              89.826             3.40909
                  20                 820                   0             90.0213             3.40909
                  20                 830                   0             90.5895             3.40909
                  20                 840                   0              90.696             3.40909
                  20                 850                   0             91.0689             3.40909
                  20                 860                   0             92.0099             3.40909
                  20                 870                   0             92.3473             3.40909
                  20                 880                   0               93.75             2.84091
                  20                 890                   0             93.8565             2.84091
                  20                 900                   0             94.0518             2.84091
                  20                 910                   0             94.0874             2.84091
                  20                 920                   0             94.5312             2.27273
                  20                 930                   0             94.5845             2.27273
                  20                 940                   0               94.62             2.27273
                  20                 950                   0             94.6555             2.27273
                  20                 960                   0             94.8864             2.27273
                  20                 970                   0              95.277             1.70455
                  20                 980                   0             95.2947             1.70455
                  20                 990                   0             95.3658             1.70455
                  20                1000                   0             95.3835             1.70455
