                  35                   0                   0             27.9652             41.4773
                  35                  10                   0             29.4922             39.2045
                  35                  20                   0             31.0369             39.2045
                  35                  30                   0              32.706             36.3636
                  35                  40                   0              33.647             36.3636
                  35                  50                   0             34.8189             36.3636
                  35                  60                   0             36.3104             34.6591
                  35                  70                   0             37.6776             32.9545
                  35                  80                   0             39.0625             32.3864
                  35                  90                   0              39.968             31.8182
                  35                 100                   0              41.282             30.1136
                  35                 110                   0             42.5604             29.5455
                  35                 120                   0             44.3537             28.4091
                  35                 130                   0             48.2777             25.5682
                  35                 140                   0             50.4972             24.4318
                  35                 150                   0             52.0952             23.2955
                  35                 160                   0             53.8352             22.1591
                  35                 170                   0             55.1314             21.0227
                  35                 180                   0             56.0014             20.4545
                  35                 190                   0             57.2621             19.3182
                  35                 200                   0             58.0256             18.1818
                  35                 210                   0             59.6236             16.4773
                  35                 220                   0             60.7244             15.3409
                  35                 230                   0             61.3636             15.3409
                  35                 240                   0              62.358             14.2045
                  35                 250                   0             63.6009             13.6364
                  35                 260                   0             65.0036             11.3636
                  35                 270                   0             66.3352             10.7955
                  35                 280                   0             66.9567             10.7955
                  35                 290                   0             68.2351             10.2273
                  35                 300                   0             69.3359             9.09091
                  35                 310                   0             69.9219             9.09091
                  35                 320                   0             70.7741             8.52273
                  35                 330                   0             72.0703             7.95455
                  35                 340                   0             72.6385             7.95455
                  35                 350                   0             73.8281                6.25
                  35                 360                   0             74.7514             5.68182
                  35                 370                   0             75.8878             3.97727
                  35                 380                   0             76.3317             3.97727
                  35                 390                   0             76.8643             3.40909
                  35                 400                   0             77.6634             2.84091
                  35                 410                   0             78.4446             2.84091
                  35                 420                   0             79.0128             2.84091
                  35                 430                   0             79.8295             2.84091
                  35                 440                   0             80.5575             2.84091
                  35                 450                   0             81.2145             2.84091
                  35                 460                   0             82.1023             2.84091
                  35                 470                   0             82.3509             2.84091
                  35                 480                   0             82.5994             2.84091
                  35                 490                   0             83.1143             2.84091
                  35                 500                   0             83.5938             2.84091
                  35                 510                   0             83.9666             2.84091
                  35                 520                   0              84.304             2.84091
                  35                 530                   0             84.7834             2.84091
                  35                 540                   0             84.9254             2.84091
                  35                 550                   0             85.3338             2.84091
                  35                 560                   0             85.5646             2.84091
                  35                 570                   0             85.8665             2.84091
                  35                 580                   0             86.2571             2.84091
                  35                 590                   0             86.4524             2.84091
                  35                 600                   0             86.6477             2.84091
                  35                 610                   0             86.8253             2.84091
                  35                 620                   0                87.5             2.84091
                  35                 630                   0             87.9972             2.84091
                  35                 640                   0             88.3878             2.84091
                  35                 650                   0             88.5653             2.84091
                  35                 660                   0             88.7607             2.84091
                  35                 670                   0             89.5064             2.84091
                  35                 680                   0             90.1278             2.84091
                  35                 690                   0             90.2699             2.84091
                  35                 700                   0             90.3764             2.84091
                  35                 710                   0             90.4652             2.84091
                  35                 720                   0             91.2642             2.84091
                  35                 730                   0             91.2997             2.84091
                  35                 740                   0             94.6911             1.70455
                  35                 750                   0             94.8864             1.70455
                  35                 760                   0             95.1172             1.70455
                  35                 770                   0              95.419             1.70455
                  35                 780                   0             95.6321             1.70455
                  35                 790                   0             95.7564             1.70455
                  35                 800                   0             95.9517             1.70455
                  35                 810                   0             96.1293             1.70455
                  35                 820                   0             96.3068             1.70455
                  35                 830                   0             96.4489             1.70455
                  35                 840                   0             96.6619             1.13636
                  35                 850                   0             96.7685             1.13636
                  35                 860                   0              96.804             1.13636
                  35                 870                   0             96.8395             1.13636
                  35                 880                   0             96.9105             1.13636
                  35                 890                   0              96.946             1.13636
                  35                 900                   0             97.3189             1.13636
                  35                 910                   0             97.3366             1.13636
                  35                 920                   0             97.4254             1.13636
                  35                 930                   0             97.5497             1.13636
                  35                 940                   0             97.6918             1.13636
                  35                 950                   0             97.6918             1.13636
                  35                 960                   0             97.7273             1.13636
                  35                 970                   0             97.7273             1.13636
                  35                 980                   0             97.7273             1.13636
                  35                 990                   0             97.8338            0.568182
                  35                1000                   0             97.8693            0.568182
