                  50                   0                   0             39.5774               31.25
                  50                  10                   0             43.7145             28.4091
                  50                  20                   0             45.2237             27.8409
                  50                  30                   0             46.8217             27.2727
                  50                  40                   0             48.0469                  25
                  50                  50                   0              50.071             23.8636
                  50                  60                   0             52.5036             22.1591
                  50                  70                   0             54.6342             20.4545
                  50                  80                   0             56.2678             19.8864
                  50                  90                   0             57.4041             19.3182
                  50                 100                   0             58.5938             17.6136
                  50                 110                   0             60.2983             17.6136
                  50                 120                   0              61.701             16.4773
                  50                 130                   0             62.7841             16.4773
                  50                 140                   0             63.6364             16.4773
                  50                 150                   0             65.1278             13.6364
                  50                 160                   0             65.5717             13.6364
                  50                 170                   0             67.5959             11.3636
                  50                 180                   0             68.2173             10.7955
                  50                 190                   0             69.1051             9.65909
                  50                 200                   0             69.7976             9.09091
                  50                 210                   0             70.2237             8.52273
                  50                 220                   0             70.7031             7.95455
                  50                 230                   0             71.0582             7.95455
                  50                 240                   0             71.6087             7.38636
                  50                 250                   0             72.3544             7.38636
                  50                 260                   0             72.9759             6.81818
                  50                 270                   0             73.8991                6.25
                  50                 280                   0             74.6982             5.11364
                  50                 290                   0             75.4084             4.54545
                  50                 300                   0             76.6335             3.40909
                  50                 310                   0             77.3082             2.84091
                  50                 320                   0             78.0717             2.84091
                  50                 330                   0             78.5156             2.84091
                  50                 340                   0              78.995             2.84091
                  50                 350                   0             79.4389             2.84091
                  50                 360                   0             80.2202             2.84091
                  50                 370                   0             81.0369             2.84091
                  50                 380                   0             81.6584             2.84091
                  50                 390                   0             82.0135             2.84091
                  50                 400                   0             82.5284             2.84091
                  50                 410                   0             83.1143             2.84091
                  50                 420                   0             83.5405             2.84091
                  50                 430                   0             83.8601             2.84091
                  50                 440                   0             84.2507             2.84091
                  50                 450                   0             84.5881             2.84091
                  50                 460                   0             85.0497             2.84091
                  50                 470                   0             85.4048             2.84091
                  50                 480                   0             85.5114             2.84091
                  50                 490                   0             85.8665             2.84091
                  50                 500                   0             85.9553             2.84091
                  50                 510                   0             86.3991             2.84091
                  50                 520                   0             86.7365             2.84091
                  50                 530                   0             87.0916             2.84091
                  50                 540                   0             87.3047             2.84091
                  50                 550                   0             87.5355             2.84091
                  50                 560                   0             88.0682             2.84091
                  50                 570                   0             88.5653             2.84091
                  50                 580                   0             90.0036             2.84091
                  50                 590                   0             92.1697             2.27273
                  50                 600                   0             92.7912             2.27273
                  50                 610                   0             93.2351             2.27273
                  50                 620                   0             94.2294             2.27273
                  50                 630                   0             95.3125             2.27273
                  50                 640                   0             95.4901             2.27273
                  50                 650                   0             95.7031             2.27273
                  50                 660                   0             95.9162             2.27273
                  50                 670                   0             96.1825             2.27273
                  50                 680                   0             96.3778             2.27273
                  50                 690                   0             96.6442             2.27273
                  50                 700                   0              96.733             2.27273
                  50                 710                   0              96.875             1.70455
                  50                 720                   0             96.9283             1.70455
                  50                 730                   0             97.0526             1.70455
                  50                 740                   0             97.3899             1.70455
                  50                 750                   0             97.4254             1.70455
                  50                 760                   0             97.4787             1.70455
                  50                 770                   0             97.4787             1.70455
                  50                 780                   0              97.674             1.70455
                  50                 790                   0             97.7095             1.70455
                  50                 800                   0              97.745             1.70455
                  50                 810                   0             97.8693             1.70455
                  50                 820                   0             98.0114             1.13636
                  50                 830                   0             98.0291             1.13636
                  50                 840                   0             98.0291             1.13636
                  50                 850                   0             98.0824             1.13636
                  50                 860                   0             98.1357             1.13636
                  50                 870                   0             98.1357             1.13636
                  50                 880                   0             98.1534             1.13636
                  50                 890                   0             98.1534             1.13636
                  50                 900                   0             98.1534             1.13636
                  50                 910                   0             98.2599             1.13636
                  50                 920                   0             98.2777             1.13636
                  50                 930                   0             98.2777             1.13636
                  50                 940                   0             98.3132             1.13636
                  50                 950                   0             98.3132             1.13636
                  50                 960                   0             98.4197            0.568182
                  50                 970                   0             98.4375            0.568182
                  50                 980                   0             98.4553            0.568182
                  50                 990                   0              98.473            0.568182
                  50                1000                   0             98.4908            0.568182
