                  80                   0                   0             60.5646             19.3182
                  80                  10                   0             66.6371             14.7727
                  80                  20                   0             68.2351             11.3636
                  80                  30                   0             69.1761             11.3636
                  80                  40                   0             69.8864             10.7955
                  80                  50                   0             70.7919             10.2273
                  80                  60                   0             71.4134             9.09091
                  80                  70                   0             71.8395             9.09091
                  80                  80                   0             72.6385             7.38636
                  80                  90                   0             73.1001                6.25
                  80                 100                   0             73.8281             4.54545
                  80                 110                   0             74.4851             3.40909
                  80                 120                   0             74.9112             3.40909
                  80                 130                   0             75.5504             3.40909
                  80                 140                   0             76.2251             2.84091
                  80                 150                   0             77.1662             2.84091
                  80                 160                   0             77.6456             2.84091
                  80                 170                   0             78.3026             2.84091
                  80                 180                   0             78.5866             2.84091
                  80                 190                   0             79.5277             2.84091
                  80                 200                   0             80.0604             2.84091
                  80                 210                   0             80.2912             2.84091
                  80                 220                   0             80.7884             2.84091
                  80                 230                   0             81.1967             2.84091
                  80                 240                   0             82.0668             2.84091
                  80                 250                   0             82.3153             2.84091
                  80                 260                   0             82.4041             2.84091
                  80                 270                   0             82.6349             2.84091
                  80                 280                   0             83.5405             2.84091
                  80                 290                   0             83.9489             2.84091
                  80                 300                   0             84.2152             2.84091
                  80                 310                   0             84.6058             2.84091
                  80                 320                   0             85.0675             2.84091
                  80                 330                   0             85.5646             2.84091
                  80                 340                   0             85.6357             2.84091
                  80                 350                   0             86.2749             2.84091
                  80                 360                   0              86.772             2.84091
                  80                 370                   0             87.0916             2.84091
                  80                 380                   0             87.4822             2.84091
                  80                 390                   0             87.6598             2.84091
                  80                 400                   0             87.9439             2.84091
                  80                 410                   0             88.1037             2.84091
                  80                 420                   0             88.5298             2.84091
                  80                 430                   0             88.7074             2.84091
                  80                 440                   0             89.1513             2.84091
                  80                 450                   0             89.4531             2.84091
                  80                 460                   0             90.0391             2.84091
                  80                 470                   0             90.2521             2.84091
                  80                 480                   0             91.5483             2.27273
                  80                 490                   0             92.0632             2.27273
                  80                 500                   0             93.1818             2.27273
                  80                 510                   0             93.8388             2.27273
                  80                 520                   0             94.5312             2.27273
                  80                 530                   0              95.206             2.27273
                  80                 540                   0             95.5966             2.27273
                  80                 550                   0             95.8097             2.27273
                  80                 560                   0              96.076             2.27273
                  80                 570                   0             96.3601             2.27273
                  80                 580                   0             96.7152             2.27273
                  80                 590                   0             96.7862             2.27273
                  80                 600                   0             96.8217             2.27273
                  80                 610                   0             96.9638             2.27273
                  80                 620                   0             97.3366             1.70455
                  80                 630                   0             97.7273             1.70455
                  80                 640                   0             97.8338             1.70455
                  80                 650                   0             97.9581             1.70455
                  80                 660                   0             97.9759             1.70455
                  80                 670                   0             98.1889             1.70455
                  80                 680                   0             98.2067             1.70455
                  80                 690                   0             98.2067             1.70455
                  80                 700                   0             98.2067             1.70455
                  80                 710                   0             98.2067             1.70455
                  80                 720                   0             98.2244             1.70455
                  80                 730                   0             98.2244             1.70455
                  80                 740                   0             98.2599             1.70455
                  80                 750                   0             98.3665             1.13636
                  80                 760                   0             98.3842             1.13636
                  80                 770                   0             98.4197             1.13636
                  80                 780                   0             98.5618             1.13636
                  80                 790                   0             98.5618             1.13636
                  80                 800                   0             98.5618             1.13636
                  80                 810                   0             98.5618             1.13636
                  80                 820                   0             98.5618             1.13636
                  80                 830                   0             98.6151             1.13636
                  80                 840                   0             98.6328             1.13636
                  80                 850                   0             98.6328             1.13636
                  80                 860                   0             98.6328             1.13636
                  80                 870                   0             98.6506             1.13636
                  80                 880                   0             98.6506             1.13636
                  80                 890                   0             98.7571            0.568182
                  80                 900                   0             98.7571            0.568182
                  80                 910                   0             98.7749            0.568182
                  80                 920                   0             98.7926            0.568182
                  80                 930                   0             98.8281            0.568182
                  80                 940                   0             98.8459            0.568182
                  80                 950                   0             98.8459            0.568182
                  80                 960                   0             98.8814            0.568182
                  80                 970                   0             98.8814            0.568182
                  80                 980                   0             98.8991            0.568182
                  80                 990                   0             98.8991            0.568182
                  80                1000                   0             98.9524            0.568182
