                  25                   0                   0             20.7564             52.2727
                  25                  10                   0             21.8395             51.7045
                  25                  20                   0             22.6918                  50
                  25                  30                   0             23.4908             52.2727
                  25                  40                   0             24.5206             47.7273
                  25                  50                   0              25.142             46.5909
                  25                  60                   0             25.5504             44.3182
                  25                  70                   0             26.3672             43.1818
                  25                  80                   0             27.2727             40.3409
                  25                  90                   0             28.4446             39.2045
                  25                 100                   0             29.3857             36.9318
                  25                 110                   0              30.522             36.3636
                  25                 120                   0             31.7116             35.7955
                  25                 130                   0             32.7947             35.7955
                  25                 140                   0             33.8956             35.2273
                  25                 150                   0             35.3161             34.0909
                  25                 160                   0              36.772             33.5227
                  25                 170                   0             38.7607             29.5455
                  25                 180                   0             39.3999             27.8409
                  25                 190                   0             41.1754             27.8409
                  25                 200                   0             42.8622             26.7045
                  25                 210                   0             44.4957             25.5682
                  25                 220                   0             46.2536                  25
                  25                 230                   0             47.6918             23.2955
                  25                 240                   0             49.9112             22.7273
                  25                 250                   0             51.2784             21.5909
                  25                 260                   0             52.5568             20.4545
                  25                 270                   0             54.2791               18.75
                  25                 280                   0             55.8061             18.1818
                  25                 290                   0               57.12             17.0455
                  25                 300                   0             58.8601             15.9091
                  25                 310                   0             60.1207             15.9091
                  25                 320                   0             60.4226             15.9091
                  25                 330                   0             61.2393             14.7727
                  25                 340                   0             61.8963             13.6364
                  25                 350                   0             62.9261             13.0682
                  25                 360                   0             66.4062             10.7955
                  25                 370                   0             67.4183             10.7955
                  25                 380                   0             68.3061             10.7955
                  25                 390                   0             69.5135             9.65909
                  25                 400                   0             70.4723             9.09091
                  25                 410                   0             71.3423             9.09091
                  25                 420                   0              72.017             9.09091
                  25                 430                   0             72.9048             9.09091
                  25                 440                   0             73.9347             7.95455
                  25                 450                   0              74.343             7.95455
                  25                 460                   0             74.7159             7.38636
                  25                 470                   0             75.5327             7.38636
                  25                 480                   0             75.8878             6.81818
                  25                 490                   0             78.3381             3.97727
                  25                 500                   0             79.1371             3.97727
                  25                 510                   0             80.3267             3.97727
                  25                 520                   0             80.6108             3.97727
                  25                 530                   0             81.1257             3.97727
                  25                 540                   0             81.6761             3.40909
                  25                 550                   0             82.2266             3.40909
                  25                 560                   0             82.6172             3.40909
                  25                 570                   0             83.0788             3.40909
                  25                 580                   0             83.9844             3.40909
                  25                 590                   0             84.3395             3.40909
                  25                 600                   0             84.8366             3.40909
                  25                 610                   0             85.1562             3.40909
                  25                 620                   0             85.2628             3.40909
                  25                 630                   0             85.6179             3.40909
                  25                 640                   0             86.1328             3.40909
                  25                 650                   0             86.2926             3.40909
                  25                 660                   0             86.4347             3.40909
                  25                 670                   0             86.6122             3.40909
                  25                 680                   0             87.1094             3.40909
                  25                 690                   0             87.2514             3.40909
                  25                 700                   0              87.571             3.40909
                  25                 710                   0             87.9794             3.40909
                  25                 720                   0             88.6364             3.40909
                  25                 730                   0             88.8139             3.40909
                  25                 740                   0             89.0092             3.40909
                  25                 750                   0             89.5952             3.40909
                  25                 760                   0             89.6307             3.40909
                  25                 770                   0             89.7017             3.40909
                  25                 780                   0             90.2521             3.40909
                  25                 790                   0             90.4474             3.40909
                  25                 800                   0             90.9801             3.40909
                  25                 810                   0             91.3175             3.40909
                  25                 820                   0             91.3707             3.40909
                  25                 830                   0             91.8146             3.40909
                  25                 840                   0             92.0987             3.40909
                  25                 850                   0             92.8622             3.40909
                  25                 860                   0             92.9688             2.84091
                  25                 870                   0             94.1051             2.84091
                  25                 880                   0             94.2294             2.84091
                  25                 890                   0             94.4247             2.84091
                  25                 900                   0             94.5312             2.84091
                  25                 910                   0             94.9041             2.27273
                  25                 920                   0             94.9396             2.27273
                  25                 930                   0             95.2237             2.27273
                  25                 940                   0             95.3125             2.27273
                  25                 950                   0             95.6321             1.70455
                  25                 960                   0             95.7209             1.70455
                  25                 970                   0             95.7741             1.70455
                  25                 980                   0             95.8097             1.70455
                  25                 990                   0             95.8452             1.70455
                  25                1000                   0             95.8452             1.70455
