                  75                   0                   0             57.8835             22.1591
                  75                  10                   0             64.1335             14.7727
                  75                  20                   0              65.554             14.7727
                  75                  30                   0             66.7259             14.7727
                  75                  40                   0             68.4304             11.3636
                  75                  50                   0             68.9986             11.3636
                  75                  60                   0             69.8686             10.7955
                  75                  70                   0             70.7031             10.2273
                  75                  80                   0             71.1115             9.65909
                  75                  90                   0             71.3778             9.65909
                  75                 100                   0             71.8217             8.52273
                  75                 110                   0             72.7983             5.11364
                  75                 120                   0             73.7038             3.97727
                  75                 130                   0              74.343             3.40909
                  75                 140                   0             74.7692             3.40909
                  75                 150                   0             75.3374             3.40909
                  75                 160                   0             76.0831             2.84091
                  75                 170                   0             76.9709             2.84091
                  75                 180                   0             77.2727             2.84091
                  75                 190                   0             78.3381             2.84091
                  75                 200                   0             78.7997             2.84091
                  75                 210                   0             79.3146             2.84091
                  75                 220                   0              79.794             2.84091
                  75                 230                   0              80.522             2.84091
                  75                 240                   0             80.9837             2.84091
                  75                 250                   0             81.3033             2.84091
                  75                 260                   0             81.6939             2.84091
                  75                 270                   0             81.9602             2.84091
                  75                 280                   0             82.3686             2.84091
                  75                 290                   0             82.7947             2.84091
                  75                 300                   0             83.5582             2.84091
                  75                 310                   0             83.9311             2.84091
                  75                 320                   0             84.3928             2.84091
                  75                 330                   0             84.8899             2.84091
                  75                 340                   0             85.3693             2.84091
                  75                 350                   0             85.5824             2.84091
                  75                 360                   0             85.6712             2.84091
                  75                 370                   0             86.5234             2.84091
                  75                 380                   0             86.8608             2.84091
                  75                 390                   0             87.1626             2.84091
                  75                 400                   0              87.429             2.84091
                  75                 410                   0             87.7131             2.84091
                  75                 420                   0             87.9439             2.84091
                  75                 430                   0             88.2102             2.84091
                  75                 440                   0             88.4588             2.84091
                  75                 450                   0             88.8317             2.84091
                  75                 460                   0             89.2578             2.84091
                  75                 470                   0             89.5241             2.84091
                  75                 480                   0             89.9858             2.84091
                  75                 490                   0             91.1222             2.27273
                  75                 500                   0             91.8324             2.27273
                  75                 510                   0             93.1463             2.27273
                  75                 520                   0              93.679             2.27273
                  75                 530                   0             94.4247             2.27273
                  75                 540                   0             94.9396             2.27273
                  75                 550                   0             95.3835             2.27273
                  75                 560                   0             95.8629             2.27273
                  75                 570                   0             96.0227             2.27273
                  75                 580                   0             96.2891             2.27273
                  75                 590                   0             96.5554             2.27273
                  75                 600                   0              96.733             2.27273
                  75                 610                   0             96.7862             2.27273
                  75                 620                   0             96.8928             2.27273
                  75                 630                   0             97.1236             1.70455
                  75                 640                   0             97.4964             1.70455
                  75                 650                   0             97.7983             1.70455
                  75                 660                   0             97.8871             1.70455
                  75                 670                   0             97.9759             1.70455
                  75                 680                   0             98.0469             1.70455
                  75                 690                   0             98.0646             1.70455
                  75                 700                   0             98.0824             1.70455
                  75                 710                   0             98.2067             1.70455
                  75                 720                   0             98.2067             1.70455
                  75                 730                   0             98.2244             1.70455
                  75                 740                   0             98.2244             1.70455
                  75                 750                   0             98.2422             1.70455
                  75                 760                   0             98.3665             1.13636
                  75                 770                   0             98.3842             1.13636
                  75                 780                   0             98.4197             1.13636
                  75                 790                   0             98.4553             1.13636
                  75                 800                   0             98.4553             1.13636
                  75                 810                   0             98.4553             1.13636
                  75                 820                   0             98.5618             1.13636
                  75                 830                   0             98.6151             1.13636
                  75                 840                   0             98.6151             1.13636
                  75                 850                   0             98.6328             1.13636
                  75                 860                   0             98.6328             1.13636
                  75                 870                   0             98.6328             1.13636
                  75                 880                   0             98.6506             1.13636
                  75                 890                   0             98.6683             1.13636
                  75                 900                   0             98.7571            0.568182
                  75                 910                   0             98.7749            0.568182
                  75                 920                   0             98.7749            0.568182
                  75                 930                   0             98.7926            0.568182
                  75                 940                   0             98.8104            0.568182
                  75                 950                   0             98.8459            0.568182
                  75                 960                   0             98.8459            0.568182
                  75                 970                   0             98.8814            0.568182
                  75                 980                   0             98.8814            0.568182
                  75                 990                   0             98.8991            0.568182
                  75                1000                   0             98.8991            0.568182
