                   5                   0                   0             4.10156             89.2045
                   5                  10                   0             4.38565             88.0682
                   5                  20                   0             4.49219             88.6364
                   5                  30                   0             4.65199             88.0682
                   5                  40                   0             4.98935                87.5
                   5                  50                   0              5.1669             88.0682
                   5                  60                   0              5.1669             88.0682
                   5                  70                   0             5.29119                87.5
                   5                  80                   0             5.45099             85.7955
                   5                  90                   0             5.91264             85.2273
                   5                 100                   0             6.16122             84.6591
                   5                 110                   0             6.48082             83.5227
                   5                 120                   0             6.62287             82.9545
                   5                 130                   0             6.90696             82.9545
                   5                 140                   0              6.8892             82.9545
                   5                 150                   0             7.12003               81.25
                   5                 160                   0             7.24432             80.6818
                   5                 170                   0             7.58168             80.1136
                   5                 180                   0             7.93679             77.8409
                   5                 190                   0             8.20312             76.7045
                   5                 200                   0              8.4517             75.5682
                   5                 210                   0             8.96662                  75
                   5                 220                   0             9.51705             71.0227
                   5                 230                   0             10.1918               68.75
                   5                 240                   0             10.8132             65.9091
                   5                 250                   0             11.1683             64.2045
                   5                 260                   0             11.6122             63.6364
                   5                 270                   0             12.2337             61.3636
                   5                 280                   0             13.4943             57.9545
                   5                 290                   0             14.2401               56.25
                   5                 300                   0             15.0391             55.1136
                   5                 310                   0             16.0334             53.4091
                   5                 320                   0             17.1342             52.2727
                   5                 330                   0             18.1996             50.5682
                   5                 340                   0             18.6967             50.5682
                   5                 350                   0             19.7798             48.8636
                   5                 360                   0             20.6499             47.7273
                   5                 370                   0             21.4489             47.7273
                   5                 380                   0             22.5852             47.7273
                   5                 390                   0             24.4141             45.4545
                   5                 400                   0             25.9943             44.3182
                   5                 410                   0             27.9297             43.1818
                   5                 420                   0             29.5987             40.9091
                   5                 430                   0             31.6761             39.7727
                   5                 440                   0             33.2564             40.3409
                   5                 450                   0             34.4815             39.7727
                   5                 460                   0              37.642                37.5
                   5                 470                   0             38.9382                37.5
                   5                 480                   0              42.152             35.2273
                   5                 490                   0             43.6257             34.0909
                   5                 500                   0             44.9929             32.9545
                   5                 510                   0             46.1293             30.1136
                   5                 520                   0             46.6974             29.5455
                   5                 530                   0             48.6151             26.7045
                   5                 540                   0             48.2777             27.2727
                   5                 550                   0             49.7514             27.2727
                   5                 560                   0             50.5327             27.2727
                   5                 570                   0             53.2315             24.4318
                   5                 580                   0             55.6641             21.5909
                   5                 590                   0             56.1612             21.5909
                   5                 600                   0             57.0312             21.0227
                   5                 610                   0             57.5994             20.4545
                   5                 620                   0             59.6058             20.4545
                   5                 630                   0             60.5291             19.3182
                   5                 640                   0              62.642             19.3182
                   5                 650                   0             63.2102             18.1818
                   5                 660                   0             63.7962             18.1818
                   5                 670                   0             64.7195             18.1818
                   5                 680                   0             65.2344             18.1818
                   5                 690                   0             66.0334             17.6136
                   5                 700                   0             66.9389             17.6136
                   5                 710                   0              67.223             17.6136
                   5                 720                   0             67.6314             17.6136
                   5                 730                   0             68.3771             16.4773
                   5                 740                   0             68.8743             16.4773
                   5                 750                   0             69.0696             16.4773
                   5                 760                   0             70.3303             15.3409
                   5                 770                   0             71.2536             15.3409
                   5                 780                   0             71.9815             15.3409
                   5                 790                   0             73.0114             14.7727
                   5                 800                   0             73.7571             14.7727
                   5                 810                   0             74.7869             14.7727
                   5                 820                   0             76.0121                12.5
                   5                 830                   0             76.4205             11.3636
                   5                 840                   0             77.0241             10.7955
                   5                 850                   0             77.0774             10.7955
                   5                 860                   0             77.5036             10.7955
                   5                 870                   0             78.6577             9.65909
                   5                 880                   0             79.1726             9.65909
                   5                 890                   0             79.9893             9.09091
                   5                 900                   0             80.8416             8.52273
                   5                 910                   0             81.6229             8.52273
                   5                 920                   0              82.049             8.52273
                   5                 930                   0               82.12             8.52273
                   5                 940                   0             82.3509             8.52273
                   5                 950                   0             82.7237             7.95455
                   5                 960                   0             83.0433             7.95455
                   5                 970                   0             83.3097             7.95455
                   5                 980                   0             83.5227             7.95455
                   5                 990                   0             83.8778             7.38636
                   5                1000                   0             83.9844             7.38636
