                  45                   0                   0             35.7777             36.9318
                  45                  10                   0             39.0092             34.0909
                  45                  20                   0             40.9268             31.8182
                  45                  30                   0             41.9389             30.6818
                  45                  40                   0             43.3771             28.4091
                  45                  50                   0             44.7443             27.8409
                  45                  60                   0             46.4844             26.7045
                  45                  70                   0             48.7038             26.7045
                  45                  80                   0             50.0533                  25
                  45                  90                   0             53.4268             21.5909
                  45                 100                   0             54.8828             20.4545
                  45                 110                   0              56.179             19.8864
                  45                 120                   0             57.5462             19.3182
                  45                 130                   0              58.647               18.75
                  45                 140                   0             59.7656             17.6136
                  45                 150                   0             60.7244             17.6136
                  45                 160                   0             62.3402             16.4773
                  45                 170                   0             63.5298             14.2045
                  45                 180                   0             64.5419             13.6364
                  45                 190                   0              65.554             13.6364
                  45                 200                   0             66.7791             11.9318
                  45                 210                   0             67.4716             11.3636
                  45                 220                   0             69.0341             9.09091
                  45                 230                   0             69.3714             9.09091
                  45                 240                   0             69.9751             8.52273
                  45                 250                   0             70.3658             8.52273
                  45                 260                   0             70.9872             7.95455
                  45                 270                   0              71.733             7.38636
                  45                 280                   0             72.7273             7.38636
                  45                 290                   0             73.1889             6.81818
                  45                 300                   0             73.9524             6.81818
                  45                 310                   0             75.1776             4.54545
                  45                 320                   0             76.0121             3.40909
                  45                 330                   0             76.9531             2.84091
                  45                 340                   0             77.4503             2.84091
                  45                 350                   0             78.0895             2.84091
                  45                 360                   0             78.4624             2.84091
                  45                 370                   0              78.995             2.84091
                  45                 380                   0             80.1314             2.84091
                  45                 390                   0             80.6108             2.84091
                  45                 400                   0             81.0547             2.84091
                  45                 410                   0             81.7472             2.84091
                  45                 420                   0             82.6705             2.84091
                  45                 430                   0             83.0611             2.84091
                  45                 440                   0             83.3097             2.84091
                  45                 450                   0             83.7536             2.84091
                  45                 460                   0             84.0554             2.84091
                  45                 470                   0             84.3572             2.84091
                  45                 480                   0             84.7479             2.84091
                  45                 490                   0             85.1207             2.84091
                  45                 500                   0             85.2805             2.84091
                  45                 510                   0             85.7067             2.84091
                  45                 520                   0             85.8842             2.84091
                  45                 530                   0             86.2749             2.84091
                  45                 540                   0             86.5234             2.84091
                  45                 550                   0             86.8075             2.84091
                  45                 560                   0             87.0916             2.84091
                  45                 570                   0             87.1449             2.84091
                  45                 580                   0             87.3935             2.84091
                  45                 590                   0             87.7486             2.84091
                  45                 600                   0             88.3878             2.84091
                  45                 610                   0             89.9148             2.84091
                  45                 620                   0             90.2166             2.84091
                  45                 630                   0             92.6491             2.27273
                  45                 640                   0             93.5724             2.27273
                  45                 650                   0             93.9453             2.27273
                  45                 660                   0             94.1939             2.27273
                  45                 670                   0             94.3714             2.27273
                  45                 680                   0             94.6911             2.27273
                  45                 690                   0             94.7798             2.27273
                  45                 700                   0             95.0462             2.27273
                  45                 710                   0             96.4134             2.27273
                  45                 720                   0             96.6087             1.70455
                  45                 730                   0             96.6264             1.70455
                  45                 740                   0             96.7862             1.70455
                  45                 750                   0             97.0348             1.70455
                  45                 760                   0             97.1591             1.70455
                  45                 770                   0             97.2479             1.70455
                  45                 780                   0             97.2656             1.70455
                  45                 790                   0             97.3899             1.70455
                  45                 800                   0             97.4787             1.70455
                  45                 810                   0             97.6562             1.70455
                  45                 820                   0             97.6562             1.70455
                  45                 830                   0             97.8161             1.13636
                  45                 840                   0             97.8516             1.13636
                  45                 850                   0             97.9581             1.13636
                  45                 860                   0             97.9759             1.13636
                  45                 870                   0             98.0646             1.13636
                  45                 880                   0             98.0646             1.13636
                  45                 890                   0             98.0824             1.13636
                  45                 900                   0             98.0824             1.13636
                  45                 910                   0             98.1001             1.13636
                  45                 920                   0             98.1179             1.13636
                  45                 930                   0             98.1357             1.13636
                  45                 940                   0             98.1357             1.13636
                  45                 950                   0             98.2599             1.13636
                  45                 960                   0             98.2599             1.13636
                  45                 970                   0             98.3842            0.568182
                  45                 980                   0             98.3842            0.568182
                  45                 990                   0             98.4375            0.568182
                  45                1000                   0             98.4375            0.568182
