                  15                   0                   0             12.8729             65.9091
                  15                  10                   0             13.2457             64.7727
                  15                  20                   0             13.5298             64.2045
                  15                  30                   0             13.7962                62.5
                  15                  40                   0             14.1513                62.5
                  15                  50                   0             14.6484             61.3636
                  15                  60                   0             15.3232             60.7955
                  15                  70                   0             15.8026             59.6591
                  15                  80                   0             16.8679             57.9545
                  15                  90                   0             17.3118             57.3864
                  15                 100                   0             17.6847               56.25
                  15                 110                   0             18.3949             54.5455
                  15                 120                   0             19.1051             53.4091
                  15                 130                   0             20.2592             52.8409
                  15                 140                   0             21.0405                  50
                  15                 150                   0             21.7862                  50
                  15                 160                   0             22.4964             47.7273
                  15                 170                   0             23.2955             46.0227
                  15                 180                   0             24.1477             46.0227
                  15                 190                   0             24.9467               43.75
                  15                 200                   0             25.6214             40.9091
                  15                 210                   0             26.8643             38.0682
                  15                 220                   0             27.5923             36.3636
                  15                 230                   0             29.2436             34.0909
                  15                 240                   0             30.5753             33.5227
                  15                 250                   0             32.6349             32.9545
                  15                 260                   0             33.3629             32.9545
                  15                 270                   0             34.6946             31.8182
                  15                 280                   0             35.7599             31.8182
                  15                 290                   0             37.4645             30.1136
                  15                 300                   0             39.4354             29.5455
                  15                 310                   0             40.6072             28.9773
                  15                 320                   0             42.6136             26.7045
                  15                 330                   0             44.6733             26.1364
                  15                 340                   0             45.5611             26.1364
                  15                 350                   0             47.7273             26.1364
                  15                 360                   0              49.343                  25
                  15                 370                   0             50.3018             24.4318
                  15                 380                   0             51.8821             22.1591
                  15                 390                   0             54.2791             21.5909
                  15                 400                   0             56.0369             21.5909
                  15                 410                   0             56.7649             21.0227
                  15                 420                   0              57.777             21.0227
                  15                 430                   0             58.4517             19.8864
                  15                 440                   0             59.2507             19.3182
                  15                 450                   0             61.0618             18.1818
                  15                 460                   0             63.6364             17.0455
                  15                 470                   0             68.0398             10.2273
                  15                 480                   0             69.3892             9.65909
                  15                 490                   0             70.8629             9.09091
                  15                 500                   0             71.3423             9.09091
                  15                 510                   0              71.733             9.09091
                  15                 520                   0             72.0526             9.09091
                  15                 530                   0             73.0114             8.52273
                  15                 540                   0             73.3132             8.52273
                  15                 550                   0             74.0412             7.95455
                  15                 560                   0              75.142             7.95455
                  15                 570                   0             76.1896             7.38636
                  15                 580                   0             76.6513                6.25
                  15                 590                   0             77.3082             5.68182
                  15                 600                   0             77.9474             5.68182
                  15                 610                   0             78.6222                6.25
                  15                 620                   0             79.1016                6.25
                  15                 630                   0             79.4034                6.25
                  15                 640                   0             81.7649             4.54545
                  15                 650                   0             82.5462             4.54545
                  15                 660                   0             83.2386             3.97727
                  15                 670                   0             83.2741             4.54545
                  15                 680                   0             83.6293             4.54545
                  15                 690                   0             83.7536             4.54545
                  15                 700                   0             84.1619             3.97727
                  15                 710                   0             84.5526             3.97727
                  15                 720                   0             84.9609             3.97727
                  15                 730                   0             85.4226             3.97727
                  15                 740                   0             85.7244             3.97727
                  15                 750                   0              85.973             3.97727
                  15                 760                   0             86.2393             3.97727
                  15                 770                   0             87.1271             3.97727
                  15                 780                   0             87.2337             3.97727
                  15                 790                   0             87.4467             3.40909
                  15                 800                   0             87.8729             3.40909
                  15                 810                   0             88.1214             3.40909
                  15                 820                   0             88.2457             3.40909
                  15                 830                   0             88.6009             3.40909
                  15                 840                   0             89.0625             3.40909
                  15                 850                   0             89.5774             3.40909
                  15                 860                   0             90.0923             3.40909
                  15                 870                   0             90.3409             3.40909
                  15                 880                   0             91.8146             3.40909
                  15                 890                   0             91.9212             2.84091
                  15                 900                   0             93.1108             2.84091
                  15                 910                   0             93.2884             2.84091
                  15                 920                   0             93.5547             2.84091
                  15                 930                   0             93.7855             2.84091
                  15                 940                   0             94.2649             2.27273
                  15                 950                   0             94.3182             2.27273
                  15                 960                   0             94.3537             2.27273
                  15                 970                   0             94.4247             2.27273
                  15                 980                   0             94.5668             2.27273
                  15                 990                   0             94.9929             1.70455
                  15                1000                   0             95.0639             1.70455
