                  95                   0                   0             66.9922             15.3409
                  95                  10                   0              71.946             9.09091
                  95                  20                   0             72.5675             8.52273
                  95                  30                   0              73.402             6.81818
                  95                  40                   0             73.6683                6.25
                  95                  50                   0             75.0355             3.40909
                  95                  60                   0             75.5504             2.84091
                  95                  70                   0             75.8523             2.84091
                  95                  80                   0             76.5447             2.84091
                  95                  90                   0             77.0597             2.84091
                  95                 100                   0             77.6989             2.84091
                  95                 110                   0             78.1605             2.84091
                  95                 120                   0             78.8175             2.84091
                  95                 130                   0             79.1903             2.84091
                  95                 140                   0             79.6697             2.84091
                  95                 150                   0             80.1669             2.84091
                  95                 160                   0             80.6818             2.84091
                  95                 170                   0             81.2678             2.84091
                  95                 180                   0             81.8004             2.84091
                  95                 190                   0             82.0668             2.84091
                  95                 200                   0             82.4041             2.84091
                  95                 210                   0             82.7415             2.84091
                  95                 220                   0             83.0256             2.84091
                  95                 230                   0             83.4695             2.84091
                  95                 240                   0             83.6825             2.84091
                  95                 250                   0             84.1974             2.84091
                  95                 260                   0             84.7479             2.84091
                  95                 270                   0              85.174             2.84091
                  95                 280                   0             85.3871             2.84091
                  95                 290                   0             86.1683             2.84091
                  95                 300                   0             86.3459             2.84091
                  95                 310                   0             86.6832             2.84091
                  95                 320                   0             86.9318             2.84091
                  95                 330                   0             87.2692             2.84091
                  95                 340                   0             87.7308             2.84091
                  95                 350                   0             88.1392             2.84091
                  95                 360                   0             88.5653             2.84091
                  95                 370                   0             88.7607             2.84091
                  95                 380                   0             88.8494             2.84091
                  95                 390                   0             88.9382             2.84091
                  95                 400                   0             89.3999             2.84091
                  95                 410                   0             89.6484             2.84091
                  95                 420                   0             90.2521             2.84091
                  95                 430                   0             90.5007             2.84091
                  95                 440                   0             91.5838             2.27273
                  95                 450                   0             92.7024             2.27273
                  95                 460                   0             93.0043             2.27273
                  95                 470                   0             94.2827             2.27273
                  95                 480                   0               94.62             2.27273
                  95                 490                   0             95.0107             2.27273
                  95                 500                   0             95.6143             2.27273
                  95                 510                   0             95.7919             2.27273
                  95                 520                   0             95.9695             2.27273
                  95                 530                   0              96.147             2.27273
                  95                 540                   0             96.5376             2.27273
                  95                 550                   0             96.6264             2.27273
                  95                 560                   0             96.9105             2.27273
                  95                 570                   0             97.5142             1.70455
                  95                 580                   0             97.6918             1.70455
                  95                 590                   0             97.7628             1.70455
                  95                 600                   0             97.9403             1.70455
                  95                 610                   0             98.1179             1.70455
                  95                 620                   0             98.1534             1.70455
                  95                 630                   0             98.1889             1.70455
                  95                 640                   0             98.1889             1.70455
                  95                 650                   0              98.331             1.70455
                  95                 660                   0              98.331             1.70455
                  95                 670                   0              98.331             1.70455
                  95                 680                   0              98.331             1.70455
                  95                 690                   0              98.331             1.70455
                  95                 700                   0             98.3487             1.70455
                  95                 710                   0             98.3665             1.70455
                  95                 720                   0              98.473             1.13636
                  95                 730                   0             98.4908             1.13636
                  95                 740                   0              98.544             1.13636
                  95                 750                   0              98.544             1.13636
                  95                 760                   0             98.5618             1.13636
                  95                 770                   0             98.5618             1.13636
                  95                 780                   0             98.5618             1.13636
                  95                 790                   0             98.5618             1.13636
                  95                 800                   0             98.5618             1.13636
                  95                 810                   0             98.6151             1.13636
                  95                 820                   0             98.6328             1.13636
                  95                 830                   0             98.6328             1.13636
                  95                 840                   0             98.6328             1.13636
                  95                 850                   0             98.6506             1.13636
                  95                 860                   0             98.7571            0.568182
                  95                 870                   0             98.7571            0.568182
                  95                 880                   0             98.7749            0.568182
                  95                 890                   0             98.8104            0.568182
                  95                 900                   0             98.8281            0.568182
                  95                 910                   0             98.8281            0.568182
                  95                 920                   0             98.8459            0.568182
                  95                 930                   0             98.8814            0.568182
                  95                 940                   0             98.8814            0.568182
                  95                 950                   0             98.8814            0.568182
                  95                 960                   0             98.8991            0.568182
                  95                 970                   0             99.0234                   0
                  95                 980                   0             99.2543                   0
                  95                 990                   0             99.2543                   0
                  95                1000                   0             99.3075                   0
