                  60                   0                   0              47.674             25.5682
                  60                  10                   0             53.2493             23.8636
                  60                  20                   0             55.3445             21.0227
                  60                  30                   0             56.6229             19.8864
                  60                  40                   0             58.7003             15.9091
                  60                  50                   0             60.1562             15.9091
                  60                  60                   0             61.6477             15.9091
                  60                  70                   0             63.4055             15.3409
                  60                  80                   0             64.8438             14.7727
                  60                  90                   0             66.0156             14.7727
                  60                 100                   0             66.9744             14.7727
                  60                 110                   0             68.5014             11.3636
                  60                 120                   0             69.1761             10.7955
                  60                 130                   0             69.6378             10.7955
                  60                 140                   0             70.6676             7.95455
                  60                 150                   0             71.2003             7.95455
                  60                 160                   0             71.5554             7.95455
                  60                 170                   0              71.804             7.95455
                  60                 180                   0             72.7628             5.68182
                  60                 190                   0             73.7393             4.54545
                  60                 200                   0             74.2898             4.54545
                  60                 210                   0             75.1776             2.84091
                  60                 220                   0             75.6925             2.84091
                  60                 230                   0             76.6158             2.84091
                  60                 240                   0             77.1307             2.84091
                  60                 250                   0             77.6811             2.84091
                  60                 260                   0             78.2848             2.84091
                  60                 270                   0             78.6932             2.84091
                  60                 280                   0             79.4922             2.84091
                  60                 290                   0               80.38             2.84091
                  60                 300                   0             80.4865             2.84091
                  60                 310                   0             80.9126             2.84091
                  60                 320                   0              81.392             2.84091
                  60                 330                   0             81.7827             2.84091
                  60                 340                   0             82.2088             2.84091
                  60                 350                   0             83.2386             2.84091
                  60                 360                   0             83.5405             2.84091
                  60                 370                   0             84.0554             2.84091
                  60                 380                   0             84.2862             2.84091
                  60                 390                   0             84.9077             2.84091
                  60                 400                   0             85.2805             2.84091
                  60                 410                   0             85.7067             2.84091
                  60                 420                   0              86.044             2.84091
                  60                 430                   0             86.7188             2.84091
                  60                 440                   0             86.8786             2.84091
                  60                 450                   0             87.3757             2.84091
                  60                 460                   0             87.4645             2.84091
                  60                 470                   0             87.7663             2.84091
                  60                 480                   0             88.0327             2.84091
                  60                 490                   0              88.228             2.84091
                  60                 500                   0             88.7962             2.84091
                  60                 510                   0             89.0625             2.84091
                  60                 520                   0             89.6307             2.84091
                  60                 530                   0             91.0866             2.27273
                  60                 540                   0             91.8324             2.27273
                  60                 550                   0             92.4538             2.27273
                  60                 560                   0             93.9098             2.27273
                  60                 570                   0             94.4602             2.27273
                  60                 580                   0             95.0284             2.27273
                  60                 590                   0             95.3303             2.27273
                  60                 600                   0             95.9517             2.27273
                  60                 610                   0             96.1293             2.27273
                  60                 620                   0             96.2536             2.27273
                  60                 630                   0             96.4844             2.27273
                  60                 640                   0             96.6264             2.27273
                  60                 650                   0              96.804             2.27273
                  60                 660                   0              96.946             2.27273
                  60                 670                   0             97.1591             1.70455
                  60                 680                   0             97.4077             1.70455
                  60                 690                   0             97.4609             1.70455
                  60                 700                   0             97.8161             1.70455
                  60                 710                   0             97.8338             1.70455
                  60                 720                   0             97.8693             1.70455
                  60                 730                   0             98.0469             1.70455
                  60                 740                   0             98.0469             1.70455
                  60                 750                   0             98.1001             1.70455
                  60                 760                   0             98.1001             1.70455
                  60                 770                   0             98.1179             1.70455
                  60                 780                   0             98.1357             1.70455
                  60                 790                   0             98.2777             1.13636
                  60                 800                   0             98.2955             1.13636
                  60                 810                   0             98.3132             1.13636
                  60                 820                   0              98.331             1.13636
                  60                 830                   0             98.4553             1.13636
                  60                 840                   0             98.4553             1.13636
                  60                 850                   0             98.5085             1.13636
                  60                 860                   0             98.5085             1.13636
                  60                 870                   0             98.5263             1.13636
                  60                 880                   0             98.5263             1.13636
                  60                 890                   0             98.5263             1.13636
                  60                 900                   0              98.544             1.13636
                  60                 910                   0              98.544             1.13636
                  60                 920                   0             98.5618             1.13636
                  60                 930                   0             98.6506            0.568182
                  60                 940                   0             98.6683            0.568182
                  60                 950                   0             98.7749            0.568182
                  60                 960                   0             98.7926            0.568182
                  60                 970                   0             98.8104            0.568182
                  60                 980                   0             98.8281            0.568182
                  60                 990                   0             98.8814            0.568182
                  60                1000                   0             98.8814            0.568182
