                  70                   0                   0             54.1903             23.8636
                  70                  10                   0             60.7244             15.9091
                  70                  20                   0             62.3402             15.3409
                  70                  30                   0             64.0092             14.7727
                  70                  40                   0             65.3942             14.7727
                  70                  50                   0             66.6726             14.7727
                  70                  60                   0             68.3416             11.3636
                  70                  70                   0             69.1051             11.3636
                  70                  80                   0             69.7621             10.7955
                  70                  90                   0              70.206             10.2273
                  70                 100                   0             71.0582             9.65909
                  70                 110                   0             71.3601             9.09091
                  70                 120                   0             71.6087             7.95455
                  70                 130                   0             72.2479             6.81818
                  70                 140                   0             72.9936             5.68182
                  70                 150                   0              74.343             3.40909
                  70                 160                   0             74.7337             3.40909
                  70                 170                   0             75.1598             3.40909
                  70                 180                   0             75.8168             2.84091
                  70                 190                   0             76.6335             2.84091
                  70                 200                   0             77.0952             2.84091
                  70                 210                   0             77.8942             2.84091
                  70                 220                   0             78.8175             2.84091
                  70                 230                   0             79.1371             2.84091
                  70                 240                   0             79.4744             2.84091
                  70                 250                   0               80.38             2.84091
                  70                 260                   0             80.9482             2.84091
                  70                 270                   0             81.4986             2.84091
                  70                 280                   0             81.8359             2.84091
                  70                 290                   0             82.0845             2.84091
                  70                 300                   0             82.3153             2.84091
                  70                 310                   0             82.6349             2.84091
                  70                 320                   0             83.5227             2.84091
                  70                 330                   0             84.0021             2.84091
                  70                 340                   0             84.4993             2.84091
                  70                 350                   0             84.8544             2.84091
                  70                 360                   0             85.3338             2.84091
                  70                 370                   0             85.6001             2.84091
                  70                 380                   0             86.0795             2.84091
                  70                 390                   0             86.5412             2.84091
                  70                 400                   0             87.0028             2.84091
                  70                 410                   0             87.2692             2.84091
                  70                 420                   0                87.5             2.84091
                  70                 430                   0             87.7308             2.84091
                  70                 440                   0             87.9261             2.84091
                  70                 450                   0              88.228             2.84091
                  70                 460                   0             88.5653             2.84091
                  70                 470                   0              88.956             2.84091
                  70                 480                   0             89.4176             2.84091
                  70                 490                   0              89.968             2.84091
                  70                 500                   0             90.5185             2.84091
                  70                 510                   0             91.6016             2.27273
                  70                 520                   0             92.2053             2.27273
                  70                 530                   0             93.3949             2.27273
                  70                 540                   0             94.1761             2.27273
                  70                 550                   0             94.8153             2.27273
                  70                 560                   0             95.3125             2.27273
                  70                 570                   0             95.7386             2.27273
                  70                 580                   0             95.9517             2.27273
                  70                 590                   0             96.2536             2.27273
                  70                 600                   0             96.4666             2.27273
                  70                 610                   0             96.6619             2.27273
                  70                 620                   0             96.7507             2.27273
                  70                 630                   0             96.8217             2.27273
                  70                 640                   0             97.1413             1.70455
                  70                 650                   0             97.4254             1.70455
                  70                 660                   0             97.6562             1.70455
                  70                 670                   0             97.8516             1.70455
                  70                 680                   0             97.9403             1.70455
                  70                 690                   0             97.9936             1.70455
                  70                 700                   0             98.0469             1.70455
                  70                 710                   0             98.0824             1.70455
                  70                 720                   0             98.0824             1.70455
                  70                 730                   0             98.1001             1.70455
                  70                 740                   0             98.1001             1.70455
                  70                 750                   0             98.2422             1.70455
                  70                 760                   0             98.2422             1.70455
                  70                 770                   0             98.3665             1.13636
                  70                 780                   0              98.402             1.13636
                  70                 790                   0             98.4197             1.13636
                  70                 800                   0             98.4553             1.13636
                  70                 810                   0             98.4553             1.13636
                  70                 820                   0             98.4553             1.13636
                  70                 830                   0             98.4553             1.13636
                  70                 840                   0             98.5085             1.13636
                  70                 850                   0             98.5085             1.13636
                  70                 860                   0             98.6328             1.13636
                  70                 870                   0             98.6328             1.13636
                  70                 880                   0             98.6328             1.13636
                  70                 890                   0             98.6506             1.13636
                  70                 900                   0             98.6683             1.13636
                  70                 910                   0             98.7571            0.568182
                  70                 920                   0             98.7749            0.568182
                  70                 930                   0             98.7749            0.568182
                  70                 940                   0             98.7926            0.568182
                  70                 950                   0             98.8104            0.568182
                  70                 960                   0             98.8459            0.568182
                  70                 970                   0             98.8814            0.568182
                  70                 980                   0             98.8814            0.568182
                  70                 990                   0             98.8814            0.568182
                  70                1000                   0             98.8991            0.568182
