                  45                   0                   0             1.04759             54.5455              55.593
                  45                  10                   0             1.22514             51.1364             52.3615
                  45                  20                   0             1.50923             47.7273             49.2365
                  45                  30                   0             1.63352             47.1591             48.7926
                  45                  40                   0             1.58026               43.75             45.3303
                  45                  50                   0             1.81108             40.9091             42.7202
                  45                  60                   0             2.41477             40.3409             42.7557
                  45                  70                   0             2.59233             39.7727             42.3651
                  45                  80                   0             2.85866             40.3409             43.1996
                  45                  90                   0             3.17827             38.0682             41.2464
                  45                 100                   0             3.88849             32.9545              36.843
                  45                 110                   0             4.22585             34.0909             38.3168
                  45                 120                   0             4.35014             28.9773             33.3274
                  45                 130                   0             4.77628             33.5227              38.299
                  45                 140                   0             5.20241               31.25             36.4524
                  45                 150                   0             5.45099             27.8409             33.2919
                  45                 160                   0             5.57528             22.7273             28.3026
                  45                 170                   0             6.62287             20.4545             27.0774
                  45                 180                   0             7.47514             21.5909             29.0661
                  45                 190                   0             8.43395             21.5909             30.0249
                  45                 200                   0             9.09091             19.3182             28.4091
                  45                 210                   0             9.16193             19.3182             28.4801
                  45                 220                   0             10.0142             17.6136             27.6278
                  45                 230                   0             9.51705             17.6136             27.1307
                  45                 240                   0             10.1918             17.0455             27.2372
                  45                 250                   0              10.902             17.0455             27.9474
                  45                 260                   0             12.2159             16.4773             28.6932
                  45                 270                   0              12.642             16.4773             29.1193
                  45                 280                   0             13.0149             14.2045             27.2195
                  45                 290                   0             13.9737             14.2045             28.1783
                  45                 300                   0             14.1513             14.2045             28.3558
                  45                 310                   0             14.6484             13.0682             27.7166
                  45                 320                   0             15.0746                12.5             27.5746
                  45                 330                   0              15.625                12.5              28.125
                  45                 340                   0             16.5128             11.3636             27.8764
                  45                 350                   0              17.081             11.3636             28.4446
                  45                 360                   0             17.8977             11.3636             29.2614
                  45                 370                   0             18.1463             10.2273             28.3736
                  45                 380                   0             19.3004             11.3636             30.6641
                  45                 390                   0             20.4013             10.2273             30.6286
                  45                 400                   0             20.6499             9.65909             30.3089
                  45                 410                   0              21.005             9.65909             30.6641
                  45                 420                   0             21.5199             9.65909              31.179
                  45                 430                   0             22.4609             9.65909               32.12
                  45                 440                   0             23.8459             9.65909              33.505
                  45                 450                   0             24.3075             9.65909             33.9666
                  45                 460                   0             25.0533             10.2273             35.2805
                  45                 470                   0             25.6747             10.2273              35.902
                  45                 480                   0             26.4027             10.2273               36.63
                  45                 490                   0             25.7102             11.3636             37.0739
                  45                 500                   0             26.2429             10.7955             37.0384
                  45                 510                   0             28.7109             11.3636             40.0746
                  45                 520                   0             29.3679             11.3636             40.7315
                  45                 530                   0             31.1435             11.3636             42.5071
                  45                 540                   0             32.2798             11.3636             43.6435
                  45                 550                   0             33.1499             11.3636             44.5135
                  45                 560                   0             34.7834             11.3636              46.147
                  45                 570                   0             38.0149             10.7955             48.8104
                  45                 580                   0             41.4062             10.2273             51.6335
                  45                 590                   0             44.2116             10.2273             54.4389
                  45                 600                   0             44.4957             10.2273              54.723
                  45                 610                   0             45.6321             10.2273             55.8594
                  45                 620                   0             46.1648             10.2273              56.392
                  45                 630                   0             46.0227             10.2273               56.25
                  45                 640                   0             49.5916             9.65909             59.2507
                  45                 650                   0              50.728             11.3636             62.0916
                  45                 660                   0             52.7521             11.3636             64.1158
                  45                 670                   0             55.1136             9.09091             64.2045
                  45                 680                   0             57.4751             6.81818             64.2933
                  45                 690                   0             58.3629             6.81818             65.1811
                  45                 700                   0             60.0497                6.25             66.2997
                  45                 710                   0             61.5234             1.13636             62.6598
                  45                 720                   0             61.8963             1.13636             63.0327
                  45                 730                   0             62.3402             1.13636             63.4766
                  45                 740                   0             63.4588             1.13636             64.5952
                  45                 750                   0             64.3288             1.13636             65.4652
                  45                 760                   0             65.0923             1.13636             66.2287
                  45                 770                   0             65.3764             1.13636             66.5128
                  45                 780                   0             65.5007             1.13636             66.6371
                  45                 790                   0             66.8324             1.13636             67.9688
                  45                 800                   0             66.8679             1.13636             68.0043
                  45                 810                   0             66.9034             1.13636             68.0398
                  45                 820                   0             66.9567             1.13636              68.093
                  45                 830                   0             67.0099             1.13636             68.1463
                  45                 840                   0             67.3118             1.13636             68.4482
                  45                 850                   0             71.0582             1.13636             72.1946
                  45                 860                   0             71.4666             1.13636              72.603
                  45                 870                   0             71.6442             1.13636             72.7805
                  45                 880                   0             71.8217             1.13636             72.9581
                  45                 890                   0             71.2536             1.13636             72.3899
                  45                 900                   0             73.1357             1.13636              74.272
                  45                 910                   0             73.2067             1.13636              74.343
                  45                 920                   0             73.2422             1.13636             74.3786
                  45                 930                   0             73.6151             1.13636             74.7514
                  45                 940                   0             73.6683             1.13636             74.8047
                  45                 950                   0               74.13             1.13636             75.2663
                  45                 960                   0               74.13             1.13636             75.2663
                  45                 970                   0              74.201             1.13636             75.3374
                  45                 980                   0             74.5028             1.13636             75.6392
                  45                 990                   0             75.5859             1.13636             76.7223
                  45                1000                   0             75.5859             1.13636             76.7223
