                  85                   0                   0             6.97798             36.9318             43.9098
                  85                  10                   0             7.93679             34.0909             42.0277
                  85                  20                   0             8.27415             33.5227             41.7969
                  85                  30                   0             8.64702             31.8182             40.4652
                  85                  40                   0             9.14418             30.6818              39.826
                  85                  50                   0             8.82457             32.3864             41.2109
                  85                  60                   0             9.78338             33.5227             43.3061
                  85                  70                   0             9.96094             30.6818             40.6428
                  85                  80                   0             10.7599             27.2727             38.0327
                  85                  90                   0             11.8963             26.1364             38.0327
                  85                 100                   0             12.8551             21.5909              34.446
                  85                 110                   0             13.9737             18.1818             32.1555
                  85                 120                   0              14.968             18.1818             33.1499
                  85                 130                   0             15.2166             17.0455             32.2621
                  85                 140                   0              15.625             17.0455             32.6705
                  85                 150                   0             16.2997             15.3409             31.6406
                  85                 160                   0             16.9212             14.2045             31.1257
                  85                 170                   0             17.0455             14.7727             31.8182
                  85                 180                   0             17.6669             14.2045             31.8714
                  85                 190                   0             19.0696             13.0682             32.1378
                  85                 200                   0             19.8509             13.0682              32.919
                  85                 210                   0             20.9695             13.0682             34.0376
                  85                 220                   0             21.9993             13.0682             35.0675
                  85                 230                   0              22.532                12.5              35.032
                  85                 240                   0             23.3487             11.9318             35.2805
                  85                 250                   0             24.7514             11.9318             36.6832
                  85                 260                   0             25.9233             11.9318             37.8551
                  85                 270                   0             27.6634             11.9318             39.5952
                  85                 280                   0             28.6932             11.9318              40.625
                  85                 290                   0             30.1669             10.2273             40.3942
                  85                 300                   0             30.9482             10.2273             41.1754
                  85                 310                   0             33.6825             10.2273             43.9098
                  85                 320                   0             34.1797             9.09091             43.2706
                  85                 330                   0             34.8544             7.95455             42.8089
                  85                 340                   0             35.5646             7.95455             43.5192
                  85                 350                   0             37.7486             8.52273             46.2713
                  85                 360                   0             38.7074             8.52273             47.2301
                  85                 370                   0              40.625             8.52273             49.1477
                  85                 380                   0             42.5426             8.52273             51.0653
                  85                 390                   0             44.2294             8.52273             52.7521
                  85                 400                   0             48.5263             7.95455             56.4808
                  85                 410                   0             51.1364             6.81818             57.9545
                  85                 420                   0              52.255             6.81818             59.0732
                  85                 430                   0             53.5511                6.25             59.8011
                  85                 440                   0              57.049             3.40909             60.4581
                  85                 450                   0             60.3516             3.97727             64.3288
                  85                 460                   0             61.8963             3.97727             65.8736
                  85                 470                   0             62.6243                6.25             68.8743
                  85                 480                   0             63.6186             5.11364             68.7322
                  85                 490                   0             65.3764             5.11364             70.4901
                  85                 500                   0             67.2053             5.11364             72.3189
                  85                 510                   0             68.4659             5.11364             73.5795
                  85                 520                   0             71.7152             4.54545             76.2607
                  85                 530                   0              72.674             3.97727             76.6513
                  85                 540                   0             73.8104             3.97727             77.7876
                  85                 550                   0             75.4616             3.97727             79.4389
                  85                 560                   0             76.0121             3.97727             79.9893
                  85                 570                   0             76.6335             3.97727             80.6108
                  85                 580                   0             79.9183             1.13636             81.0547
                  85                 590                   0             80.9837             1.13636               82.12
                  85                 600                   0             81.2322             1.13636             82.3686
                  85                 610                   0             81.6584             1.13636             82.7947
                  85                 620                   0             81.9957             1.13636             83.1321
                  85                 630                   0             82.4396             1.13636              83.576
                  85                 640                   0             82.6527             1.13636             83.7891
                  85                 650                   0             82.8658             1.13636             84.0021
                  85                 660                   0             83.2564             1.13636             84.3928
                  85                 670                   0              83.505             1.13636             84.6413
                  85                 680                   0             83.6648             1.13636             84.8011
                  85                 690                   0             84.0021             1.13636             85.1385
                  85                 700                   0             84.0732             1.13636             85.2095
                  85                 710                   0             84.2507             1.13636             85.3871
                  85                 720                   0             84.8011             1.13636             85.9375
                  85                 730                   0             84.8722             1.13636             86.0085
                  85                 740                   0             85.0142             1.13636             86.1506
                  85                 750                   0             84.9787             1.13636             86.1151
                  85                 760                   0             85.0852             1.13636             86.2216
                  85                 770                   0             85.1207             1.13636             86.2571
                  85                 780                   0             85.1562             1.13636             86.2926
                  85                 790                   0             85.7244             1.13636             86.8608
                  85                 800                   0             86.0973             1.13636             87.2337
                  85                 810                   0             86.3459             1.13636             87.4822
                  85                 820                   0             86.4524             1.13636             87.5888
                  85                 830                   0             88.7251             1.13636             89.8615
                  85                 840                   0             88.7962             1.13636             89.9325
                  85                 850                   0             88.8317             1.13636              89.968
                  85                 860                   0             88.8849             1.13636             90.0213
                  85                 870                   0             89.0625             1.13636             90.1989
                  85                 880                   0             89.0625             1.13636             90.1989
                  85                 890                   0              89.098             1.13636             90.2344
                  85                 900                   0             89.4531             1.13636             90.5895
                  85                 910                   0             89.4531             1.13636             90.5895
                  85                 920                   0             89.4886             1.13636              90.625
                  85                 930                   0             89.6484             1.13636             90.7848
                  85                 940                   0             89.7195             1.13636             90.8558
                  85                 950                   0             89.9858             1.13636             91.1222
                  85                 960                   0             90.0036             1.13636             91.1399
                  85                 970                   0             90.1278             1.13636             91.2642
                  85                 980                   0             90.1634             1.13636             91.2997
                  85                 990                   0             90.1634             1.13636             91.2997
                  85                1000                   0             90.2521             1.13636             91.3885
