                   5                   0                   0                   0                 100                 100
                   5                  10                   0                   0             98.8636             98.8636
                   5                  20                   0                   0             98.8636             98.8636
                   5                  30                   0                   0             98.8636             98.8636
                   5                  40                   0                   0             98.8636             98.8636
                   5                  50                   0                   0             98.8636             98.8636
                   5                  60                   0                   0             97.7273             97.7273
                   5                  70                   0                   0             97.7273             97.7273
                   5                  80                   0                   0             96.5909             96.5909
                   5                  90                   0                   0             96.5909             96.5909
                   5                 100                   0                   0             96.0227             96.0227
                   5                 110                   0                   0             94.8864             94.8864
                   5                 120                   0                   0               93.75               93.75
                   5                 130                   0                   0             90.9091             90.9091
                   5                 140                   0           0.0355114             85.2273             85.2628
                   5                 150                   0                   0             78.4091             78.4091
                   5                 160                   0                   0             73.2955             73.2955
                   5                 170                   0           0.0887784             71.0227             71.1115
                   5                 180                   0             0.12429             66.4773             66.6016
                   5                 190                   0            0.426136               56.25             56.6761
                   5                 200                   0            0.550426             52.2727             52.8232
                   5                 210                   0            0.372869             48.2955             48.6683
                   5                 220                   0            0.159801             38.6364             38.7962
                   5                 230                   0            0.159801             38.0682              38.228
                   5                 240                   0            0.710227             32.3864             33.0966
                   5                 250                   0            0.745739               31.25             31.9957
                   5                 260                   0             1.04759             36.3636             37.4112
                   5                 270                   0             1.58026             33.5227              35.103
                   5                 280                   0             1.33168             28.9773             30.3089
                   5                 290                   0             1.38494             26.7045             28.0895
                   5                 300                   0             1.81108             28.4091             30.2202
                   5                 310                   0             1.97088             28.4091               30.38
                   5                 320                   0             2.05966                  25             27.0597
                   5                 330                   0             2.09517             22.1591             24.2543
                   5                 340                   0             2.13068             21.5909             23.7216
                   5                 350                   0              2.2017             21.0227             23.2244
                   5                 360                   0             2.75213             25.5682             28.3203
                   5                 370                   0             2.84091             23.2955             26.1364
                   5                 380                   0               3.125             22.7273             25.8523
                   5                 390                   0             3.19602             18.1818             21.3778
                   5                 400                   0             3.26705             17.0455             20.3125
                   5                 410                   0             3.35582             16.4773             19.8331
                   5                 420                   0             3.49787             16.4773             19.9751
                   5                 430                   0             3.81747             15.3409             19.1584
                   5                 440                   0             4.03054             14.2045             18.2351
                   5                 450                   0             4.19034                12.5             16.6903
                   5                 460                   0             4.29688                12.5             16.7969
                   5                 470                   0             4.50994             10.2273             14.7372
                   5                 480                   0             4.58097             9.65909             14.2401
                   5                 490                   0             4.66974             9.09091             13.7607
                   5                 500                   0             4.79403             9.09091             13.8849
                   5                 510                   0             4.93608             9.09091              14.027
                   5                 520                   0             5.52202             9.09091             14.6129
                   5                 530                   0             5.85938             8.52273             14.3821
                   5                 540                   0             7.01349                12.5             19.5135
                   5                 550                   0             7.26207             8.52273             15.7848
                   5                 560                   0             7.59943             8.52273             16.1222
                   5                 570                   0             10.0675             7.38636             17.4538
                   5                 580                   0             11.5234             7.38636             18.9098
                   5                 590                   0             12.1449             10.2273             22.3722
                   5                 600                   0             14.1158             10.7955             24.9112
                   5                 610                   0              14.169             10.2273             24.3963
                   5                 620                   0             14.3643             9.65909             24.0234
                   5                 630                   0             14.3643             10.2273             24.5916
                   5                 640                   0             14.5064             10.2273             24.7337
                   5                 650                   0             14.7372             10.2273             24.9645
                   5                 660                   0              15.483             10.2273             25.7102
                   5                 670                   0             16.1577             10.2273             26.3849
                   5                 680                   0             17.0987             10.2273              27.326
                   5                 690                   0             17.2763             11.9318             29.2081
                   5                 700                   0              18.093             11.9318             30.0249
                   5                 710                   0             18.1286             11.9318             30.0604
                   5                 720                   0             19.2472                12.5             31.7472
                   5                 730                   0             19.7088                12.5             32.2088
                   5                 740                   0             19.9041             11.3636             31.2678
                   5                 750                   0             20.2237             11.3636             31.5874
                   5                 760                   0             20.4723             11.3636             31.8359
                   5                 770                   0             21.8217             9.09091             30.9126
                   5                 780                   0             22.4787             9.09091             31.5696
                   5                 790                   0              24.343             8.52273             32.8658
                   5                 800                   0             25.1065             7.95455             33.0611
                   5                 810                   0             25.3729             7.95455             33.3274
                   5                 820                   0             25.4616             7.95455             33.4162
                   5                 830                   0             27.5746             8.52273             36.0973
                   5                 840                   0             27.5923             8.52273             36.1151
                   5                 850                   0             29.2081             8.52273             37.7308
                   5                 860                   0             29.6342             8.52273              38.157
                   5                 870                   0             29.7763             8.52273              38.299
                   5                 880                   0             31.8359             8.52273             40.3587
                   5                 890                   0             33.8246                6.25             40.0746
                   5                 900                   0             33.2564             10.2273             43.4837
                   5                 910                   0             33.7003             10.2273             43.9276
                   5                 920                   0             34.3572             9.65909             44.0163
                   5                 930                   0             35.0497             9.65909             44.7088
                   5                 940                   0             35.3516             9.65909             45.0107
                   5                 950                   0             35.9553             9.65909             45.6143
                   5                 960                   0             36.0085             9.65909             45.6676
                   5                 970                   0             38.0682             5.11364             43.1818
                   5                 980                   0             43.0575             3.40909             46.4666
                   5                 990                   0             43.0575             3.40909             46.4666
                   5                1000                   0             44.1939             2.84091             47.0348
                   5                   0                   0                   0                 100                 100
                   5                  10                   0                   0             98.8636             98.8636
                   5                  20                   0                   0             98.8636             98.8636
                   5                  30                   0                   0             98.8636             98.8636
                   5                  40                   0                   0             98.8636             98.8636
                   5                  50                   0                   0             98.8636             98.8636
                   5                  60                   0                   0             97.7273             97.7273
                   5                  70                   0                   0             97.7273             97.7273
                   5                  80                   0                   0             96.5909             96.5909
                   5                  90                   0                   0             96.5909             96.5909
                   5                 100                   0                   0             96.0227             96.0227
                   5                 110                   0                   0             94.8864             94.8864
                   5                 120                   0                   0               93.75               93.75
                   5                 130                   0                   0             90.9091             90.9091
                   5                 140                   0           0.0355114             85.2273             85.2628
                   5                 150                   0                   0             78.4091             78.4091
                   5                 160                   0                   0             73.2955             73.2955
                   5                 170                   0           0.0887784             71.0227             71.1115
                   5                 180                   0             0.12429             66.4773             66.6016
                   5                 190                   0            0.426136               56.25             56.6761
                   5                 200                   0            0.550426             52.2727             52.8232
                   5                 210                   0            0.372869             48.2955             48.6683
                   5                 220                   0            0.159801             38.6364             38.7962
                   5                 230                   0            0.159801             38.0682              38.228
                   5                 240                   0            0.710227             32.3864             33.0966
                   5                 250                   0            0.745739               31.25             31.9957
                   5                 260                   0             1.04759             36.3636             37.4112
                   5                 270                   0             1.58026             33.5227              35.103
                   5                 280                   0             1.33168             28.9773             30.3089
                   5                 290                   0             1.38494             26.7045             28.0895
                   5                 300                   0             1.81108             28.4091             30.2202
                   5                 310                   0             1.97088             28.4091               30.38
                   5                 320                   0             2.05966                  25             27.0597
                   5                 330                   0             2.09517             22.1591             24.2543
                   5                 340                   0             2.13068             21.5909             23.7216
                   5                 350                   0              2.2017             21.0227             23.2244
                   5                 360                   0             2.75213             25.5682             28.3203
                   5                 370                   0             2.84091             23.2955             26.1364
                   5                 380                   0               3.125             22.7273             25.8523
                   5                 390                   0             3.19602             18.1818             21.3778
                   5                 400                   0             3.26705             17.0455             20.3125
                   5                 410                   0             3.35582             16.4773             19.8331
                   5                 420                   0             3.49787             16.4773             19.9751
                   5                 430                   0             3.81747             15.3409             19.1584
                   5                 440                   0             4.03054             14.2045             18.2351
                   5                 450                   0             4.19034                12.5             16.6903
                   5                 460                   0             4.29688                12.5             16.7969
                   5                 470                   0             4.50994             10.2273             14.7372
                   5                 480                   0             4.58097             9.65909             14.2401
                   5                 490                   0             4.66974             9.09091             13.7607
                   5                 500                   0             4.79403             9.09091             13.8849
                   5                 510                   0             4.93608             9.09091              14.027
                   5                 520                   0             5.52202             9.09091             14.6129
                   5                 530                   0             5.85938             8.52273             14.3821
                   5                 540                   0             7.01349                12.5             19.5135
                   5                 550                   0             7.26207             8.52273             15.7848
                   5                 560                   0             7.59943             8.52273             16.1222
                   5                 570                   0             10.0675             7.38636             17.4538
                   5                 580                   0             11.5234             7.38636             18.9098
                   5                 590                   0             12.1449             10.2273             22.3722
                   5                 600                   0             14.1158             10.7955             24.9112
                   5                 610                   0              14.169             10.2273             24.3963
                   5                 620                   0             14.3643             9.65909             24.0234
                   5                 630                   0             14.3643             10.2273             24.5916
                   5                 640                   0             14.5064             10.2273             24.7337
                   5                 650                   0             14.7372             10.2273             24.9645
                   5                 660                   0              15.483             10.2273             25.7102
                   5                 670                   0             16.1577             10.2273             26.3849
                   5                 680                   0             17.0987             10.2273              27.326
                   5                 690                   0             17.2763             11.9318             29.2081
                   5                 700                   0              18.093             11.9318             30.0249
                   5                 710                   0             18.1286             11.9318             30.0604
                   5                 720                   0             19.2472                12.5             31.7472
                   5                 730                   0             19.7088                12.5             32.2088
                   5                 740                   0             19.9041             11.3636             31.2678
                   5                 750                   0             20.2237             11.3636             31.5874
                   5                 760                   0             20.4723             11.3636             31.8359
                   5                 770                   0             21.8217             9.09091             30.9126
                   5                 780                   0             22.4787             9.09091             31.5696
                   5                 790                   0              24.343             8.52273             32.8658
                   5                 800                   0             25.1065             7.95455             33.0611
                   5                 810                   0             25.3729             7.95455             33.3274
                   5                 820                   0             25.4616             7.95455             33.4162
                   5                 830                   0             27.5746             8.52273             36.0973
                   5                 840                   0             27.5923             8.52273             36.1151
                   5                 850                   0             29.2081             8.52273             37.7308
                   5                 860                   0             29.6342             8.52273              38.157
                   5                 870                   0             29.7763             8.52273              38.299
                   5                 880                   0             31.8359             8.52273             40.3587
                   5                 890                   0             33.8246                6.25             40.0746
                   5                 900                   0             33.2564             10.2273             43.4837
                   5                 910                   0             33.7003             10.2273             43.9276
                   5                 920                   0             34.3572             9.65909             44.0163
                   5                 930                   0             35.0497             9.65909             44.7088
                   5                 940                   0             35.3516             9.65909             45.0107
                   5                 950                   0             35.9553             9.65909             45.6143
                   5                 960                   0             36.0085             9.65909             45.6676
                   5                 970                   0             38.0682             5.11364             43.1818
                   5                 980                   0             43.0575             3.40909             46.4666
                   5                 990                   0             43.0575             3.40909             46.4666
                   5                1000                   0             44.1939             2.84091             47.0348
