                  30                   0                   0            0.159801             67.0455             67.2053
                  30                  10                   0            0.106534             71.5909             71.6974
                  30                  20                   0             0.12429             69.3182             69.4425
                  30                  30                   0            0.177557             61.3636             61.5412
                  30                  40                   0            0.195312             60.2273             60.4226
                  30                  50                   0            0.319602             55.6818             56.0014
                  30                  60                   0            0.390625             52.8409             53.2315
                  30                  70                   0            0.390625             52.8409             53.2315
                  30                  80                   0             0.53267             49.4318             49.9645
                  30                  90                   0            0.763494             45.4545              46.218
                  30                 100                   0             1.22514             44.3182             45.5433
                  30                 110                   0             1.17188             39.7727             40.9446
                  30                 120                   0             1.49148             39.7727             41.2642
                  30                 130                   0             1.97088             38.0682             40.0391
                  30                 140                   0             2.07741             35.2273             37.3047
                  30                 150                   0             2.34375             31.8182             34.1619
                  30                 160                   0             2.78764             28.9773             31.7649
                  30                 170                   0             2.92969             27.2727             30.2024
                  30                 180                   0             4.40341             25.5682             29.9716
                  30                 190                   0             4.47443             22.7273             27.2017
                  30                 200                   0             5.20241             19.8864             25.0888
                  30                 210                   0             5.37997               18.75               24.13
                  30                 220                   0             5.69957             17.6136             23.3132
                  30                 230                   0             6.10795             16.4773             22.5852
                  30                 240                   0             6.32102             22.1591             28.4801
                  30                 250                   0             6.67614             20.4545             27.1307
                  30                 260                   0             7.20881             20.4545             27.6634
                  30                 270                   0             7.45739             20.4545             27.9119
                  30                 280                   0              7.9723             18.1818             26.1541
                  30                 290                   0             8.41619             17.6136             26.0298
                  30                 300                   0             8.68253             17.6136             26.2962
                  30                 310                   0             9.10866             15.9091             25.0178
                  30                 320                   0             9.83665             15.3409             25.1776
                  30                 330                   0             10.1385             15.3409             25.4794
                  30                 340                   0             9.80114             17.0455             26.8466
                  30                 350                   0             10.3871             14.2045             24.5916
                  30                 360                   0             11.3281             13.0682             24.3963
                  30                 370                   0             12.0916             14.7727             26.8643
                  30                 380                   0             15.0391             13.6364             28.6754
                  30                 390                   0              14.897             14.7727             29.6697
                  30                 400                   0             15.1811             17.0455             32.2266
                  30                 410                   0             15.7138             17.0455             32.7592
                  30                 420                   0             17.0987             17.0455             34.1442
                  30                 430                   0             18.3061             17.0455             35.3516
                  30                 440                   0               18.75             17.0455             35.7955
                  30                 450                   0             20.3303             11.9318             32.2621
                  30                 460                   0             20.9695             11.9318             32.9013
                  30                 470                   0              21.147             11.9318             33.0788
                  30                 480                   0             22.5852             11.9318              34.517
                  30                 490                   0             24.6271                12.5             37.1271
                  30                 500                   0              25.071                12.5              37.571
                  30                 510                   0             26.3672             13.0682             39.4354
                  30                 520                   0             26.8111             13.0682             39.8793
                  30                 530                   0             27.1484             13.0682             40.2166
                  30                 540                   0             27.4503             13.0682             40.5185
                  30                 550                   0              28.267             13.0682             41.3352
                  30                 560                   0             29.1016                12.5             41.6016
                  30                 570                   0             29.3857                12.5             41.8857
                  30                 580                   0             31.8359                12.5             44.3359
                  30                 590                   0             34.9077                12.5             47.4077
                  30                 600                   0             35.6001                12.5             48.1001
                  30                 610                   0             35.8665                12.5             48.3665
                  30                 620                   0             33.6293                12.5             46.1293
                  30                 630                   0             34.1264             11.9318             46.0582
                  30                 640                   0             36.5589             11.9318             48.4908
                  30                 650                   0               38.37             11.3636             49.7337
                  30                 660                   0             41.8146             9.65909             51.4737
                  30                 670                   0             42.4538             9.65909             52.1129
                  30                 680                   0             42.8622             9.65909             52.5213
                  30                 690                   0              44.549             9.65909             54.2081
                  30                 700                   0             46.4844             9.65909             56.1435
                  30                 710                   0             46.8928             8.52273             55.4155
                  30                 720                   0             49.3786             7.38636             56.7649
                  30                   0                   0            0.159801             67.0455             67.2053
                  30                  10                   0            0.106534             71.5909             71.6974
                  30                  20                   0             0.12429             69.3182             69.4425
                  30                  30                   0            0.177557             61.3636             61.5412
                  30                  40                   0            0.195312             60.2273             60.4226
                  30                  50                   0            0.319602             55.6818             56.0014
                  30                  60                   0            0.390625             52.8409             53.2315
                  30                  70                   0            0.390625             52.8409             53.2315
                  30                  80                   0             0.53267             49.4318             49.9645
                  30                  90                   0            0.763494             45.4545              46.218
                  30                 100                   0             1.22514             44.3182             45.5433
                  30                 110                   0             1.17188             39.7727             40.9446
                  30                 120                   0             1.49148             39.7727             41.2642
                  30                 130                   0             1.97088             38.0682             40.0391
                  30                 140                   0             2.07741             35.2273             37.3047
                  30                 150                   0             2.34375             31.8182             34.1619
                  30                 160                   0             2.78764             28.9773             31.7649
                  30                 170                   0             2.92969             27.2727             30.2024
                  30                 180                   0             4.40341             25.5682             29.9716
                  30                 190                   0             4.47443             22.7273             27.2017
                  30                 200                   0             5.20241             19.8864             25.0888
                  30                 210                   0             5.37997               18.75               24.13
                  30                 220                   0             5.69957             17.6136             23.3132
                  30                 230                   0             6.10795             16.4773             22.5852
                  30                 240                   0             6.32102             22.1591             28.4801
                  30                 250                   0             6.67614             20.4545             27.1307
                  30                 260                   0             7.20881             20.4545             27.6634
                  30                 270                   0             7.45739             20.4545             27.9119
                  30                 280                   0              7.9723             18.1818             26.1541
                  30                 290                   0             8.41619             17.6136             26.0298
                  30                 300                   0             8.68253             17.6136             26.2962
                  30                 310                   0             9.10866             15.9091             25.0178
                  30                 320                   0             9.83665             15.3409             25.1776
                  30                 330                   0             10.1385             15.3409             25.4794
                  30                 340                   0             9.80114             17.0455             26.8466
                  30                 350                   0             10.3871             14.2045             24.5916
                  30                 360                   0             11.3281             13.0682             24.3963
                  30                 370                   0             12.0916             14.7727             26.8643
                  30                 380                   0             15.0391             13.6364             28.6754
                  30                 390                   0              14.897             14.7727             29.6697
                  30                 400                   0             15.1811             17.0455             32.2266
                  30                 410                   0             15.7138             17.0455             32.7592
                  30                 420                   0             17.0987             17.0455             34.1442
                  30                 430                   0             18.3061             17.0455             35.3516
                  30                 440                   0               18.75             17.0455             35.7955
                  30                 450                   0             20.3303             11.9318             32.2621
                  30                 460                   0             20.9695             11.9318             32.9013
                  30                 470                   0              21.147             11.9318             33.0788
                  30                 480                   0             22.5852             11.9318              34.517
                  30                 490                   0             24.6271                12.5             37.1271
                  30                 500                   0              25.071                12.5              37.571
                  30                 510                   0             26.3672             13.0682             39.4354
                  30                 520                   0             26.8111             13.0682             39.8793
                  30                 530                   0             27.1484             13.0682             40.2166
                  30                 540                   0             27.4503             13.0682             40.5185
                  30                 550                   0              28.267             13.0682             41.3352
                  30                 560                   0             29.1016                12.5             41.6016
                  30                 570                   0             29.3857                12.5             41.8857
                  30                 580                   0             31.8359                12.5             44.3359
                  30                 590                   0             34.9077                12.5             47.4077
                  30                 600                   0             35.6001                12.5             48.1001
                  30                 610                   0             35.8665                12.5             48.3665
                  30                 620                   0             33.6293                12.5             46.1293
                  30                 630                   0             34.1264             11.9318             46.0582
                  30                 640                   0             36.5589             11.9318             48.4908
                  30                 650                   0               38.37             11.3636             49.7337
                  30                 660                   0             41.8146             9.65909             51.4737
                  30                 670                   0             42.4538             9.65909             52.1129
                  30                 680                   0             42.8622             9.65909             52.5213
                  30                 690                   0              44.549             9.65909             54.2081
                  30                 700                   0             46.4844             9.65909             56.1435
                  30                 710                   0             46.8928             8.52273             55.4155
                  30                 720                   0             49.3786             7.38636             56.7649
                  30                 730                   0             49.7337             7.38636               57.12
                  30                 740                   0              49.858             7.95455             57.8125
                  30                 750                   0             49.5206             8.52273             58.0433
                  30                 760                   0             50.3374             8.52273             58.8601
                  30                 770                   0             50.9055             7.95455             58.8601
                  30                 780                   0             51.7045             7.95455             59.6591
                  30                 790                   0             53.4446             6.81818             60.2628
                  30                 800                   0              57.919             2.27273             60.1918
                  30                 810                   0             60.4226             2.27273             62.6953
                  30                 820                   0             61.8253             2.27273              64.098
                  30                 830                   0             61.8608             2.27273             64.1335
                  30                 840                   0             62.3224             2.27273             64.5952
                  30                 850                   0              62.429             2.27273             64.7017
                  30                 860                   0             62.6598             2.27273             64.9325
                  30                 870                   0             63.0327             2.27273             65.3054
                  30                 880                   0             63.0682             2.27273             65.3409
                  30                 890                   0              63.157             1.70455             64.8615
                  30                 900                   0             63.4943             1.70455             65.1989
                  30                 910                   0             63.6009             1.70455             65.3054
                  30                 920                   0             65.8203             1.70455             67.5249
                  30                 930                   0             66.0689             1.70455             67.7734
                  30                 940                   0             66.2642             1.70455             67.9688
                  30                 950                   0             66.4418             1.70455             68.1463
                  30                 960                   0             66.3707             1.70455             68.0753
                  30                 970                   0             66.4418             1.70455             68.1463
                  30                 980                   0             67.0987             1.70455             68.8033
                  30                 990                   0             71.0582             1.70455             72.7628
                  30                1000                   0             70.6499             1.70455             72.3544
