                  10                   0                   0                   0             97.7273             97.7273
                  10                  10                   0                   0             97.7273             97.7273
                  10                  20                   0                   0             97.7273             97.7273
                  10                  30                   0                   0             97.1591             97.1591
                  10                  40                   0                   0               93.75               93.75
                  10                  50                   0                   0             93.1818             93.1818
                  10                  60                   0                   0             92.6136             92.6136
                  10                  70                   0                   0               93.75               93.75
                  10                  80                   0                   0             91.4773             91.4773
                  10                  90                   0                   0             85.7955             85.7955
                  10                 100                   0                   0             84.0909             84.0909
                  10                 110                   0           0.0177557             78.9773              78.995
                  10                 120                   0           0.0177557             74.4318             74.4496
                  10                 130                   0           0.0177557             73.2955             73.3132
                  10                 140                   0           0.0177557             67.0455             67.0632
                  10                 150                   0           0.0177557             60.2273              60.245
                  10                 160                   0            0.284091             57.3864             57.6705
                  10                 170                   0             0.53267             48.8636             49.3963
                  10                 180                   0            0.319602               43.75             44.0696
                  10                 190                   0            0.585938             42.6136             43.1996
                  10                 200                   0            0.727983             39.2045             39.9325
                  10                 210                   0            0.763494             35.7955             36.5589
                  10                 220                   0            0.852273             32.3864             33.2386
                  10                 230                   0             0.90554             28.4091             29.3146
                  10                 240                   0             1.02983             25.5682              26.598
                  10                 250                   0             1.17188             25.5682             26.7401
                  10                 260                   0             1.36719             23.2955             24.6626
                  10                 270                   0             1.93537                  25             26.9354
                  10                 280                   0             2.37926             26.1364             28.5156
                  10                 290                   0             2.82315             23.2955             26.1186
                  10                 300                   0             3.03622             21.0227             24.0589
                  10                 310                   0              2.9652             26.7045             29.6697
                  10                 320                   0             3.19602               18.75              21.946
                  10                 330                   0              3.4446             24.4318             27.8764
                  10                 340                   0             3.83523             14.2045             18.0398
                  10                 350                   0             4.01278             19.8864             23.8991
                  10                 360                   0             4.43892             17.6136             22.0526
                  10                 370                   0             4.82955             15.9091             20.7386
                  10                 380                   0             5.57528             15.3409             20.9162
                  10                 390                   0             5.71733             15.3409             21.0582
                  10                 400                   0             6.03693             15.3409             21.3778
                  10                 410                   0             6.19673             14.7727             20.9695
                  10                 420                   0             6.46307             14.7727             21.2358
                  10                 430                   0             6.37429             14.2045             20.5788
                  10                 440                   0             7.01349             11.9318             18.9453
                  10                 450                   0             7.67045             9.65909             17.3295
                  10                 460                   0             8.14986             10.7955             18.9453
                  10                 470                   0             8.41619             9.65909             18.0753
                  10                 480                   0             9.00213             9.09091              18.093
                  10                 490                   0             9.00213             9.09091              18.093
                  10                 500                   0             9.12642             9.09091             18.2173
                  10                 510                   0             9.51705             9.09091              18.608
                  10                 520                   0             10.9553             9.09091             20.0462
                  10                 530                   0             12.1804             9.09091             21.2713
                  10                 540                   0             12.8551             9.09091              21.946
                  10                 550                   0             13.0327             8.52273             21.5554
                  10                 560                   0             13.6364             8.52273             22.1591
                  10                 570                   0             15.0923             9.09091             24.1832
                  10                 580                   0             15.2699             9.09091             24.3608
                  10                 590                   0             15.5895             9.09091             24.6804
                  10                 600                   0             16.1044             7.95455             24.0589
                  10                 610                   0             17.1875             7.95455              25.142
                  10                 620                   0             17.9688             7.38636             25.3551
                  10                 630                   0             18.9098             9.65909             28.5689
                  10                 640                   0             19.7443             11.3636              31.108
                  10                 650                   0             20.1349             11.3636             31.4986
                  10                 660                   0              20.277             11.3636             31.6406
                  10                 670                   0             20.2592                12.5             32.7592
                  10                 680                   0              18.892                12.5              31.392
                  10                 690                   0             20.6676                12.5             33.1676
                  10                 700                   0             20.8274                12.5             33.3274
                  10                 710                   0             20.9517                12.5             33.4517
                  10                 720                   0             21.9815             10.7955              32.777
                  10                 730                   0             22.3544             10.7955             33.1499
                  10                 740                   0             24.2543             10.7955             35.0497
                  10                 750                   0             24.5028             10.7955             35.2983
                  10                 760                   0                  25             10.7955             35.7955
                  10                 770                   0             26.6513             9.09091             35.7422
                  10                 780                   0             28.7642             8.52273             37.2869
                  10                 790                   0             30.2024             8.52273             38.7251
                  10                 800                   0              28.853             8.52273             37.3757
                  10                 810                   0             31.3033             8.52273              39.826
                  10                 820                   0              31.108             10.7955             41.9034
                  10                 830                   0             31.2678             10.7955             42.0632
                  10                 840                   0             31.6584             10.7955             42.4538
                  10                 850                   0             31.8004             10.7955             42.5959
                  10                 860                   0             33.4517             11.3636             44.8153
                  10                 870                   0             34.1087             11.3636             45.4723
                  10                 880                   0             38.8672             9.09091             47.9581
                  10                 890                   0              40.554             9.09091             49.6449
                  10                 900                   0             40.7848             8.52273             49.3075
                  10                 910                   0             40.0923             9.65909             49.7514
                  10                 920                   0             40.2166             9.65909             49.8757
                  10                 930                   0             42.7024             7.95455              50.657
                  10                 940                   0             40.9979             7.95455             48.9524
                  10                 950                   0             42.5249             7.38636             49.9112
                  10                 960                   0             43.1641             6.81818             49.9822
                  10                 970                   0             44.1761             6.81818             50.9943
                  10                 980                   0              44.478             6.81818             51.2962
                  10                 990                   0             44.6023             6.81818             51.4205
                  10                1000                   0             47.8516             2.27273             50.1243
                  10                   0                   0                   0             97.7273             97.7273
                  10                  10                   0                   0             97.7273             97.7273
                  10                  20                   0                   0             97.7273             97.7273
                  10                  30                   0                   0             97.1591             97.1591
                  10                  40                   0                   0               93.75               93.75
                  10                  50                   0                   0             93.1818             93.1818
                  10                  60                   0                   0             92.6136             92.6136
                  10                  70                   0                   0               93.75               93.75
                  10                  80                   0                   0             91.4773             91.4773
                  10                  90                   0                   0             85.7955             85.7955
                  10                 100                   0                   0             84.0909             84.0909
                  10                 110                   0           0.0177557             78.9773              78.995
                  10                 120                   0           0.0177557             74.4318             74.4496
                  10                 130                   0           0.0177557             73.2955             73.3132
                  10                 140                   0           0.0177557             67.0455             67.0632
                  10                 150                   0           0.0177557             60.2273              60.245
                  10                 160                   0            0.284091             57.3864             57.6705
                  10                 170                   0             0.53267             48.8636             49.3963
                  10                 180                   0            0.319602               43.75             44.0696
                  10                 190                   0            0.585938             42.6136             43.1996
                  10                 200                   0            0.727983             39.2045             39.9325
                  10                 210                   0            0.763494             35.7955             36.5589
                  10                 220                   0            0.852273             32.3864             33.2386
                  10                 230                   0             0.90554             28.4091             29.3146
                  10                 240                   0             1.02983             25.5682              26.598
                  10                 250                   0             1.17188             25.5682             26.7401
                  10                 260                   0             1.36719             23.2955             24.6626
                  10                 270                   0             1.93537                  25             26.9354
                  10                 280                   0             2.37926             26.1364             28.5156
                  10                 290                   0             2.82315             23.2955             26.1186
                  10                 300                   0             3.03622             21.0227             24.0589
                  10                 310                   0              2.9652             26.7045             29.6697
                  10                 320                   0             3.19602               18.75              21.946
                  10                 330                   0              3.4446             24.4318             27.8764
                  10                 340                   0             3.83523             14.2045             18.0398
                  10                 350                   0             4.01278             19.8864             23.8991
                  10                 360                   0             4.43892             17.6136             22.0526
                  10                 370                   0             4.82955             15.9091             20.7386
                  10                 380                   0             5.57528             15.3409             20.9162
                  10                 390                   0             5.71733             15.3409             21.0582
                  10                 400                   0             6.03693             15.3409             21.3778
                  10                 410                   0             6.19673             14.7727             20.9695
                  10                 420                   0             6.46307             14.7727             21.2358
                  10                 430                   0             6.37429             14.2045             20.5788
                  10                 440                   0             7.01349             11.9318             18.9453
                  10                 450                   0             7.67045             9.65909             17.3295
                  10                 460                   0             8.14986             10.7955             18.9453
                  10                 470                   0             8.41619             9.65909             18.0753
                  10                 480                   0             9.00213             9.09091              18.093
                  10                 490                   0             9.00213             9.09091              18.093
                  10                 500                   0             9.12642             9.09091             18.2173
                  10                 510                   0             9.51705             9.09091              18.608
                  10                 520                   0             10.9553             9.09091             20.0462
                  10                 530                   0             12.1804             9.09091             21.2713
                  10                 540                   0             12.8551             9.09091              21.946
                  10                 550                   0             13.0327             8.52273             21.5554
                  10                 560                   0             13.6364             8.52273             22.1591
                  10                 570                   0             15.0923             9.09091             24.1832
                  10                 580                   0             15.2699             9.09091             24.3608
                  10                 590                   0             15.5895             9.09091             24.6804
                  10                 600                   0             16.1044             7.95455             24.0589
                  10                 610                   0             17.1875             7.95455              25.142
                  10                 620                   0             17.9688             7.38636             25.3551
                  10                 630                   0             18.9098             9.65909             28.5689
                  10                 640                   0             19.7443             11.3636              31.108
                  10                 650                   0             20.1349             11.3636             31.4986
                  10                 660                   0              20.277             11.3636             31.6406
                  10                 670                   0             20.2592                12.5             32.7592
                  10                 680                   0              18.892                12.5              31.392
                  10                 690                   0             20.6676                12.5             33.1676
                  10                 700                   0             20.8274                12.5             33.3274
                  10                 710                   0             20.9517                12.5             33.4517
                  10                 720                   0             21.9815             10.7955              32.777
                  10                 730                   0             22.3544             10.7955             33.1499
                  10                 740                   0             24.2543             10.7955             35.0497
                  10                 750                   0             24.5028             10.7955             35.2983
                  10                 760                   0                  25             10.7955             35.7955
                  10                 770                   0             26.6513             9.09091             35.7422
                  10                 780                   0             28.7642             8.52273             37.2869
                  10                 790                   0             30.2024             8.52273             38.7251
                  10                 800                   0              28.853             8.52273             37.3757
                  10                 810                   0             31.3033             8.52273              39.826
                  10                 820                   0              31.108             10.7955             41.9034
                  10                 830                   0             31.2678             10.7955             42.0632
                  10                 840                   0             31.6584             10.7955             42.4538
                  10                 850                   0             31.8004             10.7955             42.5959
                  10                 860                   0             33.4517             11.3636             44.8153
                  10                 870                   0             34.1087             11.3636             45.4723
                  10                 880                   0             38.8672             9.09091             47.9581
                  10                 890                   0              40.554             9.09091             49.6449
                  10                 900                   0             40.7848             8.52273             49.3075
                  10                 910                   0             40.0923             9.65909             49.7514
                  10                 920                   0             40.2166             9.65909             49.8757
                  10                 930                   0             42.7024             7.95455              50.657
                  10                 940                   0             40.9979             7.95455             48.9524
                  10                 950                   0             42.5249             7.38636             49.9112
                  10                 960                   0             43.1641             6.81818             49.9822
                  10                 970                   0             44.1761             6.81818             50.9943
                  10                 980                   0              44.478             6.81818             51.2962
                  10                 990                   0             44.6023             6.81818             51.4205
                  10                1000                   0             47.8516             2.27273             50.1243
