                  95                   0                   0             8.43395             32.3864             40.8203
                  95                  10                   0             9.28622             32.3864             41.6726
                  95                  20                   0             8.68253               31.25             39.9325
                  95                  30                   0             10.0675             32.9545              43.022
                  95                  40                   0             10.4581             32.3864             42.8445
                  95                  50                   0             11.1506             29.5455              40.696
                  95                  60                   0             12.0028             28.9773             40.9801
                  95                  70                   0             12.4467             27.8409             40.2876
                  95                  80                   0             13.7074             22.7273             36.4347
                  95                  90                   0             14.3111             19.8864             34.1974
                  95                 100                   0             15.5185             18.1818             33.7003
                  95                 110                   0             16.0511             18.1818              34.233
                  95                 120                   0             16.2997             17.6136             33.9134
                  95                 130                   0             16.8324             15.9091             32.7415
                  95                 140                   0             17.5071             14.2045             31.7116
                  95                 150                   0             18.3061             13.6364             31.9425
                  95                 160                   0             19.0163             13.6364             32.6527
                  95                 170                   0             20.1349             13.0682             33.2031
                  95                 180                   0              21.076             13.0682             34.1442
                  95                 190                   0             22.0703             13.0682             35.1385
                  95                 200                   0             22.9759                12.5             35.4759
                  95                 210                   0             23.6683                12.5             36.1683
                  95                 220                   0             24.6982                12.5             37.1982
                  95                 230                   0             27.5746             11.9318             39.5064
                  95                 240                   0              28.853             11.9318             40.7848
                  95                 250                   0             30.2557             10.2273              40.483
                  95                 260                   0             31.8892             10.2273             42.1165
                  95                 270                   0             33.3274             10.2273             43.5547
                  95                 280                   0             34.5703             10.2273             44.7976
                  95                 290                   0             36.3281             10.2273             46.5554
                  95                 300                   0             39.6307             10.2273              49.858
                  95                 310                   0             41.9922             8.52273             50.5149
                  95                 320                   0             43.3771             7.95455             51.3317
                  95                 330                   0             45.1527             8.52273             53.6754
                  95                 340                   0             46.7862             8.52273             55.3089
                  95                 350                   0             48.7216             7.95455             56.6761
                  95                 360                   0              51.527             7.38636             58.9134
                  95                 370                   0             54.1193             5.68182             59.8011
                  95                 380                   0              55.451             5.11364             60.5646
                  95                 390                   0             56.6584             5.11364              61.772
                  95                 400                   0             60.5291             5.11364             65.6428
                  95                 410                   0             62.2159             5.11364             67.3295
                  95                 420                   0             62.7131             4.54545             67.2585
                  95                 430                   0             63.9382             3.40909             67.3473
                  95                 440                   0             65.3587             3.40909             68.7678
                  95                 450                   0             67.2763             3.40909             70.6854
                  95                 460                   0             69.0696             3.40909             72.4787
                  95                 470                   0             71.0582             2.84091             73.8991
                  95                 480                   0             72.8338             2.84091             75.6747
                  95                 490                   0             74.4851             2.84091              77.326
                  95                 500                   0             75.2308             2.84091             78.0717
                  95                 510                   0             75.9233             2.84091             78.7642
                  95                 520                   0              76.598             1.70455             78.3026
                  95                 530                   0             77.2727             1.70455             78.9773
                  95                 540                   0             79.8118             1.70455             81.5163
                  95                 550                   0             78.5689             1.70455             80.2734
                  95                 560                   0             79.7763             1.13636             80.9126
                  95                 570                   0              82.848             1.13636             83.9844
                  95                 580                   0              83.505             1.13636             84.6413
                  95                 590                   0             83.7713             1.13636             84.9077
                  95                 600                   0             83.3629             2.27273             85.6357
                  95                 610                   0             83.5582             2.27273              85.831
                  95                 620                   0              83.718             2.27273             85.9908
                  95                 630                   0             84.1264             2.27273             86.3991
                  95                 640                   0              84.517             2.27273             86.7898
                  95                 650                   0              86.044             1.13636             87.1804
                  95                 660                   0             86.3104             1.13636             87.4467
                  95                 670                   0             86.4702             1.13636             87.6065
                  95                 680                   0             86.5589             1.13636             87.6953
                  95                 690                   0             86.6122             1.13636             87.7486
                  95                 700                   0             86.7898             1.13636             87.9261
                  95                 710                   0             87.0028             1.13636             88.1392
                  95                 720                   0             87.1094             1.13636             88.2457
                  95                 730                   0             87.1626             1.13636              88.299
                  95                 740                   0             87.7308             1.13636             88.8672
                  95                 750                   0             87.8906             1.13636              89.027
                  95                 760                   0             88.0504             1.13636             89.1868
                  95                 770                   0               88.37             1.13636             89.5064
                  95                 780                   0             88.5121             1.13636             89.6484
                  95                 790                   0             88.5831             1.13636             89.7195
                  95                 800                   0             88.8139             1.13636             89.9503
                  95                 810                   0             88.1747             1.13636             89.3111
                  95                 820                   0             91.3885            0.568182             91.9567
                  95                 830                   0             91.6903            0.568182             92.2585
                  95                 840                   0             91.9034            0.568182             92.4716
                  95                 850                   0             91.9389            0.568182             92.5071
                  95                 860                   0             91.9389            0.568182             92.5071
                  95                 870                   0             91.9567            0.568182             92.5249
                  95                 880                   0             92.2053            0.568182             92.7734
                  95                 890                   0             92.2763            0.568182             92.8445
                  95                 900                   0             92.3295            0.568182             92.8977
                  95                 910                   0             92.3295            0.568182             92.8977
                  95                 920                   0             92.3828            0.568182              92.951
                  95                 930                   0             92.4716            0.568182             93.0398
                  95                 940                   0             92.7202            0.568182             93.2884
                  95                 950                   0             92.7557            0.568182             93.3239
                  95                 960                   0             92.7734            0.568182             93.3416
                  95                 970                   0             92.8445            0.568182             93.4126
                  95                 980                   0             92.8977            0.568182             93.4659
                  95                 990                   0             93.0575            0.568182             93.6257
                  95                1000                   0             93.0753            0.568182             93.6435
