                  75                   0                   0             5.45099             39.2045             44.6555
                  75                  10                   0             6.37429             35.7955             42.1697
                  75                  20                   0             6.62287             31.8182             38.4411
                  75                  30                   0             7.26207             32.9545             40.2166
                  75                  40                   0             6.87145             34.6591             41.5305
                  75                  50                   0             7.22656             35.7955              43.022
                  75                  60                   0             7.77699             36.9318             44.7088
                  75                  70                   0              7.8125             35.2273             43.0398
                  75                  80                   0             9.35724             29.5455             38.9027
                  75                  90                   0             9.58807             28.4091             37.9972
                  75                 100                   0             10.6179             28.4091              39.027
                  75                 110                   0             11.3459             27.8409             39.1868
                  75                 120                   0             11.7543             26.1364             37.8906
                  75                 130                   0              12.571             19.8864             32.4574
                  75                 140                   0             13.3523             17.0455             30.3977
                  75                 150                   0             14.5419             16.4773             31.0192
                  75                 160                   0             15.0036             15.9091             30.9126
                  75                 170                   0             15.0213             15.9091             30.9304
                  75                 180                   0              15.554             14.7727             30.3267
                  75                 190                   0              16.495             14.7727             31.2678
                  75                 200                   0             16.9212             13.6364             30.5575
                  75                 210                   0             17.9865             13.6364             31.6229
                  75                 220                   0             18.7855             13.6364             32.4219
                  75                 230                   0             20.1882             13.0682             33.2564
                  75                 240                   0             20.5788             13.0682              33.647
                  75                 250                   0             21.5376                12.5             34.0376
                  75                 260                   0             22.2834                12.5             34.7834
                  75                 270                   0             23.1712             11.9318              35.103
                  75                 280                   0             23.8814             11.9318             35.8132
                  75                 290                   0             25.1598             11.9318             37.0916
                  75                 300                   0             27.6989             11.9318             39.6307
                  75                 310                   0             28.5866             11.9318             40.5185
                  75                 320                   0             29.9006             11.9318             41.8324
                  75                 330                   0             31.6761             10.7955             42.4716
                  75                 340                   0             32.5817             10.2273             42.8089
                  75                 350                   0             33.6115             9.65909             43.2706
                  75                 360                   0             34.4638             9.65909             44.1229
                  75                 370                   0              35.973             9.65909             45.6321
                  75                 380                   0             35.9908             10.2273              46.218
                  75                 390                   0              37.358             8.52273             45.8807
                  75                 400                   0             39.0447             8.52273             47.5675
                  75                 410                   0             40.6428             8.52273             49.1655
                  75                 420                   0             42.6314             7.95455             50.5859
                  75                 430                   0             44.3004             7.38636             51.6868
                  75                 440                   0             45.1705             6.81818             51.9886
                  75                 450                   0             46.8572             5.68182             52.5391
                  75                 460                   0             50.1065             5.68182             55.7884
                  75                 470                   0             51.3849             5.68182             57.0668
                  75                 480                   0             56.0014             3.40909             59.4105
                  75                 490                   0             58.1676             3.40909             61.5767
                  75                 500                   0             58.2031             3.97727             62.1804
                  75                 510                   0             60.2095             5.68182             65.8913
                  75                 520                   0             61.7543             5.68182             67.4361
                  75                 530                   0              63.228             4.54545             67.7734
                  75                 540                   0             64.7905             3.97727             68.7678
                  75                 550                   0             65.9268             3.97727             69.9041
                  75                 560                   0             67.6136             3.97727             71.5909
                  75                 570                   0             68.9808             3.97727             72.9581
                  75                 580                   0             70.1527             3.97727               74.13
                  75                 590                   0             72.4077             3.40909             75.8168
                  75                 600                   0             73.8636             3.40909             77.2727
                  75                 610                   0             75.0178             1.13636             76.1541
                  75                 620                   0             75.6747             1.13636             76.8111
                  75                 630                   0             76.2429             1.13636             77.3793
                  75                 640                   0             76.8643             1.13636             78.0007
                  75                 650                   0             77.2017             1.13636             78.3381
                  75                 660                   0             78.6222             1.13636             79.7585
                  75                 670                   0             78.7464             1.13636             79.8828
                  75                 680                   0             78.7997             1.13636             79.9361
                  75                 690                   0              78.995             1.13636             80.1314
                  75                 700                   0             79.2614             1.13636             80.3977
                  75                 710                   0             79.5632             1.13636             80.6996
                  75                 720                   0             79.9006             1.13636             81.0369
                  75                 730                   0             80.1669             1.13636             81.3033
                  75                 740                   0             80.4332             1.13636             81.5696
                  75                 750                   0             81.3565             1.13636             82.4929
                  75                 760                   0             81.5341             1.13636             82.6705
                  75                 770                   0             81.6584             1.13636             82.7947
                  75                 780                   0              81.907             1.13636             83.0433
                  75                 790                   0             84.7479             1.13636             85.8842
                  75                 800                   0             84.9254             1.13636             86.0618
                  75                 810                   0             84.9787             1.13636             86.1151
                  75                 820                   0             85.0497             1.13636             86.1861
                  75                 830                   0             87.8551             1.13636             88.9915
                  75                 840                   0             88.1037             1.13636             89.2401
                  75                 850                   0             88.0682             1.13636             89.2045
                  75                 860                   0             88.2812             1.13636             89.4176
                  75                 870                   0             88.3168             1.13636             89.4531
                  75                 880                   0               88.37             1.13636             89.5064
                  75                 890                   0               88.37             1.13636             89.5064
                  75                 900                   0               88.37             1.13636             89.5064
                  75                 910                   0             88.6364             1.13636             89.7727
                  75                 920                   0             88.8849             1.13636             90.0213
                  75                 930                   0             88.9205             1.13636             90.0568
                  75                 940                   0              88.956             1.13636             90.0923
                  75                 950                   0             89.2045             1.13636             90.3409
                  75                 960                   0             89.2401             1.13636             90.3764
                  75                 970                   0             89.5241             1.13636             90.6605
                  75                 980                   0             89.5774             1.13636             90.7138
                  75                 990                   0             89.6484             1.13636             90.7848
                  75                1000                   0             89.7727             1.13636             90.9091
