                  20                   0                   0                   0             84.6591             84.6591
                  20                  10                   0           0.0177557             83.5227             83.5405
                  20                  20                   0           0.0710227             83.5227             83.5938
                  20                  30                   0           0.0177557             78.9773              78.995
                  20                  40                   0           0.0177557             76.1364             76.1541
                  20                  50                   0           0.0177557             74.4318             74.4496
                  20                  60                   0           0.0177557             71.0227             71.0405
                  20                  70                   0            0.053267             67.0455             67.0987
                  20                  80                   0            0.195312             67.0455             67.2408
                  20                  90                   0             0.12429                62.5             62.6243
                  20                 100                   0            0.142045             57.9545             58.0966
                  20                 110                   0            0.443892             59.0909             59.5348
                  20                 120                   0            0.479403             56.8182             57.2976
                  20                 130                   0             0.65696             44.8864             45.5433
                  20                 140                   0            0.799006             42.0455             42.8445
                  20                 150                   0            0.994318             38.0682             39.0625
                  20                 160                   0             1.13636             34.0909             35.2273
                  20                 170                   0             1.42045             32.9545              34.375
                  20                 180                   0             1.63352             30.1136             31.7472
                  20                 190                   0             2.16619             25.5682             27.7344
                  20                 200                   0             2.57457             27.2727             29.8473
                  20                 210                   0             3.08949             22.7273             25.8168
                  20                 220                   0             3.32031             22.7273             26.0476
                  20                 230                   0             3.46236             22.1591             25.6214
                  20                 240                   0             4.08381             20.4545             24.5384
                  20                 250                   0             4.22585             17.6136             21.8395
                  20                 260                   0              4.5277             17.0455             21.5732
                  20                 270                   0             4.70526             15.9091             20.6143
                  20                 280                   0              5.0071             16.4773             21.4844
                  20                 290                   0             5.45099             15.9091             21.3601
                  20                 300                   0             5.37997               18.75               24.13
                  20                 310                   0             5.82386             23.8636             29.6875
                  20                 320                   0             6.07244             21.0227             27.0952
                  20                 330                   0             6.53409               18.75             25.2841
                  20                 340                   0             7.04901               18.75              25.799
                  20                 350                   0             7.51065             17.6136             25.1243
                  20                 360                   0             7.56392             17.0455             24.6094
                  20                 370                   0             8.25639             16.4773             24.7337
                  20                 380                   0             8.46946             16.4773             24.9467
                  20                 390                   0             9.00213             15.9091             24.9112
                  20                 400                   0             10.2095             14.7727             24.9822
                  20                 410                   0             10.6712             13.0682             23.7393
                  20                 420                   0             11.5234             13.0682             24.5916
                  20                 430                   0             12.0384             10.7955             22.8338
                  20                 440                   0             12.3757             10.7955             23.1712
                  20                 450                   0             10.8665             14.2045              25.071
                  20                 460                   0             11.3636             13.6364                  25
                  20                 470                   0             12.2159             14.7727             26.9886
                  20                 480                   0             13.2102             14.7727              27.983
                  20                 490                   0             14.6484             14.7727             29.4212
                  20                 500                   0             13.7429             14.7727             28.5156
                  20                 510                   0             13.8494             14.7727             28.6222
                  20                 520                   0             14.0447             14.2045             28.2493
                  20                 530                   0             15.1101             17.0455             32.1555
                  20                 540                   0             16.4418             15.9091             32.3509
                  20                 550                   0             19.7443             11.3636              31.108
                  20                 560                   0             20.2592             11.3636             31.6229
                  20                 570                   0             20.5433             11.3636              31.907
                  20                 580                   0             21.2003             11.3636             32.5639
                  20                 590                   0             21.6974             10.2273             31.9247
                  20                 600                   0             21.6264             11.3636             32.9901
                  20                 610                   0              23.402             11.3636             34.7656
                  20                 620                   0             24.6449             11.3636             36.0085
                  20                 630                   0             28.9773             11.3636             40.3409
                  20                 640                   0             29.5455             11.3636             40.9091
                  20                 650                   0             29.8295             11.3636             41.1932
                  20                 660                   0             32.0845                12.5             44.5845
                  20                 670                   0              34.233                12.5              46.733
                  20                 680                   0             34.3928                12.5             46.8928
                  20                 690                   0             36.2038                12.5             48.7038
                  20                 700                   0              36.843             11.9318             48.7749
                  20                 710                   0             37.5888             11.9318             49.5206
                  20                 720                   0             38.7784             10.2273             49.0057
                  20                 730                   0             39.3466             9.65909             49.0057
                  20                 740                   0             40.6072             9.65909             50.2663
                  20                 750                   0             41.9389             9.65909              51.598
                  20                 760                   0             42.9332             9.09091             52.0241
                  20                 770                   0             46.6264             7.38636             54.0128
                  20                 780                   0             48.0114             7.38636             55.3977
                  20                 790                   0             48.9879             7.38636             56.3743
                  20                 800                   0             49.3963             7.38636             56.7827
                  20                 810                   0             50.2663             7.38636             57.6527
                  20                 820                   0              50.799             7.38636             58.1854
                  20                 830                   0             52.1839             7.38636             59.5703
                  20                 840                   0             55.1314             7.38636             62.5178
                  20                 850                   0              55.522             7.38636             62.9084
                  20                 860                   0             57.0668             6.81818             63.8849
                  20                 870                   0             57.1378             2.84091             59.9787
                  20                 880                   0              56.392             2.84091              59.233
                  20                 890                   0              57.919             2.27273             60.1918
                  20                 900                   0             59.9964             2.27273             62.2692
                  20                 910                   0             58.4339             2.27273             60.7067
                  20                 920                   0             58.8246             2.27273             61.0973
                  20                 930                   0             59.5526             2.27273             61.8253
                  20                 940                   0             59.7656             2.27273             62.0384
                  20                 950                   0             59.8189             2.27273             62.0916
                  20                 960                   0             59.9609             2.27273             62.2337
                  20                 970                   0             61.1151             2.27273             63.3878
                  20                 980                   0             61.3814             2.27273             63.6541
                  20                 990                   0             61.6477             2.27273             63.9205
                  20                1000                   0             62.9616             2.27273             65.2344
                  20                   0                   0                   0             84.6591             84.6591
                  20                  10                   0           0.0177557             83.5227             83.5405
                  20                  20                   0           0.0710227             83.5227             83.5938
                  20                  30                   0           0.0177557             78.9773              78.995
                  20                  40                   0           0.0177557             76.1364             76.1541
                  20                  50                   0           0.0177557             74.4318             74.4496
                  20                  60                   0           0.0177557             71.0227             71.0405
                  20                  70                   0            0.053267             67.0455             67.0987
                  20                  80                   0            0.195312             67.0455             67.2408
                  20                  90                   0             0.12429                62.5             62.6243
                  20                 100                   0            0.142045             57.9545             58.0966
                  20                 110                   0            0.443892             59.0909             59.5348
                  20                 120                   0            0.479403             56.8182             57.2976
                  20                 130                   0             0.65696             44.8864             45.5433
                  20                 140                   0            0.799006             42.0455             42.8445
                  20                 150                   0            0.994318             38.0682             39.0625
                  20                 160                   0             1.13636             34.0909             35.2273
                  20                 170                   0             1.42045             32.9545              34.375
                  20                 180                   0             1.63352             30.1136             31.7472
                  20                 190                   0             2.16619             25.5682             27.7344
                  20                 200                   0             2.57457             27.2727             29.8473
                  20                 210                   0             3.08949             22.7273             25.8168
                  20                 220                   0             3.32031             22.7273             26.0476
                  20                 230                   0             3.46236             22.1591             25.6214
                  20                 240                   0             4.08381             20.4545             24.5384
                  20                 250                   0             4.22585             17.6136             21.8395
                  20                 260                   0              4.5277             17.0455             21.5732
                  20                 270                   0             4.70526             15.9091             20.6143
                  20                 280                   0              5.0071             16.4773             21.4844
                  20                 290                   0             5.45099             15.9091             21.3601
                  20                 300                   0             5.37997               18.75               24.13
                  20                 310                   0             5.82386             23.8636             29.6875
                  20                 320                   0             6.07244             21.0227             27.0952
                  20                 330                   0             6.53409               18.75             25.2841
                  20                 340                   0             7.04901               18.75              25.799
                  20                 350                   0             7.51065             17.6136             25.1243
                  20                 360                   0             7.56392             17.0455             24.6094
                  20                 370                   0             8.25639             16.4773             24.7337
                  20                 380                   0             8.46946             16.4773             24.9467
                  20                 390                   0             9.00213             15.9091             24.9112
                  20                 400                   0             10.2095             14.7727             24.9822
                  20                 410                   0             10.6712             13.0682             23.7393
                  20                 420                   0             11.5234             13.0682             24.5916
                  20                 430                   0             12.0384             10.7955             22.8338
                  20                 440                   0             12.3757             10.7955             23.1712
                  20                 450                   0             10.8665             14.2045              25.071
                  20                 460                   0             11.3636             13.6364                  25
                  20                 470                   0             12.2159             14.7727             26.9886
                  20                 480                   0             13.2102             14.7727              27.983
                  20                 490                   0             14.6484             14.7727             29.4212
                  20                 500                   0             13.7429             14.7727             28.5156
                  20                 510                   0             13.8494             14.7727             28.6222
                  20                 520                   0             14.0447             14.2045             28.2493
                  20                 530                   0             15.1101             17.0455             32.1555
                  20                 540                   0             16.4418             15.9091             32.3509
                  20                 550                   0             19.7443             11.3636              31.108
                  20                 560                   0             20.2592             11.3636             31.6229
                  20                 570                   0             20.5433             11.3636              31.907
                  20                 580                   0             21.2003             11.3636             32.5639
                  20                 590                   0             21.6974             10.2273             31.9247
                  20                 600                   0             21.6264             11.3636             32.9901
                  20                 610                   0              23.402             11.3636             34.7656
                  20                 620                   0             24.6449             11.3636             36.0085
                  20                 630                   0             28.9773             11.3636             40.3409
                  20                 640                   0             29.5455             11.3636             40.9091
                  20                 650                   0             29.8295             11.3636             41.1932
                  20                 660                   0             32.0845                12.5             44.5845
                  20                 670                   0              34.233                12.5              46.733
                  20                 680                   0             34.3928                12.5             46.8928
                  20                 690                   0             36.2038                12.5             48.7038
                  20                 700                   0              36.843             11.9318             48.7749
                  20                 710                   0             37.5888             11.9318             49.5206
                  20                 720                   0             38.7784             10.2273             49.0057
                  20                 730                   0             39.3466             9.65909             49.0057
                  20                 740                   0             40.6072             9.65909             50.2663
                  20                 750                   0             41.9389             9.65909              51.598
                  20                 760                   0             42.9332             9.09091             52.0241
                  20                 770                   0             46.6264             7.38636             54.0128
                  20                 780                   0             48.0114             7.38636             55.3977
                  20                 790                   0             48.9879             7.38636             56.3743
                  20                 800                   0             49.3963             7.38636             56.7827
                  20                 810                   0             50.2663             7.38636             57.6527
                  20                 820                   0              50.799             7.38636             58.1854
                  20                 830                   0             52.1839             7.38636             59.5703
                  20                 840                   0             55.1314             7.38636             62.5178
                  20                 850                   0              55.522             7.38636             62.9084
                  20                 860                   0             57.0668             6.81818             63.8849
                  20                 870                   0             57.1378             2.84091             59.9787
                  20                 880                   0              56.392             2.84091              59.233
                  20                 890                   0              57.919             2.27273             60.1918
                  20                 900                   0             59.9964             2.27273             62.2692
                  20                 910                   0             58.4339             2.27273             60.7067
                  20                 920                   0             58.8246             2.27273             61.0973
                  20                 930                   0             59.5526             2.27273             61.8253
                  20                 940                   0             59.7656             2.27273             62.0384
                  20                 950                   0             59.8189             2.27273             62.0916
                  20                 960                   0             59.9609             2.27273             62.2337
                  20                 970                   0             61.1151             2.27273             63.3878
                  20                 980                   0             61.3814             2.27273             63.6541
                  20                 990                   0             61.6477             2.27273             63.9205
                  20                1000                   0             62.9616             2.27273             65.2344
