                   0                   0                   0                   0                 100                 100
                   0                  10                   0                   0                 100                 100
                   0                  20                   0                   0                 100                 100
                   0                  30                   0                   0                 100                 100
                   0                  40                   0                   0                 100                 100
                   0                  50                   0                   0                 100                 100
                   0                  60                   0                   0                 100                 100
                   0                  70                   0                   0                 100                 100
                   0                  80                   0                   0                 100                 100
                   0                  90                   0                   0                 100                 100
                   0                 100                   0                   0                 100                 100
                   0                 110                   0                   0                 100                 100
                   0                 120                   0                   0                 100                 100
                   0                 130                   0                   0                 100                 100
                   0                 140                   0                   0             99.4318             99.4318
                   0                 150                   0                   0             99.4318             99.4318
                   0                 160                   0                   0             98.8636             98.8636
                   0                 170                   0                   0             98.8636             98.8636
                   0                 180                   0                   0             97.7273             97.7273
                   0                 190                   0           0.0355114             95.4545             95.4901
                   0                 200                   0           0.0177557             89.2045             89.2223
                   0                 210                   0            0.142045             84.6591             84.8011
                   0                 220                   0            0.177557             80.6818             80.8594
                   0                 230                   0            0.461648             68.1818             68.6435
                   0                 240                   0            0.568182             65.3409             65.9091
                   0                 250                   0            0.461648             47.7273             48.1889
                   0                 260                   0            0.497159             46.0227             46.5199
                   0                 270                   0            0.568182             44.3182             44.8864
                   0                 280                   0            0.621449             42.6136             43.2351
                   0                 290                   0            0.745739             39.7727             40.5185
                   0                 300                   0            0.958807             36.9318             37.8906
                   0                 310                   0             1.01207             31.8182             32.8303
                   0                 320                   0             1.11861             28.9773             30.0959
                   0                 330                   0             1.63352             33.5227             35.1562
                   0                 340                   0             1.68679             29.5455             31.2322
                   0                 350                   0             1.74006             29.5455             31.2855
                   0                 360                   0             1.95312             31.8182             33.7713
                   0                 370                   0             1.97088             30.1136             32.0845
                   0                 380                   0             2.02415             27.2727             29.2969
                   0                 390                   0             2.07741             27.8409             29.9183
                   0                 400                   0             2.09517             26.7045             28.7997
                   0                 410                   0             2.11293                  25             27.1129
                   0                 420                   0             2.13068             24.4318             26.5625
                   0                 430                   0             2.66335             27.8409             30.5043
                   0                 440                   0             2.66335             26.7045             29.3679
                   0                 450                   0             2.68111             21.5909              24.272
                   0                 460                   0             2.98295             22.1591              25.142
                   0                 470                   0             3.33807             21.0227             24.3608
                   0                 480                   0             3.33807             17.0455             20.3835
                   0                 490                   0             3.55114             17.0455             20.5966
                   0                 500                   0             3.67543             17.0455             20.7209
                   0                 510                   0             3.85298             17.0455             20.8984
                   0                 520                   0             3.94176             16.4773              20.419
                   0                 530                   0             4.03054             16.4773             20.5078
                   0                 540                   0             4.24361             14.2045             18.4482
                   0                 550                   0             4.33239             14.2045             18.5369
                   0                 560                   0              5.7706             13.6364              19.407
                   0                 570                   0             6.05469             11.9318             17.9865
                   0                 580                   0             6.80043             10.2273             17.0277
                   0                 590                   0             6.92472             10.2273              17.152
                   0                 600                   0             9.39276             9.65909             19.0518
                   0                 610                   0             9.55256             9.65909             19.2116
                   0                 620                   0             10.1207             8.52273             18.6435
                   0                 630                   0             10.6357             11.3636             21.9993
                   0                 640                   0             10.7955             10.7955             21.5909
                   0                 650                   0             10.4936             11.3636             21.8572
                   0                 660                   0             10.5824             11.3636              21.946
                   0                 670                   0             10.6889             11.3636             22.0526
                   0                 680                   0             10.7599             10.7955             21.5554
                   0                 690                   0             13.1925             13.6364             26.8288
                   0                 700                   0             13.7784             11.9318             25.7102
                   0                 710                   0             14.2045             11.9318             26.1364
                   0                 720                   0             14.5064             11.9318             26.4382
                   0                 730                   0             14.6662             11.9318              26.598
                   0                 740                   0              14.169             13.6364             27.8054
                   0                 750                   0             14.4709             13.6364             28.1072
                   0                 760                   0             15.1101             18.1818             33.2919
                   0                 770                   0             15.2166             17.6136             32.8303
                   0                 780                   0             15.7848             17.6136             33.3984
                   0                 790                   0             16.3175             15.9091             32.2266
                   0                 800                   0             16.6903             15.9091             32.5994
                   0                 810                   0             17.2408             15.9091             33.1499
                   0                 820                   0             17.4006             15.9091             33.3097
                   0                 830                   0             18.8033             15.9091             34.7124
                   0                 840                   0             18.9276             15.9091             34.8366
                   0                 850                   0             19.1584             15.9091             35.0675
                   0                 860                   0             20.5256             15.9091             36.4347
                   0                 870                   0             22.9936             14.2045             37.1982
                   0                 880                   0             24.1122             13.6364             37.7486
                   0                 890                   0             26.7223             9.09091             35.8132
                   0                 900                   0             27.0241             9.09091             36.1151
                   0                 910                   0             28.7287             6.81818             35.5469
                   0                 920                   0             28.7287             5.68182             34.4105
                   0                 930                   0             28.7109             5.68182             34.3928
                   0                 940                   0             28.8175             5.68182             34.4993
                   0                 950                   0             29.3857             5.68182             35.0675
                   0                 960                   0             32.8303             5.11364             37.9439
                   0                 970                   0             34.9432             10.2273             45.1705
                   0                 980                   0              35.174             10.2273             45.4013
                   0                 990                   0             35.9908             10.7955             46.7862
                   0                1000                   0             38.8849                6.25             45.1349
                   0                   0                   0                   0                 100                 100
                   0                  10                   0                   0                 100                 100
                   0                  20                   0                   0                 100                 100
                   0                  30                   0                   0                 100                 100
                   0                  40                   0                   0                 100                 100
                   0                  50                   0                   0                 100                 100
                   0                  60                   0                   0                 100                 100
                   0                  70                   0                   0                 100                 100
                   0                  80                   0                   0                 100                 100
                   0                  90                   0                   0                 100                 100
                   0                 100                   0                   0                 100                 100
                   0                 110                   0                   0                 100                 100
                   0                 120                   0                   0                 100                 100
                   0                 130                   0                   0                 100                 100
                   0                 140                   0                   0             99.4318             99.4318
                   0                 150                   0                   0             99.4318             99.4318
                   0                 160                   0                   0             98.8636             98.8636
                   0                 170                   0                   0             98.8636             98.8636
                   0                 180                   0                   0             97.7273             97.7273
                   0                 190                   0           0.0355114             95.4545             95.4901
                   0                 200                   0           0.0177557             89.2045             89.2223
                   0                 210                   0            0.142045             84.6591             84.8011
                   0                 220                   0            0.177557             80.6818             80.8594
                   0                 230                   0            0.461648             68.1818             68.6435
                   0                 240                   0            0.568182             65.3409             65.9091
                   0                 250                   0            0.461648             47.7273             48.1889
                   0                 260                   0            0.497159             46.0227             46.5199
                   0                 270                   0            0.568182             44.3182             44.8864
                   0                 280                   0            0.621449             42.6136             43.2351
                   0                 290                   0            0.745739             39.7727             40.5185
                   0                 300                   0            0.958807             36.9318             37.8906
                   0                 310                   0             1.01207             31.8182             32.8303
                   0                 320                   0             1.11861             28.9773             30.0959
                   0                 330                   0             1.63352             33.5227             35.1562
                   0                 340                   0             1.68679             29.5455             31.2322
                   0                 350                   0             1.74006             29.5455             31.2855
                   0                 360                   0             1.95312             31.8182             33.7713
                   0                 370                   0             1.97088             30.1136             32.0845
                   0                 380                   0             2.02415             27.2727             29.2969
                   0                 390                   0             2.07741             27.8409             29.9183
                   0                 400                   0             2.09517             26.7045             28.7997
                   0                 410                   0             2.11293                  25             27.1129
                   0                 420                   0             2.13068             24.4318             26.5625
                   0                 430                   0             2.66335             27.8409             30.5043
                   0                 440                   0             2.66335             26.7045             29.3679
                   0                 450                   0             2.68111             21.5909              24.272
                   0                 460                   0             2.98295             22.1591              25.142
                   0                 470                   0             3.33807             21.0227             24.3608
                   0                 480                   0             3.33807             17.0455             20.3835
                   0                 490                   0             3.55114             17.0455             20.5966
                   0                 500                   0             3.67543             17.0455             20.7209
                   0                 510                   0             3.85298             17.0455             20.8984
                   0                 520                   0             3.94176             16.4773              20.419
                   0                 530                   0             4.03054             16.4773             20.5078
                   0                 540                   0             4.24361             14.2045             18.4482
                   0                 550                   0             4.33239             14.2045             18.5369
                   0                 560                   0              5.7706             13.6364              19.407
                   0                 570                   0             6.05469             11.9318             17.9865
                   0                 580                   0             6.80043             10.2273             17.0277
                   0                 590                   0             6.92472             10.2273              17.152
                   0                 600                   0             9.39276             9.65909             19.0518
                   0                 610                   0             9.55256             9.65909             19.2116
                   0                 620                   0             10.1207             8.52273             18.6435
                   0                 630                   0             10.6357             11.3636             21.9993
                   0                 640                   0             10.7955             10.7955             21.5909
                   0                 650                   0             10.4936             11.3636             21.8572
                   0                 660                   0             10.5824             11.3636              21.946
                   0                 670                   0             10.6889             11.3636             22.0526
                   0                 680                   0             10.7599             10.7955             21.5554
                   0                 690                   0             13.1925             13.6364             26.8288
                   0                 700                   0             13.7784             11.9318             25.7102
                   0                 710                   0             14.2045             11.9318             26.1364
                   0                 720                   0             14.5064             11.9318             26.4382
                   0                 730                   0             14.6662             11.9318              26.598
                   0                 740                   0              14.169             13.6364             27.8054
                   0                 750                   0             14.4709             13.6364             28.1072
                   0                 760                   0             15.1101             18.1818             33.2919
                   0                 770                   0             15.2166             17.6136             32.8303
                   0                 780                   0             15.7848             17.6136             33.3984
                   0                 790                   0             16.3175             15.9091             32.2266
                   0                 800                   0             16.6903             15.9091             32.5994
                   0                 810                   0             17.2408             15.9091             33.1499
                   0                 820                   0             17.4006             15.9091             33.3097
                   0                 830                   0             18.8033             15.9091             34.7124
                   0                 840                   0             18.9276             15.9091             34.8366
                   0                 850                   0             19.1584             15.9091             35.0675
                   0                 860                   0             20.5256             15.9091             36.4347
                   0                 870                   0             22.9936             14.2045             37.1982
                   0                 880                   0             24.1122             13.6364             37.7486
                   0                 890                   0             26.7223             9.09091             35.8132
                   0                 900                   0             27.0241             9.09091             36.1151
                   0                 910                   0             28.7287             6.81818             35.5469
                   0                 920                   0             28.7287             5.68182             34.4105
                   0                 930                   0             28.7109             5.68182             34.3928
                   0                 940                   0             28.8175             5.68182             34.4993
                   0                 950                   0             29.3857             5.68182             35.0675
                   0                 960                   0             32.8303             5.11364             37.9439
                   0                 970                   0             34.9432             10.2273             45.1705
                   0                 980                   0              35.174             10.2273             45.4013
                   0                 990                   0             35.9908             10.7955             46.7862
                   0                1000                   0             38.8849                6.25             45.1349
