                  90                   0                   0             7.90128             32.9545             40.8558
                  90                  10                   0             8.30966             31.8182             40.1278
                  90                  20                   0             8.94886             31.8182              40.767
                  90                  30                   0             9.41051               31.25             40.6605
                  90                  40                   0             9.16193             33.5227             42.6847
                  90                  50                   0             10.2273             29.5455             39.7727
                  90                  60                   0             10.7599               31.25             42.0099
                  90                  70                   0             11.0085             30.1136             41.1222
                  90                  80                   0             12.4645             26.1364             38.6009
                  90                  90                   0             13.3168             21.5909             34.9077
                  90                 100                   0              13.956             20.4545             34.4105
                  90                 110                   0             15.0746             18.1818             33.2564
                  90                 120                   0             15.3942             18.1818              33.576
                  90                 130                   0             16.1932             16.4773             32.6705
                  90                 140                   0             16.5305             15.3409             31.8714
                  90                 150                   0             17.1697             14.2045             31.3743
                  90                 160                   0             17.4893             14.2045             31.6939
                  90                 170                   0              17.951             14.2045             32.1555
                  90                 180                   0             19.7621             13.0682             32.8303
                  90                 190                   0             20.4545             13.0682             33.5227
                  90                 200                   0             21.4489             13.0682              34.517
                  90                 210                   0             22.2301             13.0682             35.2983
                  90                 220                   0             22.9581                12.5             35.4581
                  90                 230                   0             24.0589             11.9318             35.9908
                  90                 240                   0             25.2663             11.9318             37.1982
                  90                 250                   0             26.2251             11.9318              38.157
                  90                 260                   0             28.6399             10.2273             38.8672
                  90                 270                   0               30.38             10.2273             40.6072
                  90                 280                   0             31.6051             10.2273             41.8324
                  90                 290                   0             33.4695             10.2273             43.6967
                  90                 300                   0             34.0909             10.2273             44.3182
                  90                 310                   0             35.6179             10.2273             45.8452
                  90                 320                   0             36.7898             7.95455             44.7443
                  90                 330                   0             38.9382             7.95455             46.8928
                  90                 340                   0             41.2287             8.52273             49.7514
                  90                 350                   0              43.821             8.52273             52.3438
                  90                 360                   0             44.9574             8.52273             53.4801
                  90                 370                   0             46.8572             8.52273               55.38
                  90                 380                   0             50.0888             7.38636             57.4751
                  90                 390                   0             53.7109             6.81818             60.5291
                  90                 400                   0               57.12             7.38636             64.5064
                  90                 410                   0             59.1619             5.11364             64.2756
                  90                 420                   0             61.4169             5.11364             66.5305
                  90                 430                   0             62.0028             4.54545             66.5483
                  90                 440                   0             64.1335             3.97727             68.1108
                  90                 450                   0             64.7727             3.97727               68.75
                  90                 460                   0              66.353             3.97727             70.3303
                  90                 470                   0             67.9865             5.68182             73.6683
                  90                 480                   0             69.4425             5.68182             75.1243
                  90                 490                   0             70.5256             5.11364             75.6392
                  90                 500                   0             71.9105             5.11364             77.0241
                  90                 510                   0              75.142             2.84091              77.983
                  90                 520                   0             76.0298             2.84091             78.8707
                  90                 530                   0             76.4205             1.70455              78.125
                  90                 540                   0             77.1129             1.70455             78.8175
                  90                 550                   0             77.8232             1.70455             79.5277
                  90                 560                   0             78.2493             1.70455             79.9538
                  90                 570                   0              80.522             1.13636             81.6584
                  90                 580                   0             80.8949             1.13636             82.0312
                  90                 590                   0             81.6584             1.13636             82.7947
                  90                 600                   0             81.7294             1.13636             82.8658
                  90                 610                   0             82.2621             1.13636             83.3984
                  90                 620                   0             82.6882             1.13636             83.8246
                  90                 630                   0              82.919             1.13636             84.0554
                  90                 640                   0             83.3097             1.13636              84.446
                  90                 650                   0             83.6115             1.13636             84.7479
                  90                 660                   0             83.8601             1.13636             84.9964
                  90                 670                   0             83.9489             1.13636             85.0852
                  90                 680                   0             85.1918             2.27273             87.4645
                  90                 690                   0             85.3516             2.27273             87.6243
                  90                 700                   0             84.7124             1.13636             85.8487
                  90                 710                   0             84.7479             1.13636             85.8842
                  90                 720                   0             84.9077             1.13636              86.044
                  90                 730                   0             85.1562             1.13636             86.2926
                  90                 740                   0             85.2273             1.13636             86.3636
                  90                 750                   0             85.2983             1.13636             86.4347
                  90                 760                   0             85.7955             1.13636             86.9318
                  90                 770                   0             85.8842             1.13636             87.0206
                  90                 780                   0             86.1328             1.13636             87.2692
                  90                 790                   0             86.4169             1.13636             87.5533
                  90                 800                   0             86.4347             1.13636              87.571
                  90                 810                   0             86.4524             1.13636             87.5888
                  90                 820                   0             88.8317             1.13636              89.968
                  90                 830                   0             90.7315             1.13636             91.8679
                  90                 840                   0             90.9091             1.13636             92.0455
                  90                 850                   0             90.9268             1.13636             92.0632
                  90                 860                   0             91.1044             1.13636             92.2408
                  90                 870                   0             91.1399             1.13636             92.2763
                  90                 880                   0             91.1399             1.13636             92.2763
                  90                 890                   0             91.4773             1.13636             92.6136
                  90                 900                   0              91.495             1.13636             92.6314
                  90                 910                   0             91.7436             1.13636               92.88
                  90                 920                   0             91.8146             1.13636              92.951
                  90                 930                   0             91.3885             1.13636             92.5249
                  90                 940                   0             91.5305             1.13636             92.6669
                  90                 950                   0             91.8679             1.13636             93.0043
                  90                 960                   0             91.9034             1.13636             93.0398
                  90                 970                   0             91.9034             1.13636             93.0398
                  90                 980                   0             91.9212             1.13636             93.0575
                  90                 990                   0             92.0455             1.13636             93.1818
                  90                1000                   0             92.0632             1.13636             93.1996
