                  70                   0                   0             3.85298             36.3636             40.2166
                  70                  10                   0             4.66974             33.5227             38.1925
                  70                  20                   0             5.07812             35.2273             40.3054
                  70                  30                   0             5.68182             33.5227             39.2045
                  70                  40                   0              6.7294             30.6818             37.4112
                  70                  50                   0             7.20881             33.5227             40.7315
                  70                  60                   0             6.96023             36.3636             43.3239
                  70                  70                   0             7.26207             38.0682             45.3303
                  70                  80                   0             7.01349             35.2273             42.2408
                  70                  90                   0              9.0554             30.6818             39.7372
                  70                 100                   0             9.14418             28.9773             38.1214
                  70                 110                   0             10.0852             26.7045             36.7898
                  70                 120                   0             10.6889             26.1364             36.8253
                  70                 130                   0             10.8842             23.8636             34.7479
                  70                 140                   0             11.3991             21.0227             32.4219
                  70                 150                   0             11.9318               18.75             30.6818
                  70                 160                   0              13.299             17.6136             30.9126
                  70                 170                   0             14.0092             16.4773             30.4865
                  70                 180                   0             14.1868             15.9091             30.0959
                  70                 190                   0             14.5064             15.9091             30.4155
                  70                 200                   0             15.4652             14.2045             29.6697
                  70                 210                   0             16.9034             13.6364             30.5398
                  70                 220                   0             17.6847             13.0682             30.7528
                  70                 230                   0             18.2528             13.0682              31.321
                  70                 240                   0              18.821             13.0682             31.8892
                  70                 250                   0             19.9041             11.9318             31.8359
                  70                 260                   0             20.6321                12.5             33.1321
                  70                 270                   0             21.3246                12.5             33.8246
                  70                 280                   0             22.0881             11.9318             34.0199
                  70                 290                   0             22.8693             11.9318             34.8011
                  70                 300                   0             24.1477             11.9318             36.0795
                  70                 310                   0             25.2308             11.9318             37.1626
                  70                 320                   0              26.456             11.9318             38.3878
                  70                 330                   0             28.4446             11.9318             40.3764
                  70                 340                   0             30.0249             10.2273             40.2521
                  70                 350                   0             31.8004             10.2273             42.0277
                  70                 360                   0               32.12             9.65909             41.7791
                  70                 370                   0              32.848             9.65909             42.5071
                  70                 380                   0             34.8011             9.65909             44.4602
                  70                 390                   0             34.8899             10.2273             45.1172
                  70                 400                   0             36.1328             10.2273             46.3601
                  70                 410                   0                37.5             7.95455             45.4545
                  70                 420                   0              39.027             7.95455             46.9815
                  70                 430                   0             41.0511             6.81818             47.8693
                  70                 440                   0             42.7202             7.38636             50.1065
                  70                 450                   0             43.3771             5.68182             49.0589
                  70                 460                   0             45.1172             5.68182              50.799
                  70                 470                   0              48.473             5.68182             54.1548
                  70                 480                   0             52.4858             3.40909             55.8949
                  70                 490                   0             55.9659             3.40909              59.375
                  70                 500                   0              56.907             3.40909             60.3161
                  70                 510                   0             57.8658             3.40909             61.2749
                  70                 520                   0             57.7415             3.40909             61.1506
                  70                 530                   0             59.5348             3.40909             62.9439
                  70                 540                   0             60.0142             5.68182              65.696
                  70                 550                   0             60.8487             5.11364             65.9624
                  70                 560                   0             62.4112             5.11364             67.5249
                  70                 570                   0             63.7607             5.11364             68.8743
                  70                 580                   0             64.9148             3.97727              68.892
                  70                 590                   0             68.1996             3.40909             71.6087
                  70                 600                   0             69.0874             3.40909             72.4964
                  70                 610                   0             69.6911             3.40909             73.1001
                  70                 620                   0             72.2479             1.13636             73.3842
                  70                 630                   0             72.8871             1.13636             74.0234
                  70                 640                   0             73.2955             1.13636             74.4318
                  70                 650                   0             73.7749             1.13636             74.9112
                  70                 660                   0              74.929             1.13636             76.0653
                  70                 670                   0             76.4027             1.13636             77.5391
                  70                 680                   0             76.5447             1.13636             77.6811
                  70                 690                   0             76.7578             1.13636             77.8942
                  70                 700                   0             77.6811             1.13636             78.8175
                  70                 710                   0             77.7876             1.13636              78.924
                  70                 720                   0             78.1605             1.13636             79.2969
                  70                 730                   0             78.7287             1.13636             79.8651
                  70                 740                   0             79.1016             1.13636             80.2379
                  70                 750                   0             79.2259             1.13636             80.3622
                  70                 760                   0             79.3324             1.13636             80.4688
                  70                 770                   0             80.5398             1.13636             81.6761
                  70                 780                   0             80.6108             1.13636             81.7472
                  70                 790                   0             80.8594             1.13636             81.9957
                  70                 800                   0             81.0192             1.13636             82.1555
                  70                 810                   0             81.0724             1.13636             82.2088
                  70                 820                   0              81.321             1.13636             82.4574
                  70                 830                   0             81.3743             1.13636             82.5107
                  70                 840                   0             83.7536             1.13636             84.8899
                  70                 850                   0             84.3395             1.13636             85.4759
                  70                 860                   0             84.5526             1.13636             85.6889
                  70                 870                   0             85.5469             1.13636             86.6832
                  70                 880                   0             85.6712             1.13636             86.8075
                  70                 890                   0             85.7955             1.13636             86.9318
                  70                 900                   0             85.3338             1.13636             86.4702
                  70                 910                   0             85.3516             1.13636             86.4879
                  70                 920                   0             85.7955             1.13636             86.9318
                  70                 930                   0             88.4943             1.13636             89.6307
                  70                 940                   0             88.5298             1.13636             89.6662
                  70                 950                   0             88.5298             1.13636             89.6662
                  70                 960                   0             88.5653             1.13636             89.7017
                  70                 970                   0             88.6186             1.13636              89.755
                  70                 980                   0             89.2933             1.13636             90.4297
                  70                 990                   0             89.4531             1.13636             90.5895
                  70                1000                   0             89.4531             1.13636             90.5895
