                  15                   0                   0                   0             94.8864             94.8864
                  15                  10                   0                   0             91.4773             91.4773
                  15                  20                   0                   0             90.3409             90.3409
                  15                  30                   0                   0             89.7727             89.7727
                  15                  40                   0                   0             86.9318             86.9318
                  15                  50                   0                   0             86.9318             86.9318
                  15                  60                   0            0.053267             82.9545             83.0078
                  15                  70                   0                   0             79.5455             79.5455
                  15                  80                   0                   0             75.5682             75.5682
                  15                  90                   0           0.0177557             71.0227             71.0405
                  15                 100                   0           0.0177557             67.6136             67.6314
                  15                 110                   0           0.0355114             61.9318             61.9673
                  15                 120                   0            0.053267             61.9318             61.9851
                  15                 130                   0            0.319602             61.3636             61.6832
                  15                 140                   0            0.443892                  50             50.4439
                  15                 150                   0            0.514915             51.1364             51.6513
                  15                 160                   0            0.621449             42.6136             43.2351
                  15                 170                   0            0.639205             40.3409             40.9801
                  15                 180                   0            0.799006             35.7955             36.5945
                  15                 190                   0            0.941051             30.6818             31.6229
                  15                 200                   0             1.11861             29.5455             30.6641
                  15                 210                   0             1.54474             30.1136             31.6584
                  15                 220                   0              1.8821             27.8409              29.723
                  15                 230                   0             2.09517             25.5682             27.6634
                  15                 240                   0             2.69886             22.7273             25.4261
                  15                 250                   0             3.10724             23.2955             26.4027
                  15                 260                   0             3.24929             21.0227              24.272
                  15                 270                   0              3.7642             19.8864             23.6506
                  15                 280                   0             3.90625             18.1818             22.0881
                  15                 290                   0             4.08381             18.1818             22.2656
                  15                 300                   0             4.38565             17.0455             21.4311
                  15                 310                   0             4.45668             20.4545             24.9112
                  15                 320                   0             4.75852             19.3182             24.0767
                  15                 330                   0             5.14915             17.0455             22.1946
                  15                 340                   0              5.1669             17.0455             22.2124
                  15                 350                   0             5.43324             14.7727              20.206
                  15                 360                   0             5.69957             14.7727             20.4723
                  15                 370                   0             6.58736             14.7727             21.3601
                  15                 380                   0             6.99574             14.7727             21.7685
                  15                 390                   0             7.26207             14.7727             22.0348
                  15                 400                   0             7.70597             13.0682             20.7741
                  15                 410                   0             8.30966             11.9318             20.2415
                  15                 420                   0             8.59375             10.2273              18.821
                  15                 430                   0             8.82457             9.65909             18.4837
                  15                 440                   0             9.30398             9.65909             18.9631
                  15                 450                   0             10.6712             10.7955             21.4666
                  15                 460                   0             11.5057             10.7955             22.3011
                  15                 470                   0                12.5             10.2273             22.7273
                  15                 480                   0             12.7486             11.9318             24.6804
                  15                 490                   0             13.0859             11.9318             25.0178
                  15                 500                   0             13.4411             10.7955             24.2365
                  15                 510                   0             13.8139             10.7955             24.6094
                  15                 520                   0             14.2045             10.2273             24.4318
                  15                 530                   0             15.1634             9.65909             24.8224
                  15                 540                   0             15.5717             9.09091             24.6626
                  15                 550                   0              16.424             9.09091             25.5149
                  15                 560                   0             18.1818             10.7955             28.9773
                  15                 570                   0             18.5724             10.7955             29.3679
                  15                 580                   0             19.7088             13.6364             33.3452
                  15                 590                   0             17.3828             10.7955             28.1783
                  15                 600                   0             18.0575             10.7955              28.853
                  15                 610                   0             18.3594             10.7955             29.1548
                  15                 620                   0              18.608             11.3636             29.9716
                  15                 630                   0             19.0874             13.0682             32.1555
                  15                 640                   0             19.8509                12.5             32.3509
                  15                 650                   0             23.8991             11.9318              35.831
                  15                 660                   0             24.4496             11.9318             36.3814
                  15                 670                   0             24.5916             11.9318             36.5234
                  15                 680                   0             22.3011             11.9318              34.233
                  15                 690                   0             21.0227             11.3636             32.3864
                  15                 700                   0             21.3601             11.3636             32.7237
                  15                 710                   0             21.1115             11.9318             33.0433
                  15                 720                   0             21.4311             11.9318             33.3629
                  15                 730                   0             22.1591             11.9318             34.0909
                  15                 740                   0             24.7514             13.6364             38.3878
                  15                 750                   0             30.9126             13.6364              44.549
                  15                 760                   0             32.4751             11.9318              44.407
                  15                 770                   0             32.8835             11.9318             44.8153
                  15                 780                   0             34.9609             10.7955             45.7564
                  15                 790                   0             35.2273             10.7955             46.0227
                  15                 800                   0             37.2159             8.52273             45.7386
                  15                 810                   0             37.7308             8.52273             46.2536
                  15                 820                   0             39.2756             8.52273             47.7983
                  15                 830                   0             41.9744             8.52273             50.4972
                  15                 840                   0             43.8033             8.52273              52.326
                  15                 850                   0              42.081             7.95455             50.0355
                  15                 860                   0             42.7557             7.95455             50.7102
                  15                 870                   0             43.1108             7.95455             51.0653
                  15                 880                   0             43.5014             7.95455              51.456
                  15                 890                   0             43.5724             6.81818             50.3906
                  15                 900                   0             50.1598             2.84091             53.0007
                  15                 910                   0             52.7344             2.27273             55.0071
                  15                 920                   0             56.3565             2.27273             58.6293
                  15                 930                   0             56.6051             2.27273             58.8778
                  15                 940                   0             59.8899             2.27273             62.1626
                  15                 950                   0             60.1385             2.27273             62.4112
                  15                 960                   0             60.2983             2.27273              62.571
                  15                 970                   0             57.5107             2.27273             59.7834
                  15                 980                   0             57.5817             2.27273             59.8544
                  15                 990                   0             57.7415             2.27273             60.0142
                  15                1000                   0             60.7422             2.27273             63.0149
                  15                   0                   0                   0             94.8864             94.8864
                  15                  10                   0                   0             91.4773             91.4773
                  15                  20                   0                   0             90.3409             90.3409
                  15                  30                   0                   0             89.7727             89.7727
                  15                  40                   0                   0             86.9318             86.9318
                  15                  50                   0                   0             86.9318             86.9318
                  15                  60                   0            0.053267             82.9545             83.0078
                  15                  70                   0                   0             79.5455             79.5455
                  15                  80                   0                   0             75.5682             75.5682
                  15                  90                   0           0.0177557             71.0227             71.0405
                  15                 100                   0           0.0177557             67.6136             67.6314
                  15                 110                   0           0.0355114             61.9318             61.9673
                  15                 120                   0            0.053267             61.9318             61.9851
                  15                 130                   0            0.319602             61.3636             61.6832
                  15                 140                   0            0.443892                  50             50.4439
                  15                 150                   0            0.514915             51.1364             51.6513
                  15                 160                   0            0.621449             42.6136             43.2351
                  15                 170                   0            0.639205             40.3409             40.9801
                  15                 180                   0            0.799006             35.7955             36.5945
                  15                 190                   0            0.941051             30.6818             31.6229
                  15                 200                   0             1.11861             29.5455             30.6641
                  15                 210                   0             1.54474             30.1136             31.6584
                  15                 220                   0              1.8821             27.8409              29.723
                  15                 230                   0             2.09517             25.5682             27.6634
                  15                 240                   0             2.69886             22.7273             25.4261
                  15                 250                   0             3.10724             23.2955             26.4027
                  15                 260                   0             3.24929             21.0227              24.272
                  15                 270                   0              3.7642             19.8864             23.6506
                  15                 280                   0             3.90625             18.1818             22.0881
                  15                 290                   0             4.08381             18.1818             22.2656
                  15                 300                   0             4.38565             17.0455             21.4311
                  15                 310                   0             4.45668             20.4545             24.9112
                  15                 320                   0             4.75852             19.3182             24.0767
                  15                 330                   0             5.14915             17.0455             22.1946
                  15                 340                   0              5.1669             17.0455             22.2124
                  15                 350                   0             5.43324             14.7727              20.206
                  15                 360                   0             5.69957             14.7727             20.4723
                  15                 370                   0             6.58736             14.7727             21.3601
                  15                 380                   0             6.99574             14.7727             21.7685
                  15                 390                   0             7.26207             14.7727             22.0348
                  15                 400                   0             7.70597             13.0682             20.7741
                  15                 410                   0             8.30966             11.9318             20.2415
                  15                 420                   0             8.59375             10.2273              18.821
                  15                 430                   0             8.82457             9.65909             18.4837
                  15                 440                   0             9.30398             9.65909             18.9631
                  15                 450                   0             10.6712             10.7955             21.4666
                  15                 460                   0             11.5057             10.7955             22.3011
                  15                 470                   0                12.5             10.2273             22.7273
                  15                 480                   0             12.7486             11.9318             24.6804
                  15                 490                   0             13.0859             11.9318             25.0178
                  15                 500                   0             13.4411             10.7955             24.2365
                  15                 510                   0             13.8139             10.7955             24.6094
                  15                 520                   0             14.2045             10.2273             24.4318
                  15                 530                   0             15.1634             9.65909             24.8224
                  15                 540                   0             15.5717             9.09091             24.6626
                  15                 550                   0              16.424             9.09091             25.5149
                  15                 560                   0             18.1818             10.7955             28.9773
                  15                 570                   0             18.5724             10.7955             29.3679
                  15                 580                   0             19.7088             13.6364             33.3452
                  15                 590                   0             17.3828             10.7955             28.1783
                  15                 600                   0             18.0575             10.7955              28.853
                  15                 610                   0             18.3594             10.7955             29.1548
                  15                 620                   0              18.608             11.3636             29.9716
                  15                 630                   0             19.0874             13.0682             32.1555
                  15                 640                   0             19.8509                12.5             32.3509
                  15                 650                   0             23.8991             11.9318              35.831
                  15                 660                   0             24.4496             11.9318             36.3814
                  15                 670                   0             24.5916             11.9318             36.5234
                  15                 680                   0             22.3011             11.9318              34.233
                  15                 690                   0             21.0227             11.3636             32.3864
                  15                 700                   0             21.3601             11.3636             32.7237
                  15                 710                   0             21.1115             11.9318             33.0433
                  15                 720                   0             21.4311             11.9318             33.3629
                  15                 730                   0             22.1591             11.9318             34.0909
                  15                 740                   0             24.7514             13.6364             38.3878
                  15                 750                   0             30.9126             13.6364              44.549
                  15                 760                   0             32.4751             11.9318              44.407
                  15                 770                   0             32.8835             11.9318             44.8153
                  15                 780                   0             34.9609             10.7955             45.7564
                  15                 790                   0             35.2273             10.7955             46.0227
                  15                 800                   0             37.2159             8.52273             45.7386
                  15                 810                   0             37.7308             8.52273             46.2536
                  15                 820                   0             39.2756             8.52273             47.7983
                  15                 830                   0             41.9744             8.52273             50.4972
                  15                 840                   0             43.8033             8.52273              52.326
                  15                 850                   0              42.081             7.95455             50.0355
                  15                 860                   0             42.7557             7.95455             50.7102
                  15                 870                   0             43.1108             7.95455             51.0653
                  15                 880                   0             43.5014             7.95455              51.456
                  15                 890                   0             43.5724             6.81818             50.3906
                  15                 900                   0             50.1598             2.84091             53.0007
                  15                 910                   0             52.7344             2.27273             55.0071
                  15                 920                   0             56.3565             2.27273             58.6293
                  15                 930                   0             56.6051             2.27273             58.8778
                  15                 940                   0             59.8899             2.27273             62.1626
                  15                 950                   0             60.1385             2.27273             62.4112
                  15                 960                   0             60.2983             2.27273              62.571
                  15                 970                   0             57.5107             2.27273             59.7834
                  15                 980                   0             57.5817             2.27273             59.8544
                  15                 990                   0             57.7415             2.27273             60.0142
                  15                1000                   0             60.7422             2.27273             63.0149
