                  40                   0                   0            0.621449                62.5             63.1214
                  40                  10                   0            0.799006             61.3636             62.1626
                  40                  20                   0            0.976562             53.9773             54.9538
                  40                  30                   0             1.04759             51.7045             52.7521
                  40                  40                   0             1.22514                  50             51.2251
                  40                  50                   0             1.52699             44.8864             46.4134
                  40                  60                   0             1.27841             44.3182             45.5966
                  40                  70                   0             1.65128             42.0455             43.6967
                  40                  80                   0              2.0419             40.9091              42.951
                  40                  90                   0             2.62784             39.7727             42.4006
                  40                 100                   0             2.94744             38.6364             41.5838
                  40                 110                   0             3.16051             34.0909             37.2514
                  40                 120                   0             3.42685             32.9545             36.3814
                  40                 130                   0             3.58665             31.8182             35.4048
                  40                 140                   0             3.95952             28.4091             32.3686
                  40                 150                   0             4.26136             27.2727             31.5341
                  40                 160                   0             4.58097             26.1364             30.7173
                  40                 170                   0             4.86506                  25             29.8651
                  40                 180                   0             6.53409             17.0455             23.5795
                  40                 190                   0              6.7294             17.6136              24.343
                  40                 200                   0             7.45739             19.3182             26.7756
                  40                 210                   0             8.06108             19.3182             27.3793
                  40                 220                   0              8.1321             17.6136             25.7457
                  40                 230                   0             9.16193             17.0455             26.2074
                  40                 240                   0              9.5348             15.9091             25.4439
                  40                 250                   0             10.1385             15.9091             26.0476
                  40                 260                   0             11.0618             16.4773             27.5391
                  40                 270                   0             10.5114             17.6136              28.125
                  40                 280                   0             11.8786             17.0455              28.924
                  40                 290                   0             12.0916             16.4773             28.5689
                  40                 300                   0              13.157             15.9091             29.0661
                  40                 310                   0             13.3523             14.2045             27.5568
                  40                 320                   0             13.9205             13.0682             26.9886
                  40                 330                   0             14.1868             11.9318             26.1186
                  40                 340                   0              14.755             10.7955             25.5504
                  40                 350                   0              15.767             11.3636             27.1307
                  40                 360                   0              16.495             11.3636             27.8587
                  40                 370                   0             16.8857             10.2273             27.1129
                  40                 380                   0              17.223             10.2273             27.4503
                  40                 390                   0             17.6847             10.2273             27.9119
                  40                 400                   0             18.2528             10.2273             28.4801
                  40                 410                   0             18.9631             9.65909             28.6222
                  40                 420                   0             19.7443             9.65909             29.4034
                  40                 430                   0             20.9162             9.65909             30.5753
                  40                 440                   0             21.6087             11.3636             32.9723
                  40                 450                   0             22.1946             11.3636             33.5582
                  40                 460                   0             23.1712             11.3636             34.5348
                  40                 470                   0             24.7159             11.3636             36.0795
                  40                 480                   0             25.8523             11.3636             37.2159
                  40                 490                   0             26.7401             11.3636             38.1037
                  40                 500                   0             27.5036             10.7955              38.299
                  40                 510                   0             28.1783             10.7955             38.9737
                  40                 520                   0             27.5213             10.7955             38.3168
                  40                 530                   0             28.3913             10.7955             39.1868
                  40                 540                   0             30.4155             10.7955             41.2109
                  40                 550                   0             31.7827             10.7955             42.5781
                  40                 560                   0             33.1854             11.3636              44.549
                  40                 570                   0             34.7834             10.2273             45.0107
                  40                 580                   0             34.6768             10.7955             45.4723
                  40                 590                   0                37.5             10.7955             48.2955
                  40                 600                   0             41.1932             10.2273             51.4205
                  40                 610                   0             42.4716             10.2273             52.6989
                  40                 620                   0             42.9332             10.2273             53.1605
                  40                 630                   0             43.4482             10.2273             53.6754
                  40                 640                   0             45.9872             10.2273             56.2145
                  40                 650                   0             46.5021             10.2273             56.7294
                  40                 660                   0             45.2415             10.7955             56.0369
                  40                 670                   0             46.3601             10.7955             57.1555
                  40                 680                   0             49.6449             7.95455             57.5994
                  40                 690                   0             52.6456             7.38636              60.032
                  40                 700                   0             55.9659                6.25             62.2159
                  40                 710                   0             57.3864             6.81818             64.2045
                  40                 720                   0             57.6705             6.81818             64.4886
                  40                 730                   0              57.919                6.25              64.169
                  40                 740                   0             60.2805             1.70455             61.9851
                  40                 750                   0             60.6712             1.70455             62.3757
                  40                 760                   0             62.2159             1.70455             63.9205
                  40                 770                   0             63.1214             1.70455              64.826
                  40                 780                   0             64.4531             1.70455             66.1577
                  40                 790                   0             64.6484             1.70455              66.353
                  40                 800                   0             65.0391             1.70455             66.7436
                  40                 810                   0              65.625             1.70455             67.3295
                  40                 820                   0             65.7848             1.70455             67.4893
                  40                 830                   0             66.1932             1.70455             67.8977
                  40                 840                   0             66.2997             1.70455             68.0043
                  40                 850                   0             66.3352             1.70455             68.0398
                  40                 860                   0             67.7379             1.13636             68.8743
                  40                 870                   0             67.9865             1.13636             69.1229
                  40                 880                   0             67.8622             1.13636             68.9986
                  40                 890                   0             67.8977             1.13636             69.0341
                  40                 900                   0             70.7209             1.13636             71.8572
                  40                 910                   0             71.0938             1.13636             72.2301
                  40                 920                   0             71.1648             1.13636             72.3011
                  40                 930                   0             71.1825             1.13636             72.3189
                  40                 940                   0             71.3068             1.13636             72.4432
                  40                 950                   0             71.3956             1.13636              72.532
                  40                 960                   0             73.5618             1.13636             74.6982
                  40                 970                   0             73.5795             1.13636             74.7159
                  40                 980                   0             74.0767             1.13636             75.2131
                  40                 990                   0             74.0767             1.13636             75.2131
                  40                1000                   0             74.1122             1.13636             75.2486
