                  50                   0                   0             1.47372             47.1591             48.6328
                  50                  10                   0              1.5625             46.5909             48.1534
                  50                  20                   0             1.75781             44.3182              46.076
                  50                  30                   0             2.18395             43.1818             45.3658
                  50                  40                   0             2.16619             41.4773             43.6435
                  50                  50                   0             2.57457             41.4773             44.0518
                  50                  60                   0             3.00071             38.0682             41.0689
                  50                  70                   0             3.53338             38.0682             41.6016
                  50                  80                   0             3.90625             35.2273             39.1335
                  50                  90                   0             4.38565             33.5227             37.9084
                  50                 100                   0             4.97159             32.3864              37.358
                  50                 110                   0             4.72301             30.6818             35.4048
                  50                 120                   0             5.25568             34.6591             39.9148
                  50                 130                   0             5.84162             32.9545             38.7962
                  50                 140                   0             6.30327             30.1136             36.4169
                  50                 150                   0             6.55185             24.4318             30.9837
                  50                 160                   0             7.42188             23.2955             30.7173
                  50                 170                   0             8.71804             19.8864             28.6044
                  50                 180                   0             9.16193             19.8864             29.0483
                  50                 190                   0             9.07315             21.5909             30.6641
                  50                 200                   0             9.46378             19.3182              28.782
                  50                 210                   0             9.94318               18.75             28.6932
                  50                 220                   0             10.4048             17.6136             28.0185
                  50                 230                   0             10.7599             17.6136             28.3736
                  50                 240                   0             11.5057             17.0455             28.5511
                  50                 250                   0             13.2457             17.0455             30.2912
                  50                 260                   0             13.7429             15.3409             29.0838
                  50                 270                   0              13.956             14.7727             28.7287
                  50                 280                   0             14.3288             14.2045             28.5334
                  50                 290                   0              14.968             13.6364             28.6044
                  50                 300                   0             15.2344             13.0682             28.3026
                  50                 310                   0             15.9801             13.0682             29.0483
                  50                 320                   0             16.6548                12.5             29.1548
                  50                 330                   0             17.4893             11.3636              28.853
                  50                 340                   0               17.88             11.3636             29.2436
                  50                 350                   0             18.1286             11.3636             29.4922
                  50                 360                   0             18.8565             10.2273             29.0838
                  50                 370                   0              20.277             10.7955             31.0724
                  50                 380                   0             20.8452             10.2273             31.0724
                  50                 390                   0             21.1293             10.2273             31.3565
                  50                 400                   0             21.3778             10.7955             32.1733
                  50                 410                   0             22.0348             10.2273             32.2621
                  50                 420                   0             22.8338             10.2273             33.0611
                  50                 430                   0             23.6683             10.2273             33.8956
                  50                 440                   0             24.1655             10.7955             34.9609
                  50                 450                   0             24.8047             10.7955             35.6001
                  50                 460                   0             26.1364             11.3636                37.5
                  50                 470                   0             26.6868             11.3636             38.0504
                  50                 480                   0             28.4091             11.9318             40.3409
                  50                 490                   0             28.7109             11.3636             40.0746
                  50                 500                   0             33.3452             10.7955             44.1406
                  50                 510                   0             33.7358             13.0682              46.804
                  50                 520                   0             34.7124             13.0682             47.7805
                  50                 530                   0             36.9496             13.0682             50.0178
                  50                 540                   0             40.4652                12.5             52.9652
                  50                 550                   0             42.5426                12.5             55.0426
                  50                 560                   0             44.1229                12.5             56.6229
                  50                 570                   0             45.0639             11.9318             56.9957
                  50                 580                   0              47.745             10.2273             57.9723
                  50                 590                   0             50.1243             9.65909             59.7834
                  50                 600                   0              51.456             9.65909             61.1151
                  50                 610                   0             52.0597             9.65909             61.7188
                  50                 620                   0             52.3615             9.09091             61.4524
                  50                 630                   0             52.8942             9.09091             61.9851
                  50                 640                   0             53.4446             9.09091             62.5355
                  50                 650                   0             53.8175             9.09091             62.9084
                  50                 660                   0             53.6754             9.09091             62.7663
                  50                 670                   0             60.2983             1.70455             62.0028
                  50                 680                   0             61.5589             1.70455             63.2635
                  50                 690                   0             62.0739             1.70455             63.7784
                  50                 700                   0             63.0682             1.13636             64.2045
                  50                 710                   0             63.9915             1.13636             65.1278
                  50                 720                   0             64.3643             1.13636             65.5007
                  50                 730                   0             65.6428             1.13636             66.7791
                  50                 740                   0             66.1044             1.13636             67.2408
                  50                 750                   0             66.1932             1.13636             67.3295
                  50                 760                   0             66.4595             1.13636             67.5959
                  50                 770                   0             66.9389             1.13636             68.0753
                  50                 780                   0             67.0277             1.13636             68.1641
                  50                 790                   0             67.9865             1.13636             69.1229
                  50                 800                   0             68.2173             1.13636             69.3537
                  50                 810                   0             68.7678             1.13636             69.9041
                  50                 820                   0              68.892             1.13636             70.0284
                  50                 830                   0             68.9986             1.13636             70.1349
                  50                 840                   0             70.7919             1.13636             71.9283
                  50                 850                   0             73.4908             1.13636             74.6271
                  50                 860                   0             73.5618             1.13636             74.6982
                  50                 870                   0             73.7216             1.13636              74.858
                  50                 880                   0             73.1534             1.13636             74.2898
                  50                 890                   0             73.1712             1.13636             74.3075
                  50                 900                   0             73.3665             1.13636             74.5028
                  50                 910                   0             74.5561             1.13636             75.6925
                  50                 920                   0             74.7869             1.13636             75.9233
                  50                 930                   0             75.3018             1.13636             76.4382
                  50                 940                   0             76.7401             1.13636             77.8764
                  50                 950                   0             76.7578             1.13636             77.8942
                  50                 960                   0             77.0774             1.13636             78.2138
                  50                 970                   0             77.1129             1.13636             78.2493
                  50                 980                   0             77.3082             1.13636             78.4446
                  50                 990                   0             77.7699             1.13636             78.9062
                  50                1000                   0             77.8942             1.13636             79.0305
