                  35                   0                   0            0.213068             67.0455             67.2585
                  35                  10                   0            0.355114                62.5             62.8551
                  35                  20                   0            0.497159             60.2273             60.7244
                  35                  30                   0            0.568182             55.6818               56.25
                  35                  40                   0            0.639205             55.1136             55.7528
                  35                  50                   0            0.692472             54.5455             55.2379
                  35                  60                   0             1.04759             48.8636             49.9112
                  35                  70                   0            0.994318             44.3182             45.3125
                  35                  80                   0             1.29616             41.4773             42.7734
                  35                  90                   0             1.74006             41.4773             43.2173
                  35                 100                   0             1.97088             39.2045             41.1754
                  35                 110                   0             2.11293             38.6364             40.7493
                  35                 120                   0             2.61009             35.2273             37.8374
                  35                 130                   0             3.05398             34.0909             37.1449
                  35                 140                   0             3.30256               31.25             34.5526
                  35                 150                   0             3.40909             27.2727             30.6818
                  35                 160                   0             3.72869             26.7045             30.4332
                  35                 170                   0             4.01278             26.7045             30.7173
                  35                 180                   0             4.93608             22.7273             27.6634
                  35                 190                   0              5.7706             18.1818             23.9524
                  35                 200                   0             5.94815             16.4773             22.4254
                  35                 210                   0             6.23224             15.3409             21.5732
                  35                 220                   0             6.69389             20.4545             27.1484
                  35                 230                   0             6.97798             19.8864             26.8643
                  35                 240                   0             7.43963             19.8864              27.326
                  35                 250                   0             7.79474             18.1818             25.9766
                  35                 260                   0             8.18537             15.9091             24.0945
                  35                 270                   0              8.7358             15.9091             24.6449
                  35                 280                   0             9.07315             14.7727             23.8459
                  35                 290                   0             9.55256             14.7727             24.3253
                  35                 300                   0             10.1562             14.7727              24.929
                  35                 310                   0             10.5824             14.7727             25.3551
                  35                 320                   0             11.6122             16.4773             28.0895
                  35                 330                   0             12.7486             15.9091             28.6577
                  35                 340                   0             13.0504             16.4773             29.5277
                  35                 350                   0             13.5298             16.4773             30.0071
                  35                 360                   0             15.2876             15.9091             31.1967
                  35                 370                   0             17.5604             14.2045             31.7649
                  35                 380                   0             16.0511             10.2273             26.2784
                  35                 390                   0             16.3707             10.2273              26.598
                  35                 400                   0             17.9332             10.2273             28.1605
                  35                 410                   0             19.9219             9.65909              29.581
                  35                 420                   0             20.6676             10.2273             30.8949
                  35                 430                   0              21.147             9.65909             30.8061
                  35                 440                   0             21.5021             9.65909             31.1612
                  35                 450                   0             22.7273             9.65909             32.3864
                  35                 460                   0             23.7038             9.65909             33.3629
                  35                 470                   0             21.9283             9.65909             31.5874
                  35                 480                   0             22.9759             9.65909             32.6349
                  35                 490                   0             23.5618             9.65909             33.2209
                  35                 500                   0             24.8757             9.65909             34.5348
                  35                 510                   0             26.3139             9.09091             35.4048
                  35                 520                   0             27.6101             10.7955             38.4055
                  35                 530                   0             28.1072             10.7955             38.9027
                  35                 540                   0             29.8118             10.7955             40.6072
                  35                 550                   0             31.1967             10.7955             41.9922
                  35                 560                   0             31.7827             10.7955             42.5781
                  35                 570                   0             32.2621             10.7955             43.0575
                  35                 580                   0             32.1555             10.7955              42.951
                  35                 590                   0             33.1143             10.7955             43.9098
                  35                 600                   0             35.3338             10.7955             46.1293
                  35                 610                   0             36.3104             10.7955             47.1058
                  35                 620                   0             36.7898             10.7955             47.5852
                  35                 630                   0              40.696             10.7955             51.4915
                  35                 640                   0             43.5902             9.09091             52.6811
                  35                 650                   0             44.3537             9.09091             53.4446
                  35                 660                   0             41.9922             10.7955             52.7876
                  35                 670                   0             42.4538             10.7955             53.2493
                  35                 680                   0             42.9688             10.7955             53.7642
                  35                 690                   0             45.6143             9.09091             54.7053
                  35                 700                   0             46.2358             8.52273             54.7585
                  35                 710                   0             48.8814             7.95455             56.8359
                  35                 720                   0             49.3786             7.95455             57.3331
                  35                 730                   0             50.4794             7.95455             58.4339
                  35                 740                   0             53.6577             6.81818             60.4759
                  35                 750                   0             55.3267                6.25             61.5767
                  35                 760                   0             56.8892                6.25             63.1392
                  35                 770                   0             59.8366             2.27273             62.1094
                  35                 780                   0             61.1151             2.27273             63.3878
                  35                 790                   0             61.4169             2.27273             63.6896
                  35                 800                   0             61.9496             1.70455             63.6541
                  35                 810                   0             62.9084             1.70455             64.6129
                  35                 820                   0             63.5653             1.70455             65.2699
                  35                 830                   0             64.8082             1.70455             66.5128
                  35                 840                   0             65.0036             1.70455             66.7081
                  35                 850                   0             65.2344             1.70455             66.9389
                  35                 860                   0             66.4595             1.70455             68.1641
                  35                 870                   0             66.8501             1.70455             68.5547
                  35                 880                   0             67.1342             1.70455             68.8388
                  35                 890                   0             66.4062             1.70455             68.1108
                  35                 900                   0             66.6016             1.70455             68.3061
                  35                 910                   0             67.3828             1.70455             69.0874
                  35                 920                   0             67.5604             1.70455             69.2649
                  35                 930                   0             68.7145             1.70455              70.419
                  35                 940                   0             67.6491             1.70455             69.3537
                  35                 950                   0             70.1349             1.70455             71.8395
                  35                 960                   0             71.2713             1.70455             72.9759
                  35                 970                   0             71.3246             1.70455             73.0291
                  35                 980                   0             71.3956             1.70455             73.1001
                  35                 990                   0             71.6797             1.70455             73.3842
                  35                1000                   0             72.1058             1.70455             73.8104
