                  55                   0                   0             1.89986             45.4545             47.3544
                  55                  10                   0             2.11293             44.3182             46.4311
                  55                  20                   0             2.59233             40.3409             42.9332
                  55                  30                   0             2.75213             38.0682             40.8203
                  55                  40                   0             3.08949             38.6364             41.7259
                  55                  50                   0             3.40909             38.0682             41.4773
                  55                  60                   0              4.0483             35.7955             39.8438
                  55                  70                   0             4.65199             35.2273             39.8793
                  55                  80                   0              5.0071             35.2273             40.2344
                  55                  90                   0             5.34446               31.25             36.5945
                  55                 100                   0             5.46875             34.0909             39.5597
                  55                 110                   0             5.87713             34.6591             40.5362
                  55                 120                   0             6.78267             34.0909             40.8736
                  55                 130                   0             7.43963             28.9773             36.4169
                  55                 140                   0             7.75923             28.4091             36.1683
                  55                 150                   0             8.09659             23.2955              31.392
                  55                 160                   0             8.93111             22.1591             31.0902
                  55                 170                   0             9.25071             21.5909             30.8416
                  55                 180                   0              9.5348             21.5909             31.1257
                  55                 190                   0             9.99645             19.8864             29.8828
                  55                 200                   0              10.245               18.75              28.995
                  55                 210                   0             10.9197             18.1818             29.1016
                  55                 220                   0             11.9141             17.0455             28.9595
                  55                 230                   0             12.8196             16.4773             29.2969
                  55                 240                   0             14.2756             16.4773             30.7528
                  55                 250                   0             14.6307             15.3409             29.9716
                  55                 260                   0             14.9858             14.7727             29.7585
                  55                 270                   0             15.3232             13.6364             28.9595
                  55                 280                   0              15.767             13.6364             29.4034
                  55                 290                   0             16.2997             13.0682             29.3679
                  55                 300                   0             17.5604             13.0682             30.6286
                  55                 310                   0             17.8267             13.0682             30.8949
                  55                 320                   0              18.608             11.3636             29.9716
                  55                 330                   0             19.5135             10.7955             30.3089
                  55                 340                   0             20.8984             11.3636             32.2621
                  55                 350                   0             21.8928             11.3636             33.2564
                  55                 360                   0             21.9993             10.7955             32.7947
                  55                 370                   0             23.1357             10.7955             33.9311
                  55                 380                   0             23.9702             9.65909             33.6293
                  55                 390                   0             25.2663             8.52273             33.7891
                  55                 400                   0             26.2074             8.52273             34.7301
                  55                 410                   0             29.7585             9.65909             39.4176
                  55                 420                   0             30.5575             9.65909             40.2166
                  55                 430                   0             30.1847             10.2273             40.4119
                  55                 440                   0             30.6108             10.2273             40.8381
                  55                 450                   0             31.1612             10.2273             41.3885
                  55                 460                   0             32.1911             9.09091              41.282
                  55                 470                   0             32.8658             8.52273             41.3885
                  55                 480                   0             33.9489             10.2273             44.1761
                  55                 490                   0             35.0852             10.2273             45.3125
                  55                 500                   0             37.5533                12.5             50.0533
                  55                 510                   0             40.4119                12.5             52.9119
                  55                 520                   0             40.8736                12.5             53.3736
                  55                 530                   0             45.5788                12.5             58.0788
                  55                 540                   0             47.4432                12.5             59.9432
                  55                 550                   0             49.1477                12.5             61.6477
                  55                 560                   0             49.6449             11.9318             61.5767
                  55                 570                   0             51.0298             9.65909             60.6889
                  55                 580                   0              51.527             9.65909             61.1861
                  55                 590                   0             51.9709             9.65909               61.63
                  55                 600                   0             52.6278             9.65909             62.2869
                  55                 610                   0              53.267             9.09091              62.358
                  55                 620                   0             54.5632             9.09091             63.6541
                  55                 630                   0             55.0604             9.09091             64.1513
                  55                 640                   0             57.6172             4.54545             62.1626
                  55                 650                   0              59.517             2.84091              62.358
                  55                 660                   0             62.3224             1.70455              64.027
                  55                 670                   0             63.3345             1.70455             65.0391
                  55                 680                   0              64.098             1.70455             65.8026
                  55                 690                   0             64.6484             1.13636             65.7848
                  55                 700                   0             65.1456             1.13636              66.282
                  55                 710                   0             65.5007             1.13636             66.6371
                  55                 720                   0             65.8736             1.13636             67.0099
                  55                 730                   0             67.5249             1.13636             68.6612
                  55                 740                   0               67.88             1.13636             69.0163
                  55                 750                   0             67.9865             1.13636             69.1229
                  55                 760                   0             68.5014             1.13636             69.6378
                  55                 770                   0             68.6435             1.13636             69.7798
                  55                 780                   0             69.3004             1.13636             70.4368
                  55                 790                   0             70.3835             1.13636             71.5199
                  55                 800                   0             70.5078             1.13636             71.6442
                  55                 810                   0             72.1058             1.13636             73.2422
                  55                 820                   0             72.2301             1.13636             73.3665
                  55                 830                   0             73.4197             1.13636             74.5561
                  55                 840                   0             75.8523             1.13636             76.9886
                  55                 850                   0             75.9233             1.13636             77.0597
                  55                 860                   0             77.0419             1.13636             78.1783
                  55                 870                   0             77.1839             1.13636             78.3203
                  55                 880                   0              77.255             1.13636             78.3913
                  55                 890                   0              77.326             1.13636             78.4624
                  55                 900                   0              77.326             1.13636             78.4624
                  55                 910                   0             77.8232             1.13636             78.9595
                  55                 920                   0             79.0483             1.13636             80.1847
                  55                 930                   0             79.2791             1.13636             80.4155
                  55                 940                   0             79.3679             1.13636             80.5043
                  55                 950                   0             79.9183             1.13636             81.0547
                  55                 960                   0             79.9361             1.13636             81.0724
                  55                 970                   0             80.4865             1.13636             81.6229
                  55                 980                   0             80.6818             1.13636             81.8182
                  55                 990                   0             80.7351             1.13636             81.8714
                  55                1000                   0             81.4986             1.13636             82.6349
