                 100                   0                   0             20.0462             23.2955             43.3416
                 100                  10                   0             18.7145             24.4318             43.1463
                 100                  20                   0             18.4304             30.6818             49.1122
                 100                  30                   0             21.3956             28.9773             50.3729
                 100                  40                   0             21.5732             28.9773             50.5504
                 100                  50                   0             22.9048             25.5682              48.473
                 100                  60                   0             24.6271             20.4545             45.0817
                 100                  70                   0               25.87             17.6136             43.4837
                 100                  80                   0             25.9233             17.6136             43.5369
                 100                  90                   0             27.1839             15.9091              43.093
                 100                 100                   0             27.4503             14.7727              42.223
                 100                 110                   0             27.9652             13.6364             41.6016
                 100                 120                   0             28.3913                12.5             40.8913
                 100                 130                   0             29.3501             13.0682             42.4183
                 100                 140                   0             30.0781             11.3636             41.4418
                 100                 150                   0             31.0902             10.7955             41.8857
                 100                 160                   0             31.9247             10.7955             42.7202
                 100                 170                   0             33.0433             9.65909             42.7024
                 100                 180                   0             33.5582             9.65909             43.2173
                 100                 190                   0             35.4581             9.65909             45.1172
                 100                 200                   0             37.5533             9.65909             47.2124
                 100                 210                   0             38.7074             9.09091             47.7983
                 100                 220                   0             39.7195             9.09091             48.8104
                 100                 230                   0             41.4595             9.09091             50.5504
                 100                 240                   0             41.9567             8.52273             50.4794
                 100                 250                   0             43.6612             7.95455             51.6158
                 100                 260                   0             44.9041             7.38636             52.2905
                 100                 270                   0             47.7628             7.38636             55.1491
                 100                 280                   0             49.5384                6.25             55.7884
                 100                 290                   0              51.456                6.25              57.706
                 100                 300                   0              52.983                6.25              59.233
                 100                 310                   0             54.9361                6.25             61.1861
                 100                 320                   0             56.8892             3.40909             60.2983
                 100                 330                   0              60.245             3.40909             63.6541
                 100                 340                   0             61.3281             2.84091              64.169
                 100                 350                   0             62.5178             2.84091             65.3587
                 100                 360                   0             63.8139             2.84091             66.6548
                 100                 370                   0             64.9325             2.84091             67.7734
                 100                 380                   0             65.8203             2.84091             68.6612
                 100                 390                   0             66.7081             2.84091              69.549
                 100                 400                   0             67.5249             2.84091             70.3658
                 100                 410                   0             69.5845             2.27273             71.8572
                 100                 420                   0             70.9517             2.27273             73.2244
                 100                 430                   0             72.2834             2.27273             74.5561
                 100                 440                   0             73.9524             2.27273             76.2251
                 100                 450                   0             74.6982             2.27273             76.9709
                 100                 460                   0             74.8402             2.27273             77.1129
                 100                 470                   0             75.5504             2.27273             77.8232
                 100                 480                   0             74.6804                6.25             80.9304
                 100                 490                   0             75.3729                6.25             81.6229
                 100                 500                   0             76.0653                6.25             82.3153
                 100                 510                   0             76.7223                6.25             82.9723
                 100                 520                   0             79.0838             5.68182             84.7656
                 100                 530                   0             79.7053             5.68182             85.3871
                 100                 540                   0             80.4865             5.68182             86.1683
                 100                 550                   0             81.6761             5.68182              87.358
                 100                 560                   0             81.9602             5.68182              87.642
                 100                 570                   0             82.9545             5.68182             88.6364
                 100                 580                   0             83.1499             5.68182             88.8317
                 100                 590                   0             83.3274             5.11364             88.4411
                 100                 600                   0              83.576             5.11364             88.6896
                 100                 610                   0              84.375             5.11364             89.4886
                 100                 620                   0             84.9432             5.11364             90.0568
                 100                 630                   0              85.174             5.11364             90.2876
                 100                 640                   0             85.5824             5.11364              90.696
                 100                 650                   0             85.8487             5.11364             90.9624
                 100                 660                   0              85.973             5.11364             91.0866
                 100                 670                   0             86.5234             5.11364             91.6371
                 100                 680                   0              86.772             5.11364             91.8857
                 100                 690                   0             87.0916             5.11364             92.2053
                 100                 700                   0             87.4467             5.11364             92.5604
                 100                 710                   0             87.7131             5.11364             92.8267
                 100                 720                   0             88.4233             5.11364             93.5369
                 100                 730                   0             88.4766             5.11364             93.5902
                 100                 740                   0             88.7251             5.11364             93.8388
                 100                 750                   0             88.8849             5.11364             93.9986
                 100                 760                   0              88.956             5.11364             94.0696
                 100                 770                   0             89.4531             5.11364             94.5668
                 100                 780                   0             89.5952             5.11364             94.7088
                 100                 790                   0             89.6484             5.11364             94.7621
                 100                 800                   0             89.6662             5.11364             94.7798
                 100                 810                   0             89.7372             5.11364             94.8509
                 100                 820                   0              89.755             5.11364             94.8686
                 100                 830                   0             89.9503             5.11364             95.0639
                 100                 840                   0              89.968             5.11364             95.0817
                 100                 850                   0              89.968             5.11364             95.0817
                 100                 860                   0             90.1634             5.11364              95.277
                 100                 870                   0             90.1811             5.11364             95.2947
                 100                 880                   0              90.483             5.11364             95.5966
                 100                 890                   0              90.554             5.11364             95.6676
                 100                 900                   0             90.7493             5.11364             95.8629
                 100                 910                   0             90.7848             5.11364             95.8984
                 100                 920                   0             90.8558             5.11364             95.9695
                 100                 930                   0             90.8913             5.11364              96.005
                 100                 940                   0             90.8913             5.11364              96.005
                 100                 950                   0             90.8913             5.11364              96.005
                 100                 960                   0             90.9446             5.11364             96.0582
                 100                 970                   0             90.9446             5.11364             96.0582
                 100                 980                   0             91.0156             5.11364             96.1293
                 100                 990                   0             91.0156             5.11364             96.1293
                 100                1000                   0             91.0156             5.11364             96.1293
