                  40                   0                   0             3.26705             41.4773             44.7443
                  40                  10                   0             3.74645             41.4773             45.2237
                  40                  20                   0              4.2081             40.3409              44.549
                  40                  30                   0             4.42116             41.4773             45.8984
                  40                  40                   0             4.43892             39.2045             43.6435
                  40                  50                   0             5.11364             36.3636             41.4773
                  40                  60                   0             5.36222             39.7727             45.1349
                  40                  70                   0             5.43324             29.5455             34.9787
                  40                  80                   0             5.85938             28.9773             34.8366
                  40                  90                   0             6.14347             31.8182             37.9616
                  40                 100                   0             5.98366             32.9545             38.9382
                  40                 110                   0             7.15554             27.2727             34.4283
                  40                 120                   0             7.95455             26.1364             34.0909
                  40                 130                   0             8.61151                  25             33.6115
                  40                 140                   0               9.375             23.2955             32.6705
                  40                 150                   0             9.96094             22.7273             32.6882
                  40                 160                   0             9.74787             28.4091              38.157
                  40                 170                   0             10.0852             27.8409             37.9261
                  40                 180                   0             11.5057             27.2727             38.7784
                  40                 190                   0             14.5419             19.3182             33.8601
                  40                 200                   0             13.7962             22.7273             36.5234
                  40                 210                   0             14.7017             18.1818             32.8835
                  40                 220                   0             15.3764               18.75             34.1264
                  40                 230                   0             16.7259               18.75             35.4759
                  40                 240                   0             17.6669               18.75             36.4169
                  40                 250                   0              18.821             17.0455             35.8665
                  40                 260                   0             20.1349             14.2045             34.3395
                  40                 270                   0             20.5788             13.6364             34.2152
                  40                 280                   0             20.8629             13.0682             33.9311
                  40                 290                   0             21.6442             13.0682             34.7124
                  40                 300                   0             22.5142                12.5             35.0142
                  40                 310                   0             23.1001             14.2045             37.3047
                  40                 320                   0             23.9169             14.2045             38.1214
                  40                 330                   0             24.7692             14.2045             38.9737
                  40                 340                   0             24.9467             13.0682             38.0149
                  40                 350                   0             25.3906             13.0682             38.4588
                  40                 360                   0             26.2429                12.5             38.7429
                  40                 370                   0             26.4382             11.9318               38.37
                  40                 380                   0             26.9886             11.3636             38.3523
                  40                 390                   0             27.5213             11.3636             38.8849
                  40                 400                   0              28.125             11.3636             39.4886
                  40                 410                   0             28.7287             10.7955             39.5241
                  40                 420                   0             28.9773             10.7955             39.7727
                  40                 430                   0             29.4922             11.9318              41.424
                  40                 440                   0             29.9716             10.7955              40.767
                  40                 450                   0             31.1435             9.65909             40.8026
                  40                 460                   0             32.1023             9.65909             41.7614
                  40                 470                   0             32.6705             13.0682             45.7386
                  40                 480                   0             33.2031             13.0682             46.2713
                  40                 490                   0             34.8011             13.0682             47.8693
                  40                 500                   0             36.0263             9.65909             45.6854
                  40                 510                   0             37.0384             9.65909             46.6974
                  40                 520                   0             38.4055             9.65909             48.0646
                  40                 530                   0             38.6009             9.65909             48.2599
                  40                 540                   0             39.4709             9.65909               49.13
                  40                 550                   0             40.4297             9.65909             50.0888
                  40                 560                   0              40.696             9.65909             50.3551
                  40                 570                   0             40.9801             9.65909             50.6392
                  40                 580                   0             42.3828             8.52273             50.9055
                  40                 590                   0             43.9453             8.52273              52.468
                  40                 600                   0             44.9574             8.52273             53.4801
                  40                 610                   0             45.5078             8.52273             54.0305
                  40                 620                   0             46.2003             8.52273              54.723
                  40                 630                   0             48.5085             8.52273             57.0312
                  40                 640                   0              49.201             8.52273             57.7237
                  40                 650                   0             50.4972             7.95455             58.4517
                  40                 660                   0             51.4737             7.95455             59.4283
                  40                 670                   0             52.2905             7.95455              60.245
                  40                 680                   0             54.1016             7.95455             62.0561
                  40                 690                   0             54.4922             7.95455             62.4467
                  40                 700                   0             56.3388             7.95455             64.2933
                  40                 710                   0              60.831             7.95455             68.7855
                  40                 720                   0              61.701             7.95455             69.6555
                  40                 730                   0             62.3935             7.95455              70.348
                  40                 740                   0             64.7905             5.68182             70.4723
                  40                 750                   0             66.9922             5.68182              72.674
                  40                 760                   0             67.5959             5.68182             73.2777
                  40                 770                   0             68.0398             5.68182             73.7216
                  40                 780                   0             68.4304             5.68182             74.1122
                  40                 790                   0             71.6087             1.13636              72.745
                  40                 800                   0             71.2536             5.68182             76.9354
                  40                 810                   0             71.3778             5.68182             77.0597
                  40                 820                   0             72.1236             5.68182             77.8054
                  40                 830                   0             72.4787             5.68182             78.1605
                  40                 840                   0              72.603             5.68182             78.2848
                  40                 850                   0             72.3722             5.68182              78.054
                  40                 860                   0             72.5142             5.68182              78.196
                  40                 870                   0             73.0469             5.68182             78.7287
                  40                 880                   0             73.1534             5.68182             78.8352
                  40                 890                   0             73.3665             5.68182             79.0483
                  40                 900                   0             73.6328             5.68182             79.3146
                  40                 910                   0             73.6328             5.68182             79.3146
                  40                 920                   0             73.9347             5.68182             79.6165
                  40                 930                   0             73.9879             5.68182             79.6697
                  40                 940                   0             74.1832             5.68182             79.8651
                  40                 950                   0             74.1832             5.68182             79.8651
                  40                 960                   0             74.2543             5.68182             79.9361
                  40                 970                   0             74.2898             5.68182             79.9716
                  40                 980                   0             74.3608             5.68182             80.0426
                  40                 990                   0             74.7337             5.68182             80.4155
                  40                1000                   0             74.7514             5.68182             80.4332
