                  65                   0                   0             9.51705             34.0909              43.608
                  65                  10                   0             9.97869             30.1136             40.0923
                  65                  20                   0             11.3814             27.8409             39.2223
                  65                  30                   0             12.1626             24.4318             36.5945
                  65                  40                   0             12.5533             26.1364             38.6896
                  65                  50                   0             13.6541             26.7045             40.3587
                  65                  60                   0             14.4176             26.7045             41.1222
                  65                  70                   0             15.1101             25.5682             40.6783
                  65                  80                   0             16.1044             22.1591             38.2635
                  65                  90                   0             16.3885             25.5682             41.9567
                  65                 100                   0             15.8913             25.5682             41.4595
                  65                 110                   0             17.4361             22.1591             39.5952
                  65                 120                   0             18.1641             20.4545             38.6186
                  65                 130                   0             18.3239             21.5909             39.9148
                  65                 140                   0             18.9808             18.1818             37.1626
                  65                 150                   0              21.218             15.3409             36.5589
                  65                 160                   0             22.1768             14.2045             36.3814
                  65                 170                   0              22.603             13.6364             36.2393
                  65                 180                   0             22.8871             13.6364             36.5234
                  65                 190                   0             23.7749             13.0682              36.843
                  65                 200                   0             24.1477             13.0682             37.2159
                  65                 210                   0             25.1598                12.5             37.6598
                  65                 220                   0             25.4972             11.3636             36.8608
                  65                 230                   0             25.9943             11.3636              37.358
                  65                 240                   0             26.2607             11.9318             38.1925
                  65                 250                   0             26.6335             11.9318             38.5653
                  65                 260                   0             26.9176             11.9318             38.8494
                  65                 270                   0              27.468             14.2045             41.6726
                  65                 280                   0             27.7521             11.3636             39.1158
                  65                 290                   0             28.0717             11.3636             39.4354
                  65                 300                   0             28.6044             11.3636              39.968
                  65                 310                   0             29.3146             11.3636             40.6783
                  65                 320                   0             30.8949             13.6364             44.5312
                  65                 330                   0             33.2209             13.6364             46.8572
                  65                 340                   0             33.8068             13.6364             47.4432
                  65                 350                   0             34.8899             13.0682             47.9581
                  65                 360                   0             35.4759                12.5             47.9759
                  65                 370                   0             36.0618                12.5             48.5618
                  65                 380                   0             36.8963                12.5             49.3963
                  65                 390                   0             37.1982                12.5             49.6982
                  65                 400                   0             38.1747             10.7955             48.9702
                  65                 410                   0              40.696             5.11364             45.8097
                  65                 420                   0             42.2408             5.11364             47.3544
                  65                 430                   0              43.892             5.11364             49.0057
                  65                 440                   0             47.1768             5.11364             52.2905
                  65                 450                   0             48.1712             5.11364             53.2848
                  65                 460                   0             50.2663             5.11364               55.38
                  65                 470                   0             51.1186             5.11364             56.2322
                  65                 480                   0             51.7045             5.11364             56.8182
                  65                 490                   0             52.8587             5.11364             57.9723
                  65                 500                   0             53.2493             5.11364             58.3629
                  65                 510                   0             56.1612             5.11364             61.2749
                  65                 520                   0             58.0433             5.11364              63.157
                  65                 530                   0             58.5582             5.11364             63.6719
                  65                 540                   0              59.446             5.11364             64.5597
                  65                 550                   0             60.5291             5.11364             65.6428
                  65                 560                   0             62.1982             5.11364             67.3118
                  65                 570                   0             64.0803             5.11364             69.1939
                  65                 580                   0             64.6662             5.11364             69.7798
                  65                 590                   0             65.2876             5.11364             70.4013
                  65                 600                   0             66.4418             5.11364             71.5554
                  65                 610                   0             67.4538             5.11364             72.5675
                  65                 620                   0             68.0043             5.11364             73.1179
                  65                 630                   0             68.5014             5.11364             73.6151
                  65                 640                   0             69.9219             5.11364             75.0355
                  65                 650                   0             72.4609             4.54545             77.0064
                  65                 660                   0             74.5739             4.54545             79.1193
                  65                 670                   0             74.8047             4.54545             79.3501
                  65                 680                   0             75.3906             4.54545             79.9361
                  65                 690                   0             75.6747             4.54545             80.2202
                  65                 700                   0             76.4205             4.54545             80.9659
                  65                 710                   0             76.5803             4.54545             81.1257
                  65                 720                   0             77.5213             4.54545             82.0668
                  65                 730                   0             77.7521             4.54545             82.2976
                  65                 740                   0             78.3203             4.54545             82.8658
                  65                 750                   0             78.4801             4.54545             83.0256
                  65                 760                   0             79.6342             4.54545             84.1797
                  65                 770                   0             79.7763             4.54545             84.3217
                  65                 780                   0             81.3565             4.54545              85.902
                  65                 790                   0             81.4808             4.54545             86.0263
                  65                 800                   0             81.5874             4.54545             86.1328
                  65                 810                   0             81.7649             4.54545             86.3104
                  65                 820                   0             81.9247             4.54545             86.4702
                  65                 830                   0             81.9425             4.54545             86.4879
                  65                 840                   0             82.9545             4.54545                87.5
                  65                 850                   0             82.9545             4.54545                87.5
                  65                 860                   0             83.9489             4.54545             88.4943
                  65                 870                   0             84.0021             4.54545             88.5476
                  65                 880                   0             84.0021             4.54545             88.5476
                  65                 890                   0             84.0554             4.54545             88.6009
                  65                 900                   0             84.1264             4.54545             88.6719
                  65                 910                   0             84.1264             4.54545             88.6719
                  65                 920                   0             84.1797             4.54545             88.7251
                  65                 930                   0             84.6946             4.54545             89.2401
                  65                 940                   0             85.2273             4.54545             89.7727
                  65                 950                   0              85.245             4.54545             89.7905
                  65                 960                   0              85.245             4.54545             89.7905
                  65                 970                   0              85.245             4.54545             89.7905
                  65                 980                   0             85.3516             4.54545              89.897
                  65                 990                   0             86.1151             4.54545             90.6605
                  65                1000                   0             86.1328             4.54545             90.6783
