                  25                   0                   0            0.745739             60.7955             61.5412
                  25                  10                   0            0.745739             55.6818             56.4276
                  25                  20                   0            0.870028                  50               50.87
                  25                  30                   0             1.06534             48.8636              49.929
                  25                  40                   0             1.11861             48.2955             49.4141
                  25                  50                   0              1.2429             48.2955             49.5384
                  25                  60                   0             1.29616             47.1591             48.4553
                  25                  70                   0             1.65128             40.9091             42.5604
                  25                  80                   0              1.7223             43.1818             44.9041
                  25                  90                   0             1.75781             42.0455             43.8033
                  25                 100                   0             2.32599             40.3409             42.6669
                  25                 110                   0             2.59233             44.3182             46.9105
                  25                 120                   0              2.8054             38.0682             40.8736
                  25                 130                   0             3.16051             42.6136             45.7741
                  25                 140                   0             3.21378             45.4545             48.6683
                  25                 150                   0             3.62216             28.9773             32.5994
                  25                 160                   0             4.03054             25.5682             29.5987
                  25                 170                   0             4.63423             28.4091             33.0433
                  25                 180                   0             5.41548             27.8409             33.2564
                  25                 190                   0             5.46875             27.8409             33.3097
                  25                 200                   0             5.78835             28.9773             34.7656
                  25                 210                   0             6.94247             24.4318             31.3743
                  25                 220                   0             7.79474             25.5682             33.3629
                  25                 230                   0             9.46378             19.8864             29.3501
                  25                 240                   0             10.5114             22.1591             32.6705
                  25                 250                   0             10.7955             19.3182             30.1136
                  25                 260                   0             10.7599             15.3409             26.1009
                  25                 270                   0             11.0795             15.3409             26.4205
                  25                 280                   0                12.5             15.3409             27.8409
                  25                 290                   0              13.228             15.3409             28.5689
                  25                 300                   0             12.7663             14.2045             26.9709
                  25                 310                   0             15.8913             18.1818             34.0732
                  25                 320                   0             16.0511             22.7273             38.7784
                  25                 330                   0             15.5185             20.4545              35.973
                  25                 340                   0             15.6428             18.1818             33.8246
                  25                 350                   0             16.2997             18.1818             34.4815
                  25                 360                   0             17.7202             17.0455             34.7656
                  25                 370                   0             17.8089             16.4773             34.2862
                  25                 380                   0             18.8388             17.6136             36.4524
                  25                 390                   0             18.2528             15.9091             34.1619
                  25                 400                   0             19.0163             13.0682             32.0845
                  25                 410                   0             19.2116             13.0682             32.2798
                  25                 420                   0              18.892             11.9318             30.8239
                  25                 430                   0              20.419                12.5              32.919
                  25                 440                   0             21.3778             11.9318             33.3097
                  25                 450                   0             21.2536             9.09091             30.3445
                  25                 460                   0             22.2301             9.09091              31.321
                  25                 470                   0             23.3487             9.09091             32.4396
                  25                 480                   0             23.9879             8.52273             32.5107
                  25                 490                   0             25.2486             8.52273             33.7713
                  25                 500                   0             27.2195             10.7955             38.0149
                  25                 510                   0             28.0185             11.9318             39.9503
                  25                 520                   0             28.9418             11.9318             40.8736
                  25                 530                   0             29.5987             11.9318             41.5305
                  25                 540                   0             31.1967             11.9318             43.1286
                  25                 550                   0             33.4339             10.7955             44.2294
                  25                 560                   0             33.2564             14.7727             48.0291
                  25                 570                   0             34.8011             10.7955             45.5966
                  25                 580                   0             35.6534             10.7955             46.4489
                  25                 590                   0             36.5057             10.7955             47.3011
                  25                 600                   0             38.8672             10.7955             49.6626
                  25                 610                   0             39.7017             6.81818             46.5199
                  25                 620                   0              42.294             6.81818             49.1122
                  25                 630                   0             44.0696             6.81818             50.8878
                  25                 640                   0             45.5611                6.25             51.8111
                  25                 650                   0             46.3423                6.25             52.5923
                  25                 660                   0             47.6207             5.68182             53.3026
                  25                 670                   0             49.5206             5.68182             55.2024
                  25                 680                   0             50.0533             5.68182             55.7351
                  25                 690                   0             52.0064             5.68182             57.6882
                  25                 700                   0             52.3793             5.68182             58.0611
                  25                 710                   0             53.0895             5.68182             58.7713
                  25                 720                   0             53.4801             5.68182             59.1619
                  25                 730                   0              53.782             5.68182             59.4638
                  25                 740                   0             54.2436                6.25             60.4936
                  25                 750                   0             52.1484                6.25             58.3984
                  25                 760                   0             53.3381                6.25             59.5881
                  25                 770                   0             54.4212                6.25             60.6712
                  25                 780                   0             54.0305             8.52273             62.5533
                  25                 790                   0              54.723             8.52273             63.2457
                  25                 800                   0             54.8118             8.52273             63.3345
                  25                 810                   0             56.9602             7.95455             64.9148
                  25                 820                   0             57.8125             7.95455              65.767
                  25                 830                   0             62.6598             7.95455             70.6143
                  25                 840                   0             65.9979             5.68182             71.6797
                  25                 850                   0             66.2287             5.68182             71.9105
                  25                 860                   0             66.2464             5.68182             71.9283
                  25                 870                   0             66.5128             5.68182             72.1946
                  25                 880                   0             66.5661             5.68182             72.2479
                  25                 890                   0             69.3004             1.13636             70.4368
                  25                 900                   0             69.4425             1.13636             70.5788
                  25                 910                   0             69.5668             1.13636             70.7031
                  25                 920                   0             69.6911             1.13636             70.8274
                  25                 930                   0             69.8331             1.13636             70.9695
                  25                 940                   0             68.4126             1.13636              69.549
                  25                 950                   0              68.608             1.13636             69.7443
                  25                 960                   0             68.8388             1.13636             69.9751
                  25                 970                   0             69.0518             1.13636             70.1882
                  25                 980                   0             69.1761             1.13636             70.3125
                  25                 990                   0             69.3004             1.13636             70.4368
                  25                1000                   0             69.3182             1.13636             70.4545
