                  15                   0                   0           0.0355114             78.4091             78.4446
                  15                  10                   0           0.0355114             76.1364             76.1719
                  15                  20                   0           0.0355114             75.5682             75.6037
                  15                  30                   0            0.053267             71.0227              71.076
                  15                  40                   0            0.053267             69.3182             69.3714
                  15                  50                   0            0.053267             67.0455             67.0987
                  15                  60                   0            0.142045             59.6591             59.8011
                  15                  70                   0            0.230824             57.3864             57.6172
                  15                  80                   0            0.319602             57.3864              57.706
                  15                  90                   0            0.497159             54.5455             55.0426
                  15                 100                   0            0.585938             53.9773             54.5632
                  15                 110                   0            0.692472                  50             50.6925
                  15                 120                   0             0.78125             51.1364             51.9176
                  15                 130                   0              1.0831             48.8636             49.9467
                  15                 140                   0             1.58026             44.8864             46.4666
                  15                 150                   0             2.07741             47.1591             49.2365
                  15                 160                   0             2.05966             45.4545             47.5142
                  15                 170                   0             2.32599             47.1591             49.4851
                  15                 180                   0             2.50355             41.4773             43.9808
                  15                 190                   0             3.01847             38.0682             41.0866
                  15                 200                   0               3.125             39.2045             42.3295
                  15                 210                   0             3.32031             35.2273             38.5476
                  15                 220                   0             3.69318             33.5227             37.2159
                  15                 230                   0              4.0483             29.5455             33.5938
                  15                 240                   0             5.14915             20.4545             25.6037
                  15                 250                   0             5.53977             26.7045             32.2443
                  15                 260                   0             6.26776             19.3182             25.5859
                  15                 270                   0             6.33878             22.7273             29.0661
                  15                 280                   0              6.5696             22.1591             28.7287
                  15                 290                   0             7.24432             17.6136              24.858
                  15                 300                   0             7.29759             24.4318             31.7294
                  15                 310                   0             7.42188               18.75             26.1719
                  15                 320                   0             7.54616             18.1818              25.728
                  15                 330                   0             8.23864             17.0455             25.2841
                  15                 340                   0             8.66477               18.75             27.4148
                  15                 350                   0             9.10866                  25             34.1087
                  15                 360                   0             9.39276             23.2955             32.6882
                  15                 370                   0             9.73011             22.7273             32.4574
                  15                 380                   0             9.99645             22.1591             32.1555
                  15                 390                   0             10.4226               18.75             29.1726
                  15                 400                   0             11.5589             25.5682             37.1271
                  15                 410                   0             12.2514             23.2955             35.5469
                  15                 420                   0             12.5888             21.5909             34.1797
                  15                 430                   0             14.4531             21.0227             35.4759
                  15                 440                   0             15.2344             23.2955             38.5298
                  15                 450                   0             16.1754             15.9091             32.0845
                  15                 460                   0             16.4418             14.2045             30.6463
                  15                 470                   0             17.7024             10.7955             28.4979
                  15                 480                   0             17.8089             10.7955             28.6044
                  15                 490                   0             18.5902             10.2273             28.8175
                  15                 500                   0             19.7621             10.2273             29.9893
                  15                 510                   0             20.6143             8.52273             29.1371
                  15                 520                   0             22.2479             7.38636             29.6342
                  15                 530                   0             22.4432             6.81818             29.2614
                  15                 540                   0             21.8217             9.65909             31.4808
                  15                 550                   0             22.3722             9.65909             32.0312
                  15                 560                   0             22.6385             9.65909             32.2976
                  15                 570                   0             22.9403             9.65909             32.5994
                  15                 580                   0             21.7685             9.65909             31.4276
                  15                 590                   0             23.2599             9.09091             32.3509
                  15                 600                   0             24.3963             9.09091             33.4872
                  15                 610                   0             28.0007             9.09091             37.0916
                  15                 620                   0             31.5874             3.97727             35.5646
                  15                 630                   0             29.6875             7.38636             37.0739
                  15                 640                   0             30.2734             7.38636             37.6598
                  15                 650                   0             30.8949             7.38636             38.2812
                  15                 660                   0             31.9957             6.81818             38.8139
                  15                 670                   0              32.777             6.81818             39.5952
                  15                 680                   0             35.0852             6.81818             41.9034
                  15                 690                   0              34.304             6.81818             41.1222
                  15                 700                   0              35.032             6.81818             41.8501
                  15                 710                   0             34.6413             7.38636             42.0277
                  15                 720                   0             37.7486             7.38636             45.1349
                  15                 730                   0             38.0859             7.38636             45.4723
                  15                 740                   0             37.0739                6.25             43.3239
                  15                 750                   0             43.5724                12.5             56.0724
                  15                 760                   0             43.6257                12.5             56.1257
                  15                 770                   0             46.6087                12.5             59.1087
                  15                 780                   0             46.9283                12.5             59.4283
                  15                 790                   0              46.875             10.2273             57.1023
                  15                 800                   0             48.7571             5.68182             54.4389
                  15                 810                   0             48.8991             5.68182              54.581
                  15                 820                   0             49.1832             5.68182             54.8651
                  15                 830                   0             49.2188             5.68182             54.9006
                  15                 840                   0             49.7337             5.68182             55.4155
                  15                 850                   0             54.9538             5.68182             60.6357
                  15                 860                   0             55.6286             5.68182             61.3104
                  15                 870                   0              56.108             5.68182             61.7898
                  15                 880                   0             55.2379             7.95455             63.1925
                  15                 890                   0             55.3445             7.95455              63.299
                  15                 900                   0             56.2145             7.95455              64.169
                  15                 910                   0             60.8132             7.95455             68.7678
                  15                 920                   0             61.2926             7.95455             69.2472
                  15                 930                   0             60.2095             7.95455             68.1641
                  15                 940                   0             60.5824             7.95455             68.5369
                  15                 950                   0             60.6712             7.95455             68.6257
                  15                 960                   0             60.6534             7.95455              68.608
                  15                 970                   0             60.6534             7.95455              68.608
                  15                 980                   0             61.0085             5.68182             66.6903
                  15                 990                   0             61.5057             5.68182             67.1875
                  15                1000                   0             61.7543             5.68182             67.4361
