                  90                   0                   0             16.7436             27.2727             44.0163
                  90                  10                   0              17.294             26.1364             43.4304
                  90                  20                   0             17.9155             25.5682             43.4837
                  90                  30                   0              17.081             28.9773             46.0582
                  90                  40                   0             17.9332             29.5455             47.4787
                  90                  50                   0             21.3423             21.5909             42.9332
                  90                  60                   0              21.005             22.7273             43.7322
                  90                  70                   0             22.1946             21.5909             43.7855
                  90                  80                   0             22.8338             20.4545             43.2884
                  90                  90                   0             24.4496             20.4545             44.9041
                  90                 100                   0             24.8047             17.0455             41.8501
                  90                 110                   0             25.0178             17.0455             42.0632
                  90                 120                   0             25.9411             15.3409              41.282
                  90                 130                   0             26.5447             13.0682             39.6129
                  90                 140                   0             27.3082             11.3636             38.6719
                  90                 150                   0             27.8232             11.3636             39.1868
                  90                 160                   0             28.3558             10.7955             39.1513
                  90                 170                   0             28.6754             10.7955             39.4709
                  90                 180                   0             29.9006             10.2273             40.1278
                  90                 190                   0             30.5043             10.2273             40.7315
                  90                 200                   0             31.2145             9.09091             40.3054
                  90                 210                   0             32.0135             9.65909             41.6726
                  90                 220                   0             32.5817             9.09091             41.6726
                  90                 230                   0             33.1499             10.2273             43.3771
                  90                 240                   0             34.8722             10.2273             45.0994
                  90                 250                   0             35.1918             9.65909             44.8509
                  90                 260                   0             36.5412             9.09091             45.6321
                  90                 270                   0             38.1037             9.09091             47.1946
                  90                 280                   0             39.2578             8.52273             47.7805
                  90                 290                   0             40.5185             7.38636             47.9048
                  90                 300                   0             41.6371             7.38636             49.0234
                  90                 310                   0             44.4957                6.25             50.7457
                  90                 320                   0             45.0994                6.25             51.3494
                  90                 330                   0             47.5675             5.68182             53.2493
                  90                 340                   0             49.6271             2.84091              52.468
                  90                 350                   0              51.456             2.84091             54.2969
                  90                 360                   0             53.6044             2.84091             56.4453
                  90                 370                   0             56.0192             2.84091             58.8601
                  90                 380                   0             56.9602             2.84091             59.8011
                  90                 390                   0             58.3807             2.84091             61.2216
                  90                 400                   0             60.3338             2.84091             63.1747
                  90                 410                   0             61.5945             2.84091             64.4354
                  90                 420                   0             62.5178             2.84091             65.3587
                  90                 430                   0             63.0149             2.84091             65.8558
                  90                 440                   0             65.1811             2.84091              68.022
                  90                 450                   0             65.8736             2.84091             68.7145
                  90                 460                   0             67.0099             2.84091             69.8509
                  90                 470                   0             68.5192             2.27273             70.7919
                  90                 480                   0             70.6676             2.27273             72.9403
                  90                 490                   0              71.005             2.27273             73.2777
                  90                 500                   0             71.7685             2.27273             74.0412
                  90                 510                   0             72.1768             2.27273             74.4496
                  90                 520                   0             72.5852             2.27273              74.858
                  90                 530                   0             74.8047             1.70455             76.5092
                  90                 540                   0             77.5568             1.70455             79.2614
                  90                 550                   0              78.853             1.70455             80.5575
                  90                 560                   0             79.5455             1.70455               81.25
                  90                 570                   0             80.0071             1.70455             81.7116
                  90                 580                   0             81.4631             1.70455             83.1676
                  90                 590                   0             82.1911             1.70455             83.8956
                  90                 600                   0             82.5284             1.13636             83.6648
                  90                 610                   0             82.7415             1.13636             83.8778
                  90                 620                   0             84.2507             1.13636             85.3871
                  90                 630                   0             84.4993             1.13636             85.6357
                  90                 640                   0             82.1555             5.68182             87.8374
                  90                 650                   0             82.4751             5.68182              88.157
                  90                 660                   0             82.8125             5.68182             88.4943
                  90                 670                   0             83.2209             5.68182             88.9027
                  90                 680                   0             83.3097             5.68182             88.9915
                  90                 690                   0             83.3452             5.68182              89.027
                  90                 700                   0             83.8956             5.68182             89.5774
                  90                 710                   0             84.0021             5.68182             89.6839
                  90                 720                   0             84.9964             5.68182             90.6783
                  90                 730                   0             85.2805             5.68182             90.9624
                  90                 740                   0             85.5824             5.68182             91.2642
                  90                 750                   0             85.6712             5.68182              91.353
                  90                 760                   0             85.7777             5.68182             91.4595
                  90                 770                   0             86.3104             5.68182             91.9922
                  90                 780                   0             86.4347             5.68182             92.1165
                  90                 790                   0             88.4411             5.68182             94.1229
                  90                 800                   0             88.4766             5.68182             94.1584
                  90                 810                   0             88.5121             5.68182             94.1939
                  90                 820                   0             88.5121             5.68182             94.1939
                  90                 830                   0             88.6009             5.68182             94.2827
                  90                 840                   0             88.6364             5.68182             94.3182
                  90                 850                   0             88.6364             5.68182             94.3182
                  90                 860                   0             88.8672             5.68182              94.549
                  90                 870                   0             88.9382             5.68182               94.62
                  90                 880                   0             88.9382             5.68182               94.62
                  90                 890                   0             89.2578             5.68182             94.9396
                  90                 900                   0             89.2578             5.68182             94.9396
                  90                 910                   0             89.4176             5.68182             95.0994
                  90                 920                   0             89.4531             5.68182             95.1349
                  90                 930                   0             89.5241             5.68182              95.206
                  90                 940                   0             89.5774             5.68182             95.2592
                  90                 950                   0             89.5952             5.68182              95.277
                  90                 960                   0             89.7195             5.68182             95.4013
                  90                 970                   0             89.7195             5.68182             95.4013
                  90                 980                   0             89.7905             5.68182             95.4723
                  90                 990                   0             89.7905             5.68182             95.4723
                  90                1000                   0             89.7905             5.68182             95.4723
