                  45                   0                   0             4.45668             36.9318             41.3885
                  45                  10                   0             5.02486             38.0682              43.093
                  45                  20                   0             5.14915             39.2045             44.3537
                  45                  30                   0             5.48651             39.2045             44.6911
                  45                  40                   0             5.78835             38.6364             44.4247
                  45                  50                   0             5.66406             32.3864             38.0504
                  45                  60                   0             5.52202             32.9545             38.4766
                  45                  70                   0              6.8892             30.1136             37.0028
                  45                  80                   0             7.59943             30.1136             37.7131
                  45                  90                   0              8.2919             30.1136             38.4055
                  45                 100                   0             8.84233             27.8409             36.6832
                  45                 110                   0             9.46378             26.7045             36.1683
                  45                 120                   0             10.1207             23.8636             33.9844
                  45                 130                   0             10.8487             24.4318             35.2805
                  45                 140                   0             11.0618                  25             36.0618
                  45                 150                   0             12.5178             23.2955             35.8132
                  45                 160                   0             13.6541             22.7273             36.3814
                  45                 170                   0             14.8615             19.8864             34.7479
                  45                 180                   0             16.4062             16.4773             32.8835
                  45                 190                   0             17.1875             16.4773             33.6648
                  45                 200                   0             17.4006             16.4773             33.8778
                  45                 210                   0             18.1641             16.4773             34.6413
                  45                 220                   0             18.5369             15.3409             33.8778
                  45                 230                   0             19.2649             15.9091              35.174
                  45                 240                   0             20.2947             14.2045             34.4993
                  45                 250                   0             21.5554             13.6364             35.1918
                  45                 260                   0              21.875             13.6364             35.5114
                  45                 270                   0             22.2124             11.9318             34.1442
                  45                 280                   0              23.473                12.5              35.973
                  45                 290                   0             24.0589                12.5             36.5589
                  45                 300                   0              24.343             11.3636             35.7067
                  45                 310                   0             24.5384             11.3636              35.902
                  45                 320                   0              25.071             10.7955             35.8665
                  45                 330                   0             25.9943             10.7955             36.7898
                  45                 340                   0             26.6868             10.2273             36.9141
                  45                 350                   0             27.0597             10.2273             37.2869
                  45                 360                   0             27.5923             10.2273             37.8196
                  45                 370                   0             27.7876             9.65909             37.4467
                  45                 380                   0             28.4979             9.09091             37.5888
                  45                 390                   0             29.4389             10.2273             39.6662
                  45                 400                   0             30.0781             9.65909             39.7372
                  45                 410                   0             30.2202             9.65909             39.8793
                  45                 420                   0             30.1314             9.65909             39.7905
                  45                 430                   0             31.4098             13.0682              44.478
                  45                 440                   0             32.7415             10.7955             43.5369
                  45                 450                   0             33.6825             10.7955              44.478
                  45                 460                   0              33.647             7.38636             41.0334
                  45                 470                   0             34.5703             7.38636             41.9567
                  45                 480                   0             36.9851             7.38636             44.3714
                  45                 490                   0             37.1626             9.09091             46.2536
                  45                 500                   0             38.0682             9.09091             47.1591
                  45                 510                   0              38.228             9.09091             47.3189
                  45                 520                   0              38.956             9.09091             48.0469
                  45                 530                   0             39.3288             9.09091             48.4197
                  45                 540                   0             40.5362             9.09091             49.6271
                  45                 550                   0             41.2464             9.09091             50.3374
                  45                 560                   0               43.75             9.09091             52.8409
                  45                 570                   0             44.5668             8.52273             53.0895
                  45                 580                   0             45.8984             8.52273             54.4212
                  45                 590                   0             48.2422             8.52273             56.7649
                  45                 600                   0              49.858             10.2273             60.0852
                  45                 610                   0              50.657             10.2273             60.8842
                  45                 620                   0             51.6158             10.7955             62.4112
                  45                 630                   0              52.397             10.7955             63.1925
                  45                 640                   0             51.9176                12.5             64.4176
                  45                 650                   0             53.7997                12.5             66.2997
                  45                 660                   0             56.5696                12.5             69.0696
                  45                 670                   0             61.9851             10.2273             72.2124
                  45                 680                   0             62.9616             10.2273             73.1889
                  45                 690                   0             63.5831             10.2273             73.8104
                  45                 700                   0             63.7429             10.2273             73.9702
                  45                 710                   0             64.3288             10.2273             74.5561
                  45                 720                   0             67.2763             10.2273             77.5036
                  45                 730                   0             68.0398             10.2273              78.267
                  45                 740                   0             68.4126             10.2273             78.6399
                  45                 750                   0             68.7678             10.2273              78.995
                  45                 760                   0             70.0994             5.68182             75.7812
                  45                 770                   0             70.7741             5.68182              76.456
                  45                 780                   0             71.4134             5.68182             77.0952
                  45                 790                   0             72.1058             5.68182             77.7876
                  45                 800                   0              72.674             5.68182             78.3558
                  45                 810                   0             72.9226             5.68182             78.6044
                  45                 820                   0             73.0291             5.68182             78.7109
                  45                 830                   0             73.2244             5.68182             78.9062
                  45                 840                   0             73.9524             5.68182             79.6342
                  45                 850                   0             73.9702             5.68182              79.652
                  45                 860                   0             74.0412             5.68182              79.723
                  45                 870                   0             74.1655             5.68182             79.8473
                  45                 880                   0             74.4496             5.68182             80.1314
                  45                 890                   0             74.4496             5.68182             80.1314
                  45                 900                   0             74.6449             5.68182             80.3267
                  45                 910                   0             74.7869             5.68182             80.4688
                  45                 920                   0             74.7869             5.68182             80.4688
                  45                 930                   0             74.8224             5.68182             80.5043
                  45                 940                   0              74.929             5.68182             80.6108
                  45                 950                   0             75.0178             5.68182             80.6996
                  45                 960                   0             75.2663             5.68182             80.9482
                  45                 970                   0             77.4503             5.68182             83.1321
                  45                 980                   0             77.5213             5.68182             83.2031
                  45                 990                   0             77.5391             5.68182             83.2209
                  45                1000                   0             77.5923             5.68182             83.2741
