                  95                   0                   0             16.8146             26.7045             43.5192
                  95                  10                   0             18.3061                  25             43.3061
                  95                  20                   0             17.7912             28.4091             46.2003
                  95                  30                   0             20.6321             24.4318             45.0639
                  95                  40                   0             21.7862             23.8636             45.6499
                  95                  50                   0             22.4609             26.1364             48.5973
                  95                  60                   0             23.6506             21.0227             44.6733
                  95                  70                   0             24.0057             18.1818             42.1875
                  95                  80                   0             25.3551             18.1818             43.5369
                  95                  90                   0             25.8523             18.1818             44.0341
                  95                 100                   0             26.8466             17.6136             44.4602
                  95                 110                   0             27.1662             14.7727             41.9389
                  95                 120                   0             27.8764             13.6364             41.5128
                  95                 130                   0             28.2138             13.0682              41.282
                  95                 140                   0              28.924             11.9318             40.8558
                  95                 150                   0             29.3857             11.3636             40.7493
                  95                 160                   0             30.0604             10.7955             40.8558
                  95                 170                   0             30.8594             10.7955             41.6548
                  95                 180                   0             31.6406             10.2273             41.8679
                  95                 190                   0             32.3686             9.09091             41.4595
                  95                 200                   0             33.9489             9.09091             43.0398
                  95                 210                   0             34.5881             9.09091              43.679
                  95                 220                   0             35.0675             9.09091             44.1584
                  95                 230                   0             36.1328             9.09091             45.2237
                  95                 240                   0             37.1626             8.52273             45.6854
                  95                 250                   0             38.8494             8.52273             47.3722
                  95                 260                   0             39.4354             7.95455             47.3899
                  95                 270                   0             41.7791             7.38636             49.1655
                  95                 280                   0             43.4482             7.38636             50.8345
                  95                 290                   0             47.8693             7.38636             55.2557
                  95                 300                   0             50.2308             7.38636             57.6172
                  95                 310                   0             51.0298                6.25             57.2798
                  95                 320                   0             52.1839                6.25             58.4339
                  95                 330                   0             53.4979             3.40909              56.907
                  95                 340                   0             55.9304             2.84091             58.7713
                  95                 350                   0             57.2976             2.84091             60.1385
                  95                 360                   0             58.4162             2.84091             61.2571
                  95                 370                   0             59.2685             2.84091             62.1094
                  95                 380                   0             61.7543             2.84091             64.5952
                  95                 390                   0             63.0149             2.84091             65.8558
                  95                 400                   0             63.6009             2.84091             66.4418
                  95                 410                   0             64.6307             2.84091             67.4716
                  95                 420                   0             66.8324             2.84091             69.6733
                  95                 430                   0             68.4126             2.84091             71.2536
                  95                 440                   0             69.6911             2.27273             71.9638
                  95                 450                   0             71.4134             2.27273             73.6861
                  95                 460                   0             72.9936             2.27273             75.2663
                  95                 470                   0             73.2777             2.27273             75.5504
                  95                 480                   0             73.5618             2.27273             75.8345
                  95                 490                   0             74.4673             2.27273             76.7401
                  95                 500                   0             74.8757             2.27273             77.1484
                  95                 510                   0             75.6747             2.27273             77.9474
                  95                 520                   0              76.456             2.27273             78.7287
                  95                 530                   0             80.0249             1.70455             81.7294
                  95                 540                   0             80.6996             1.70455             82.4041
                  95                 550                   0             81.4453             1.70455             83.1499
                  95                 560                   0             80.3445                6.25             86.5945
                  95                 570                   0             80.8594                6.25             87.1094
                  95                 580                   0             81.4808                6.25             87.7308
                  95                 590                   0             81.6406             5.68182             87.3224
                  95                 600                   0             81.8892             5.68182              87.571
                  95                 610                   0             82.3331             5.68182             88.0149
                  95                 620                   0             83.6115             5.68182             89.2933
                  95                 630                   0             83.7891             5.68182             89.4709
                  95                 640                   0              84.304             5.68182             89.9858
                  95                 650                   0             84.5881             5.68182             90.2699
                  95                 660                   0             84.7834             5.68182             90.4652
                  95                 670                   0              85.103             5.68182             90.7848
                  95                 680                   0             85.4581             5.68182             91.1399
                  95                 690                   0             85.7067             5.68182             91.3885
                  95                 700                   0             86.1506             5.68182             91.8324
                  95                 710                   0             86.5057             5.68182             92.1875
                  95                 720                   0             87.2692             5.68182              92.951
                  95                 730                   0             88.2457             5.11364             93.3594
                  95                 740                   0             88.4943             5.11364              93.608
                  95                 750                   0             88.6009             5.11364             93.7145
                  95                 760                   0             88.7074             5.11364              93.821
                  95                 770                   0             89.2223             5.11364             94.3359
                  95                 780                   0             89.2223             5.11364             94.3359
                  95                 790                   0             89.5064             5.11364               94.62
                  95                 800                   0             89.5419             5.11364             94.6555
                  95                 810                   0             89.5774             5.11364             94.6911
                  95                 820                   0             89.5952             5.11364             94.7088
                  95                 830                   0             89.7372             5.11364             94.8509
                  95                 840                   0             89.9325             5.11364             95.0462
                  95                 850                   0              89.968             5.11364             95.0817
                  95                 860                   0             90.0213             5.11364             95.1349
                  95                 870                   0             90.0213             5.11364             95.1349
                  95                 880                   0             90.3054             5.11364              95.419
                  95                 890                   0             90.3409             5.11364             95.4545
                  95                 900                   0             90.3764             5.11364             95.4901
                  95                 910                   0             90.4297             5.11364             95.5433
                  95                 920                   0              90.554             5.11364             95.6676
                  95                 930                   0             90.5895             5.11364             95.7031
                  95                 940                   0             90.5895             5.11364             95.7031
                  95                 950                   0             90.5895             5.11364             95.7031
                  95                 960                   0             90.5895             5.11364             95.7031
                  95                 970                   0             90.5895             5.11364             95.7031
                  95                 980                   0             90.6605             5.11364             95.7741
                  95                 990                   0             90.7138             5.11364             95.8274
                  95                1000                   0             90.7138             5.11364             95.8274
