                  10                   0                   0                   0                87.5                87.5
                  10                  10                   0                   0                87.5                87.5
                  10                  20                   0           0.0177557             85.7955             85.8132
                  10                  30                   0           0.0177557             83.5227             83.5405
                  10                  40                   0           0.0177557             82.3864             82.4041
                  10                  50                   0           0.0177557             80.1136             80.1314
                  10                  60                   0           0.0177557             78.9773              78.995
                  10                  70                   0           0.0355114                  75             75.0355
                  10                  80                   0            0.053267                  75             75.0533
                  10                  90                   0           0.0710227             67.6136             67.6847
                  10                 100                   0            0.142045             65.3409              65.483
                  10                 110                   0            0.213068             59.6591             59.8722
                  10                 120                   0            0.142045             53.9773             54.1193
                  10                 130                   0             0.24858                  50             50.2486
                  10                 140                   0            0.301847               43.75             44.0518
                  10                 150                   0            0.692472             44.8864             45.5788
                  10                 160                   0            0.603693             38.6364             39.2401
                  10                 170                   0            0.763494             31.8182             32.5817
                  10                 180                   0             1.26065             34.0909             35.3516
                  10                 190                   0             2.25497             36.9318             39.1868
                  10                 200                   0             2.37926             33.5227              35.902
                  10                 210                   0             2.75213             35.2273             37.9794
                  10                 220                   0             2.52131             32.9545             35.4759
                  10                 230                   0             2.87642             29.5455             32.4219
                  10                 240                   0             3.17827             27.2727              30.451
                  10                 250                   0             3.94176             28.4091             32.3509
                  10                 260                   0             4.50994             28.4091              32.919
                  10                 270                   0             4.61648             30.6818             35.2983
                  10                 280                   0             4.77628             32.3864             37.1626
                  10                 290                   0             5.22017             27.8409             33.0611
                  10                 300                   0             5.43324             29.5455             34.9787
                  10                 310                   0             5.73509             26.1364             31.8714
                  10                 320                   0             6.28551             22.7273             29.0128
                  10                 330                   0             6.42756             19.8864             26.3139
                  10                 340                   0             7.27983             15.9091             23.1889
                  10                 350                   0             7.61719             15.3409             22.9581
                  10                 360                   0             8.55824             16.4773             25.0355
                  10                 370                   0             8.61151             19.8864             28.4979
                  10                 380                   0             8.38068             19.3182             27.6989
                  10                 390                   0             8.68253             23.8636             32.5462
                  10                 400                   0              9.2152             21.5909             30.8061
                  10                 410                   0             9.16193             23.8636             33.0256
                  10                 420                   0             10.7599               18.75             29.5099
                  10                 430                   0             11.0973             26.7045             37.8018
                  10                 440                   0             11.3459             26.7045             38.0504
                  10                 450                   0             11.6477                  25             36.6477
                  10                 460                   0             12.1449             15.9091              28.054
                  10                 470                   0             14.5597             23.8636             38.4233
                  10                 480                   0             14.4886             22.1591             36.6477
                  10                 490                   0             15.0213             22.1591             37.1804
                  10                 500                   0             13.0859             21.5909             34.6768
                  10                 510                   0             14.3288             21.5909             35.9197
                  10                 520                   0             14.5419             21.5909             36.1328
                  10                 530                   0             15.9446             23.2955             39.2401
                  10                 540                   0             16.1399             23.2955             39.4354
                  10                 550                   0             16.6548             22.7273             39.3821
                  10                 560                   0             16.8679             23.8636             40.7315
                  10                 570                   0             19.3182             16.4773             35.7955
                  10                 580                   0             19.9219             15.3409             35.2628
                  10                 590                   0             20.7741             14.7727             35.5469
                  10                 600                   0             22.4964                12.5             34.9964
                  10                 610                   0             23.6151             14.2045             37.8196
                  10                 620                   0             21.9283             14.2045             36.1328
                  10                 630                   0             20.8629             15.9091              36.772
                  10                 640                   0             22.4077                12.5             34.9077
                  10                 650                   0             22.6562                12.5             35.1562
                  10                 660                   0             23.6683                12.5             36.1683
                  10                 670                   0             23.7926             11.9318             35.7244
                  10                 680                   0             24.2365             11.9318             36.1683
                  10                 690                   0             26.4915             11.9318             38.4233
                  10                 700                   0             28.9418             6.81818             35.7599
                  10                 710                   0             33.2919             9.09091             42.3828
                  10                 720                   0             32.0312             9.09091             41.1222
                  10                 730                   0             32.9545             9.09091             42.0455
                  10                 740                   0             35.2273             4.54545             39.7727
                  10                 750                   0             35.3693             4.54545             39.9148
                  10                 760                   0             36.1683             2.27273             38.4411
                  10                 770                   0             36.9673             2.27273             39.2401
                  10                 780                   0             38.0149             2.27273             40.2876
                  10                 790                   0             37.7131             2.27273             39.9858
                  10                 800                   0             40.9979             2.27273             43.2706
                  10                 810                   0             44.5845             2.27273             46.8572
                  10                 820                   0             46.4489             5.68182             52.1307
                  10                 830                   0              47.603             5.68182             53.2848
                  10                 840                   0             48.3487             5.68182             54.0305
                  10                 850                   0              50.142             5.68182             55.8239
                  10                 860                   0             52.0597             5.68182             57.7415
                  10                 870                   0             48.2067             10.2273             58.4339
                  10                 880                   0             46.5021             10.2273             56.7294
                  10                 890                   0              46.733             10.2273             56.9602
                  10                 900                   0              45.277             10.2273             55.5043
                  10                 910                   0             45.5433             10.2273             55.7706
                  10                 920                   0             45.5433             10.2273             55.7706
                  10                 930                   0             47.7273             5.68182             53.4091
                  10                 940                   0             49.5028             5.68182             55.1847
                  10                 950                   0             49.0234             5.68182             54.7053
                  10                 960                   0             49.2898             7.95455             57.2443
                  10                 970                   0             51.7401             7.95455             59.6946
                  10                 980                   0             51.8466             7.95455             59.8011
                  10                 990                   0             54.3857             7.95455             62.3402
                  10                1000                   0             59.1619             7.95455             67.1165
