                  50                   0                   0             5.46875                37.5             42.9688
                  50                  10                   0             5.85938             38.6364             44.4957
                  50                  20                   0             5.59304             39.2045             44.7976
                  50                  30                   0             6.37429             35.2273             41.6016
                  50                  40                   0             6.76491             34.6591              41.424
                  50                  50                   0             7.29759             35.2273             42.5249
                  50                  60                   0              7.8125               31.25             39.0625
                  50                  70                   0             8.59375             31.8182             40.4119
                  50                  80                   0             9.10866             30.1136             39.2223
                  50                  90                   0             10.0675             27.8409             37.9084
                  50                 100                   0             10.6534             26.7045              37.358
                  50                 110                   0             11.1328                  25             36.1328
                  50                 120                   0             12.7131                  25             37.7131
                  50                 130                   0             13.5653             25.5682             39.1335
                  50                 140                   0             14.4176             23.8636             38.2812
                  50                 150                   0             15.0213             22.1591             37.1804
                  50                 160                   0             16.4773             19.3182             35.7955
                  50                 170                   0             18.0043             17.0455             35.0497
                  50                 180                   0             18.5014             17.0455             35.5469
                  50                 190                   0              18.608             17.0455             35.6534
                  50                 200                   0             18.6612             17.6136             36.2749
                  50                 210                   0             19.5135             15.9091             35.4226
                  50                 220                   0             20.2415             13.0682             33.3097
                  50                 230                   0             21.4134             13.0682             34.4815
                  50                 240                   0             22.2124                12.5             34.7124
                  50                 250                   0             23.5973             11.9318             35.5291
                  50                 260                   0             23.8281             11.3636             35.1918
                  50                 270                   0               24.13             11.9318             36.0618
                  50                 280                   0             24.4673                12.5             36.9673
                  50                 290                   0             24.8402             11.9318              36.772
                  50                 300                   0             25.3018             11.9318             37.2337
                  50                 310                   0              25.728             11.9318             37.6598
                  50                 320                   0             25.8345             11.3636             37.1982
                  50                 330                   0             26.8111             11.3636             38.1747
                  50                 340                   0             27.3615             10.7955              38.157
                  50                 350                   0             27.5568             11.9318             39.4886
                  50                 360                   0             27.9474             11.3636             39.3111
                  50                 370                   0             28.6754             10.7955             39.4709
                  50                 380                   0             29.3324             10.2273             39.5597
                  50                 390                   0             30.8949             13.6364             44.5312
                  50                 400                   0             30.4688             9.65909             40.1278
                  50                 410                   0             30.7173             9.65909             40.3764
                  50                 420                   0             31.3033             8.52273              39.826
                  50                 430                   0             32.1555             8.52273             40.6783
                  50                 440                   0             32.8303             8.52273              41.353
                  50                 450                   0             34.2862             11.9318              46.218
                  50                 460                   0             36.5412             11.9318              48.473
                  50                 470                   0             37.5533             10.7955             48.3487
                  50                 480                   0             39.2756             11.9318             51.2074
                  50                 490                   0             39.6129             10.7955             50.4084
                  50                 500                   0              39.968             10.7955             50.7635
                  50                 510                   0              40.625             10.7955             51.4205
                  50                 520                   0              41.282             10.7955             52.0774
                  50                 530                   0             42.0987             10.7955             52.8942
                  50                 540                   0             42.6491             10.7955             53.4446
                  50                 550                   0             44.3182             10.7955             55.1136
                  50                 560                   0             47.8516             10.7955              58.647
                  50                 570                   0             49.0945             10.2273             59.3217
                  50                 580                   0             50.3906             10.2273             60.6179
                  50                 590                   0             52.3082             10.2273             62.5355
                  50                 600                   0             54.9716             10.2273             65.1989
                  50                 610                   0             56.0724             10.2273             66.2997
                  50                 620                   0              57.919             10.2273             68.1463
                  50                 630                   0             60.5824             10.2273             70.8097
                  50                 640                   0             61.4347             10.2273             71.6619
                  50                 650                   0             63.0327             10.2273             73.2599
                  50                 660                   0              64.027             10.2273             74.2543
                  50                 670                   0             64.3288             10.2273             74.5561
                  50                 680                   0             66.0511             10.2273             76.2784
                  50                 690                   0             66.8857             10.2273             77.1129
                  50                 700                   0             67.3118             10.2273             77.5391
                  50                 710                   0               67.88             10.2273             78.1072
                  50                 720                   0              69.549             10.2273             79.7763
                  50                 730                   0             69.5845             10.2273             79.8118
                  50                 740                   0             70.2237             10.2273              80.451
                  50                 750                   0             70.5788             10.2273             80.8061
                  50                 760                   0             72.9759             5.68182             78.6577
                  50                 770                   0             73.2777             5.68182             78.9595
                  50                 780                   0             73.3132             5.68182              78.995
                  50                 790                   0             74.0767             5.68182             79.7585
                  50                 800                   0             74.3253             5.68182             80.0071
                  50                 810                   0             74.3786             5.68182             80.0604
                  50                 820                   0             74.5916             5.68182             80.2734
                  50                 830                   0             74.6271             5.68182             80.3089
                  50                 840                   0             74.7159             5.68182             80.3977
                  50                 850                   0             74.7159             5.68182             80.3977
                  50                 860                   0             74.8047             5.68182             80.4865
                  50                 870                   0             75.0533             5.68182             80.7351
                  50                 880                   0              75.071             5.68182             80.7528
                  50                 890                   0             77.1307             5.68182             82.8125
                  50                 900                   0             77.1662             5.68182              82.848
                  50                 910                   0             77.3082             5.68182             82.9901
                  50                 920                   0             77.3082             5.68182             82.9901
                  50                 930                   0             77.3438             5.68182             83.0256
                  50                 940                   0             77.4503             5.68182             83.1321
                  50                 950                   0             77.5213             5.68182             83.2031
                  50                 960                   0             77.5213             5.68182             83.2031
                  50                 970                   0             77.5391             5.68182             83.2209
                  50                 980                   0             77.6278             5.68182             83.3097
                  50                 990                   0             77.6456             5.68182             83.3274
                  50                1000                   0             77.6456             5.68182             83.3274
