                  35                   0                   0             2.18395             44.8864             47.0703
                  35                  10                   0             2.57457             43.1818             45.7564
                  35                  20                   0             2.82315             42.0455             44.8686
                  35                  30                   0             3.07173             43.1818             46.2536
                  35                  40                   0             3.19602             42.0455             45.2415
                  35                  50                   0             3.24929             43.1818             46.4311
                  35                  60                   0             3.78196             38.6364             42.4183
                  35                  70                   0              4.3679                37.5             41.8679
                  35                  80                   0              4.5277             38.0682             42.5959
                  35                  90                   0             4.82955             35.2273             40.0568
                  35                 100                   0             5.37997             35.7955             41.1754
                  35                 110                   0             5.89489             29.5455             35.4403
                  35                 120                   0             6.21449             28.4091             34.6236
                  35                 130                   0             6.37429             28.4091             34.7834
                  35                 140                   0             7.31534             27.2727             34.5881
                  35                 150                   0             8.32741             25.5682             33.8956
                  35                 160                   0             8.84233             23.2955             32.1378
                  35                 170                   0              8.7358             23.2955             32.0312
                  35                 180                   0             9.55256             23.2955              32.848
                  35                 190                   0             10.5824             20.4545             31.0369
                  35                 200                   0             11.9673             19.8864             31.8537
                  35                 210                   0             11.4702             17.0455             28.5156
                  35                 220                   0             12.5888             17.6136             30.2024
                  35                 230                   0             13.4588             17.0455             30.5043
                  35                 240                   0             15.1989             19.8864             35.0852
                  35                 250                   0             14.6839             19.3182             34.0021
                  35                 260                   0              15.696             18.1818             33.8778
                  35                 270                   0             16.7081             17.6136             34.3217
                  35                 280                   0             17.2763             17.6136             34.8899
                  35                 290                   0             17.2408             24.4318             41.6726
                  35                 300                   0             18.0043             23.8636             41.8679
                  35                 310                   0              18.821             23.8636             42.6847
                  35                 320                   0             19.1584             23.2955             42.4538
                  35                 330                   0             19.3537             21.5909             40.9446
                  35                 340                   0             19.7621             21.0227             40.7848
                  35                 350                   0             20.9872             21.0227             42.0099
                  35                 360                   0              22.017             21.5909              43.608
                  35                 370                   0             25.1776             13.6364             38.8139
                  35                 380                   0             26.1186             13.6364              39.755
                  35                 390                   0             26.4027                12.5             38.9027
                  35                 400                   0             25.0888             16.4773             41.5661
                  35                 410                   0              26.669             16.4773             43.1463
                  35                 420                   0              27.255             16.4773             43.7322
                  35                 430                   0              28.125             17.0455             45.1705
                  35                 440                   0             29.7763                12.5             42.2763
                  35                 450                   0             30.4865                12.5             42.9865
                  35                 460                   0             31.6584                12.5             44.1584
                  35                 470                   0              30.593             18.1818             48.7749
                  35                 480                   0             30.7884             18.1818             48.9702
                  35                 490                   0               31.25             18.1818             49.4318
                  35                 500                   0             31.2322               18.75             49.9822
                  35                 510                   0             33.6115             15.3409             48.9524
                  35                 520                   0             34.8011             15.3409              50.142
                  35                 530                   0             36.3459             11.3636             47.7095
                  35                 540                   0             37.7131             11.3636             49.0767
                  35                 550                   0             39.5419             9.65909              49.201
                  35                 560                   0             40.1634             9.65909             49.8224
                  35                 570                   0              39.897             9.65909             49.5561
                  35                 580                   0             40.5007             9.09091             49.5916
                  35                 590                   0             41.5483             9.09091             50.6392
                  35                 600                   0             42.3295             8.52273             50.8523
                  35                 610                   0              44.407             8.52273             52.9297
                  35                 620                   0             45.0107             8.52273             53.5334
                  35                 630                   0             47.1236             8.52273             55.6463
                  35                 640                   0              47.603             8.52273             56.1257
                  35                 650                   0             49.1122             8.52273             57.6349
                  35                 660                   0             48.2067             7.95455             56.1612
                  35                 670                   0             49.7514             7.95455              57.706
                  35                 680                   0             50.3906             7.95455             58.3452
                  35                 690                   0             50.9411             7.95455             58.8956
                  35                 700                   0             53.1072             7.95455             61.0618
                  35                 710                   0             53.2315             7.95455             61.1861
                  35                 720                   0             54.8473             7.95455             62.8018
                  35                 730                   0             55.4155             7.95455               63.37
                  35                 740                   0             56.6584             7.95455             64.6129
                  35                 750                   0             62.7308             7.95455             70.6854
                  35                 760                   0             63.1925             7.95455              71.147
                  35                 770                   0             64.5774             7.95455              72.532
                  35                 780                   0             65.0568             7.95455             73.0114
                  35                 790                   0             65.9979             7.95455             73.9524
                  35                 800                   0             66.1577             7.95455             74.1122
                  35                 810                   0             66.8679             7.95455             74.8224
                  35                 820                   0             69.7088             3.40909             73.1179
                  35                 830                   0              72.603             1.13636             73.7393
                  35                 840                   0             72.6918             1.13636             73.8281
                  35                 850                   0             73.2422             1.13636             74.3786
                  35                 860                   0             73.1179             1.13636             74.2543
                  35                 870                   0             73.2422             1.13636             74.3786
                  35                 880                   0             73.3842             1.13636             74.5206
                  35                 890                   0              73.544             1.13636             74.6804
                  35                 900                   0             73.9169             1.13636             75.0533
                  35                 910                   0             73.9169             1.13636             75.0533
                  35                 920                   0             74.0412             1.13636             75.1776
                  35                 930                   0             74.1477             1.13636             75.2841
                  35                 940                   0             74.4141             1.13636             75.5504
                  35                 950                   0             74.4673             1.13636             75.6037
                  35                 960                   0             74.5384             1.13636             75.6747
                  35                 970                   0             74.5561             1.13636             75.6925
                  35                 980                   0             74.6626             1.13636              75.799
                  35                 990                   0               74.13             5.68182             79.8118
                  35                1000                   0               74.13             5.68182             79.8118
