                  85                   0                   0             16.1044             28.4091             44.5135
                  85                  10                   0             16.6903             25.5682             42.2585
                  85                  20                   0             17.4183                  25             42.4183
                  85                  30                   0             17.2585             26.1364             43.3949
                  85                  40                   0             15.8203             28.4091             44.2294
                  85                  50                   0             18.3771             22.7273             41.1044
                  85                  60                   0              17.951             27.8409             45.7919
                  85                  70                   0             20.8629             18.1818             39.0447
                  85                  80                   0             20.8452             17.6136             38.4588
                  85                  90                   0             21.3068             19.3182              40.625
                  85                 100                   0             23.5795             15.9091             39.4886
                  85                 110                   0             24.0057             15.9091             39.9148
                  85                 120                   0             24.7514             16.4773             41.2287
                  85                 130                   0             25.1776             14.7727             39.9503
                  85                 140                   0             25.5682             14.2045             39.7727
                  85                 150                   0             26.7933             9.65909             36.4524
                  85                 160                   0              27.397             9.65909             37.0561
                  85                 170                   0              28.054             9.09091             37.1449
                  85                 180                   0             28.6932             9.09091             37.7841
                  85                 190                   0             29.4567             8.52273             37.9794
                  85                 200                   0             29.9183             7.95455             37.8729
                  85                 210                   0             30.8416             7.38636              38.228
                  85                 220                   0              31.392             6.81818             38.2102
                  85                 230                   0              32.777             6.81818             39.5952
                  85                 240                   0             32.7592             10.2273             42.9865
                  85                 250                   0             33.4695             10.2273             43.6967
                  85                 260                   0             33.7891             9.09091               42.88
                  85                 270                   0             35.2983             9.09091             44.3892
                  85                 280                   0             36.3104             8.52273             44.8331
                  85                 290                   0             37.9616             8.52273             46.4844
                  85                 300                   0             38.9915             8.52273             47.5142
                  85                 310                   0             40.9979             8.52273             49.5206
                  85                 320                   0             42.7379             8.52273             51.2607
                  85                 330                   0               43.75             7.38636             51.1364
                  85                 340                   0             44.3359                6.25             50.5859
                  85                 350                   0             45.9162             3.97727             49.8935
                  85                 360                   0              47.603             3.97727             51.5803
                  85                 370                   0             49.6804             3.97727             53.6577
                  85                 380                   0             51.4382             3.97727             55.4155
                  85                 390                   0             52.6456             3.97727             56.6229
                  85                 400                   0             53.7642             3.97727             57.7415
                  85                 410                   0             55.0249             3.97727             59.0021
                  85                 420                   0             57.5284             3.97727             61.5057
                  85                 430                   0             60.6534             3.97727             64.6307
                  85                 440                   0             61.6122             3.97727             65.5895
                  85                 450                   0             62.9616             3.97727             66.9389
                  85                 460                   0             63.7251             3.97727             67.7024
                  85                 470                   0              64.755             3.97727             68.7322
                  85                 480                   0             65.5362             3.97727             69.5135
                  85                 490                   0             67.7734             3.97727             71.7507
                  85                 500                   0             68.7322             3.40909             72.1413
                  85                 510                   0             70.7741             2.84091             73.6151
                  85                 520                   0             71.1648             2.84091             74.0057
                  85                 530                   0              73.402             1.70455             75.1065
                  85                 540                   0             75.1598             1.70455             76.8643
                  85                 550                   0             76.1186             1.13636              77.255
                  85                 560                   0              76.527             1.13636             77.6634
                  85                 570                   0             77.1662             1.13636             78.3026
                  85                 580                   0             77.8587             1.13636              78.995
                  85                 590                   0             78.1783             1.13636             79.3146
                  85                 600                   0             78.8352             1.13636             79.9716
                  85                 610                   0             79.6875             1.13636             80.8239
                  85                 620                   0             79.8118             1.13636             80.9482
                  85                 630                   0             81.5518             1.13636             82.6882
                  85                 640                   0             81.9602             1.13636             83.0966
                  85                 650                   0             82.2976             1.13636             83.4339
                  85                 660                   0             82.6705             1.13636             83.8068
                  85                 670                   0              82.919             1.13636             84.0554
                  85                 680                   0             83.2919             1.13636             84.4283
                  85                 690                   0             83.4339             1.13636             84.5703
                  85                 700                   0             83.9489             1.13636             85.0852
                  85                 710                   0             84.1442             1.13636             85.2805
                  85                 720                   0             84.6413             5.68182             90.3232
                  85                 730                   0             84.8544             5.68182             90.5362
                  85                 740                   0             85.1207             5.68182             90.8026
                  85                 750                   0             85.3161             5.68182             90.9979
                  85                 760                   0             85.4226             5.68182             91.1044
                  85                 770                   0             85.9908             5.68182             91.6726
                  85                 780                   0             85.9908             5.68182             91.6726
                  85                 790                   0             86.0618             5.68182             91.7436
                  85                 800                   0             86.3459             5.68182             92.0277
                  85                 810                   0             86.3636             5.68182             92.0455
                  85                 820                   0             86.3814             5.68182             92.0632
                  85                 830                   0             86.4702             5.68182              92.152
                  85                 840                   0             86.5767             5.68182             92.2585
                  85                 850                   0             86.5767             5.68182             92.2585
                  85                 860                   0             86.6655             5.68182             92.3473
                  85                 870                   0              86.843             5.68182             92.5249
                  85                 880                   0             86.8608             5.68182             92.5426
                  85                 890                   0             87.0384             5.68182             92.7202
                  85                 900                   0             87.3047             5.68182             92.9865
                  85                 910                   0             87.3402             5.68182              93.022
                  85                 920                   0             87.3935             5.68182             93.0753
                  85                 930                   0             87.5178             5.68182             93.1996
                  85                 940                   0             87.5178             5.68182             93.1996
                  85                 950                   0             87.6243             5.68182             93.3061
                  85                 960                   0             87.6243             5.68182             93.3061
                  85                 970                   0              87.642             5.68182             93.3239
                  85                 980                   0             87.7131             5.68182             93.3949
                  85                 990                   0             87.7131             5.68182             93.3949
                  85                1000                   0             87.7131             5.68182             93.3949
