                  45                   0                   0             1.26065                  50             51.2607
                  45                  10                   0             1.42045             48.8636             50.2841
                  45                  20                   0              1.5625             47.1591             48.7216
                  45                  30                   0             1.86435             44.3182             46.1825
                  45                  40                   0             2.14844             42.6136             44.7621
                  45                  50                   0             2.36151             39.7727             42.1342
                  45                  60                   0              2.8054             38.0682             40.8736
                  45                  70                   0             3.17827             32.3864             35.5646
                  45                  80                   0             3.79972             32.3864             36.1861
                  45                  90                   0             4.43892             34.0909             38.5298
                  45                 100                   0             5.34446             29.5455             34.8899
                  45                 110                   0             5.71733             30.1136              35.831
                  45                 120                   0             5.85938                  25             30.8594
                  45                 130                   0             6.05469             26.7045             32.7592
                  45                 140                   0             6.49858             22.7273             29.2259
                  45                 150                   0             7.75923             22.1591             29.9183
                  45                 160                   0             8.32741             19.8864             28.2138
                  45                 170                   0             8.66477             21.0227             29.6875
                  45                 180                   0             9.51705             17.0455             26.5625
                  45                 190                   0             10.2805             16.4773             26.7578
                  45                 200                   0              11.843             15.3409             27.1839
                  45                 210                   0             11.1506             15.3409             26.4915
                  45                 220                   0             11.5234             14.2045              25.728
                  45                 230                   0              12.358             14.2045             26.5625
                  45                 240                   0             13.6186             13.0682             26.6868
                  45                 250                   0             14.4354             11.3636              25.799
                  45                 260                   0             14.9148             11.3636             26.2784
                  45                 270                   0             15.4297             10.2273              25.657
                  45                 280                   0             15.8026             10.2273             26.0298
                  45                 290                   0             16.8501             10.7955             27.6456
                  45                 300                   0             17.8089             10.7955             28.6044
                  45                 310                   0             18.2351             10.7955             29.0305
                  45                 320                   0             18.8033             10.7955             29.5987
                  45                 330                   0              19.549             10.7955             30.3445
                  45                 340                   0             20.7564             10.7955             31.5518
                  45                 350                   0             21.2358             10.7955             32.0312
                  45                 360                   0             22.5142             10.7955             33.3097
                  45                 370                   0             23.0469                12.5             35.5469
                  45                 380                   0             24.1655             11.9318             36.0973
                  45                 390                   0              24.858             11.9318             36.7898
                  45                 400                   0             25.2486             11.9318             37.1804
                  45                 410                   0              26.456             11.3636             37.8196
                  45                 420                   0             26.8111             11.3636             38.1747
                  45                 430                   0             27.8942             11.3636             39.2578
                  45                 440                   0             29.1016             11.3636             40.4652
                  45                 450                   0             31.3565             10.7955              42.152
                  45                 460                   0             31.8537             10.7955             42.6491
                  45                 470                   0             32.3509             10.7955             43.1463
                  45                 480                   0             33.9844             10.7955             44.7798
                  45                 490                   0             35.4936             10.7955             46.2891
                  45                 500                   0             35.8665             10.7955             46.6619
                  45                 510                   0             36.1683             10.7955             46.9638
                  45                 520                   0             36.8075             10.7955              47.603
                  45                 530                   0             37.4112             10.7955             48.2067
                  45                 540                   0             40.2166             10.2273             50.4439
                  45                 550                   0             40.5362             7.95455             48.4908
                  45                 560                   0             41.3707             7.95455             49.3253
                  45                 570                   0             41.8324             7.95455             49.7869
                  45                 580                   0             43.7322             8.52273              52.255
                  45                 590                   0             44.7621             8.52273             53.2848
                  45                 600                   0             45.6499             7.95455             53.6044
                  45                 610                   0             47.4609             7.95455             55.4155
                  45                 620                   0             49.7159             7.95455             57.6705
                  45                 630                   0             50.7812             7.95455             58.7358
                  45                 640                   0             52.3438             6.81818             59.1619
                  45                 650                   0             53.4446             6.81818             60.2628
                  45                 660                   0             52.8942             6.81818             59.7124
                  45                 670                   0             54.0838             6.81818              60.902
                  45                 680                   0             58.8068             6.81818              65.625
                  45                 690                   0             59.4638                6.25             65.7138
                  45                 700                   0              60.032                6.25              66.282
                  45                 710                   0             62.7663             5.68182             68.4482
                  45                 720                   0             63.2457             5.68182             68.9276
                  45                 730                   0             63.6186             5.68182             69.3004
                  45                 740                   0             63.5831             5.68182             69.2649
                  45                 750                   0             62.9972             5.68182              68.679
                  45                 760                   0             63.3878             5.68182             69.0696
                  45                 770                   0             63.8317             5.68182             69.5135
                  45                 780                   0             64.1513             5.68182             69.8331
                  45                 790                   0             64.9148             5.68182             70.5966
                  45                 800                   0             65.0391             5.68182             70.7209
                  45                 810                   0             65.2699             1.13636             66.4062
                  45                 820                   0              65.625             1.13636             66.7614
                  45                 830                   0             65.8913             1.13636             67.0277
                  45                 840                   0              66.424             1.13636             67.5604
                  45                 850                   0             66.5128             1.13636             67.6491
                  45                 860                   0             66.8679             1.13636             68.0043
                  45                 870                   0             66.9389             1.13636             68.0753
                  45                 880                   0             67.0632             1.13636             68.1996
                  45                 890                   0             67.0987             1.13636             68.2351
                  45                 900                   0             67.3295             1.13636             68.4659
                  45                 910                   0             67.4361             1.13636             68.5724
                  45                 920                   0             67.5249             1.13636             68.6612
                  45                 930                   0             67.9688             1.13636             69.1051
                  45                 940                   0             67.9865             1.13636             69.1229
                  45                 950                   0             68.0753             1.13636             69.2116
                  45                 960                   0             68.1108             1.13636             69.2472
                  45                 970                   0              69.549             1.13636             70.6854
                  45                 980                   0             69.6378             1.13636             70.7741
                  45                 990                   0             69.6378             1.13636             70.7741
                  45                1000                   0             69.7443             1.13636             70.8807
