                  35                   0                   0            0.390625             58.5227             58.9134
                  35                  10                   0            0.514915             54.5455             55.0604
                  35                  20                   0            0.745739             53.9773              54.723
                  35                  30                   0            0.710227             52.2727              52.983
                  35                  40                   0            0.674716             51.7045             52.3793
                  35                  50                   0             1.04759                  50             51.0476
                  35                  60                   0            0.994318             46.0227              47.017
                  35                  70                   0             1.22514             42.0455             43.2706
                  35                  80                   0             1.43821             39.7727             41.2109
                  35                  90                   0             1.66903             40.9091             42.5781
                  35                 100                   0             1.89986             32.3864             34.2862
                  35                 110                   0             2.41477             31.8182              34.233
                  35                 120                   0             2.71662             28.9773             31.6939
                  35                 130                   0             3.19602             29.5455             32.7415
                  35                 140                   0             3.55114             29.5455             33.0966
                  35                 150                   0             3.81747             27.2727             31.0902
                  35                 160                   0             4.82955             27.8409             32.6705
                  35                 170                   0              6.5696             22.7273             29.2969
                  35                 180                   0             6.85369             22.1591             29.0128
                  35                 190                   0              7.6527             13.6364             21.2891
                  35                 200                   0             7.15554             13.6364             20.7919
                  35                 210                   0             7.84801                12.5              20.348
                  35                 220                   0             8.54048             13.0682             21.6087
                  35                 230                   0             9.32173                12.5             21.8217
                  35                 240                   0             9.67685                12.5             22.1768
                  35                 250                   0             10.3871             11.9318             22.3189
                  35                 260                   0             10.8665             11.9318             22.7983
                  35                 270                   0             11.3814             14.7727             26.1541
                  35                 280                   0             11.4879             11.9318             23.4197
                  35                 290                   0             12.2337             11.9318             24.1655
                  35                 300                   0             12.5533             10.7955             23.3487
                  35                 310                   0             12.8906                12.5             25.3906
                  35                 320                   0             14.8438                12.5             27.3438
                  35                 330                   0             15.5007                12.5             28.0007
                  35                 340                   0             15.9268             11.3636             27.2905
                  35                 350                   0             16.8146             11.3636             28.1783
                  35                 360                   0             17.7024             9.65909             27.3615
                  35                 370                   0             18.5902             9.65909             28.2493
                  35                 380                   0             19.6378             6.81818              26.456
                  35                 390                   0             20.3658             6.81818             27.1839
                  35                 400                   0             20.5256             5.68182             26.2074
                  35                 410                   0             23.2599             5.68182             28.9418
                  35                 420                   0             24.4496             5.68182             30.1314
                  35                 430                   0             25.5682             6.81818             32.3864
                  35                 440                   0             26.1541                6.25             32.4041
                  35                 450                   0              26.669                6.25              32.919
                  35                 460                   0             26.6513                6.25             32.9013
                  35                 470                   0             27.6278             7.95455             35.5824
                  35                 480                   0             28.0717             7.95455             36.0263
                  35                 490                   0             28.6577             7.95455             36.6122
                  35                 500                   0             30.8061             8.52273             39.3288
                  35                 510                   0             32.4574             7.95455             40.4119
                  35                 520                   0             31.5874             10.7955             42.3828
                  35                 530                   0             33.4339             10.7955             44.2294
                  35                 540                   0             33.9844             10.2273             44.2116
                  35                 550                   0             34.6591             9.65909             44.3182
                  35                 560                   0             34.6591             9.65909             44.3182
                  35                 570                   0             36.4702             9.09091             45.5611
                  35                 580                   0             36.9673             7.95455             44.9219
                  35                 590                   0             38.4233             7.95455             46.3778
                  35                 600                   0              39.755             7.95455             47.7095
                  35                 610                   0             41.8146             7.95455             49.7692
                  35                 620                   0             42.8977             9.09091             51.9886
                  35                 630                   0             43.2706             9.09091             52.3615
                  35                 640                   0             44.4957             8.52273             53.0185
                  35                 650                   0             46.4311             7.95455             54.3857
                  35                 660                   0             49.6449             7.95455             57.5994
                  35                 670                   0              49.272             7.38636             56.6584
                  35                 680                   0             49.8757             7.38636             57.2621
                  35                 690                   0             50.0355             7.38636             57.4219
                  35                 700                   0             51.6868             7.38636             59.0732
                  35                 710                   0             51.9176             7.38636              59.304
                  35                 720                   0             52.0597             6.81818             58.8778
                  35                 730                   0             54.5632             6.81818             61.3814
                  35                 740                   0             55.7528                6.25             62.0028
                  35                 750                   0             57.4396             5.68182             63.1214
                  35                 760                   0             58.0433             5.68182             63.7251
                  35                 770                   0             60.7599             5.68182             66.4418
                  35                 780                   0              63.157             5.68182             68.8388
                  35                 790                   0             64.3999             5.68182             70.0817
                  35                 800                   0             64.2223             5.68182             69.9041
                  35                 810                   0             64.5241             5.68182              70.206
                  35                 820                   0             65.0213             5.68182             70.7031
                  35                 830                   0              65.483             5.68182             71.1648
                  35                 840                   0             65.7848             5.68182             71.4666
                  35                 850                   0             67.0455             5.68182             72.7273
                  35                 860                   0             67.1875             5.68182             72.8693
                  35                 870                   0             67.6314             1.13636             68.7678
                  35                 880                   0             67.7202             1.13636             68.8565
                  35                 890                   0             67.8977             1.13636             69.0341
                  35                 900                   0             68.0753             1.13636             69.2116
                  35                 910                   0             67.7024             1.13636             68.8388
                  35                 920                   0             66.4773             1.13636             67.6136
                  35                 930                   0             66.6193             1.13636             67.7557
                  35                 940                   0             66.8501             1.13636             67.9865
                  35                 950                   0             66.9922             1.13636             68.1286
                  35                 960                   0             67.2408             1.13636             68.3771
                  35                 970                   0             67.3473             1.13636             68.4837
                  35                 980                   0             67.3473             1.13636             68.4837
                  35                 990                   0             67.5781             1.13636             68.7145
                  35                1000                   0             67.5959             1.13636             68.7322
