                  70                   0                   0             6.00142             35.2273             41.2287
                  70                  10                   0             7.03125             32.9545             39.9858
                  70                  20                   0             7.67045             28.4091             36.0795
                  70                  30                   0             8.22088             28.4091               36.63
                  70                  40                   0             8.68253             31.8182             40.5007
                  70                  50                   0             8.94886             30.1136             39.0625
                  70                  60                   0             9.35724             29.5455             38.9027
                  70                  70                   0             9.88991             28.9773             38.8672
                  70                  80                   0             10.7777             27.2727             38.0504
                  70                  90                   0             11.1861             26.7045             37.8906
                  70                 100                   0             11.7188             26.1364             37.8551
                  70                 110                   0             12.5178             23.2955             35.8132
                  70                 120                   0             13.0504             24.4318             37.4822
                  70                 130                   0              13.228             22.7273             35.9553
                  70                 140                   0             15.1278             19.3182              34.446
                  70                 150                   0             15.5895             16.4773             32.0668
                  70                 160                   0             15.8026             16.4773             32.2798
                  70                 170                   0              16.282             15.3409             31.6229
                  70                 180                   0             16.6903             14.7727             31.4631
                  70                 190                   0             17.0455             14.7727             31.8182
                  70                 200                   0             17.7734             14.7727             32.5462
                  70                 210                   0             19.4247             13.0682             32.4929
                  70                 220                   0             19.9751             13.0682             33.0433
                  70                 230                   0             20.6321             13.0682             33.7003
                  70                 240                   0             20.9872             13.0682             34.0554
                  70                 250                   0             21.8928             13.0682             34.9609
                  70                 260                   0             21.6442             13.0682             34.7124
                  70                 270                   0             22.0881             13.0682             35.1562
                  70                 280                   0              22.603             13.0682             35.6712
                  70                 290                   0             23.3487             13.0682             36.4169
                  70                 300                   0             24.7869             11.9318             36.7188
                  70                 310                   0             26.3317             11.9318             38.2635
                  70                 320                   0             26.8821             11.9318             38.8139
                  70                 330                   0              28.125             11.9318             40.0568
                  70                 340                   0             29.8473             11.3636             41.2109
                  70                 350                   0              30.522             11.3636             41.8857
                  70                 360                   0             31.6761             11.3636             43.0398
                  70                 370                   0             32.3153             11.3636              43.679
                  70                 380                   0             34.5703             11.3636             45.9339
                  70                 390                   0             36.5412             10.7955             47.3366
                  70                 400                   0             37.9439             10.7955             48.7393
                  70                 410                   0             42.1875             7.38636             49.5739
                  70                 420                   0             43.9986             7.38636             51.3849
                  70                 430                   0             46.4489             7.38636             53.8352
                  70                 440                   0             47.9226             6.81818             54.7408
                  70                 450                   0             48.6683             6.81818             55.4865
                  70                 460                   0              49.201             6.81818             56.0192
                  70                 470                   0             49.9822             5.68182             55.6641
                  70                 480                   0             52.2195             5.68182             57.9013
                  70                 490                   0             52.0064             5.11364               57.12
                  70                 500                   0             53.1605             5.11364             58.2741
                  70                 510                   0             54.9893             3.97727             58.9666
                  70                 520                   0             55.5575             3.97727             59.5348
                  70                 530                   0             56.3743             3.97727             60.3516
                  70                 540                   0             57.1378             3.97727             61.1151
                  70                 550                   0             57.4929             3.97727             61.4702
                  70                 560                   0             57.9723             3.40909             61.3814
                  70                 570                   0             59.4283             2.84091             62.2692
                  70                 580                   0             61.3814             2.84091             64.2223
                  70                 590                   0             62.3757             2.27273             64.6484
                  70                 600                   0             65.6072             2.27273               67.88
                  70                 610                   0             65.9979             1.70455             67.7024
                  70                 620                   0             66.1399             1.70455             67.8445
                  70                 630                   0             67.4183             1.70455             69.1229
                  70                 640                   0             67.6491             1.70455             69.3537
                  70                 650                   0             67.8622             1.70455             69.5668
                  70                 660                   0             69.3892             1.70455             71.0938
                  70                 670                   0             70.0107             1.70455             71.7152
                  70                 680                   0             70.5433             1.13636             71.6797
                  70                 690                   0             72.6207             1.13636             73.7571
                  70                 700                   0             73.8459             1.13636             74.9822
                  70                 710                   0             74.1122             1.13636             75.2486
                  70                 720                   0             73.6506             1.13636             74.7869
                  70                 730                   0             74.7159             1.13636             75.8523
                  70                 740                   0             74.9645             1.13636             76.1009
                  70                 750                   0             75.2308             1.13636             76.3672
                  70                 760                   0             75.3374             1.13636             76.4737
                  70                 770                   0             75.3906             1.13636              76.527
                  70                 780                   0             75.5682             1.13636             76.7045
                  70                 790                   0              75.728             1.13636             76.8643
                  70                 800                   0             76.0121             1.13636             77.1484
                  70                 810                   0             76.0298             1.13636             77.1662
                  70                 820                   0             77.3082             1.13636             78.4446
                  70                 830                   0              77.983             1.13636             79.1193
                  70                 840                   0             78.2138             1.13636             79.3501
                  70                 850                   0             79.2436             1.13636               80.38
                  70                 860                   0             79.2791             1.13636             80.4155
                  70                 870                   0             79.3501             1.13636             80.4865
                  70                 880                   0             79.4922             1.13636             80.6286
                  70                 890                   0             79.4922             1.13636             80.6286
                  70                 900                   0             79.5987             1.13636             80.7351
                  70                 910                   0             79.6165             1.13636             80.7528
                  70                 920                   0             80.3089             1.13636             81.4453
                  70                 930                   0             80.5575             1.13636             81.6939
                  70                 940                   0             80.6108             1.13636             81.7472
                  70                 950                   0             80.6286             1.13636             81.7649
                  70                 960                   0              81.108             1.13636             82.2443
                  70                 970                   0             81.1435             1.13636             82.2798
                  70                 980                   0             81.8714             1.13636             83.0078
                  70                 990                   0             81.9602             1.13636             83.0966
                  70                1000                   0             81.9602             1.13636             83.0966
