                 100                   0                   0             12.2514             26.7045              38.956
                 100                  10                   0              10.902             32.9545             43.8565
                 100                  20                   0             10.6889             39.7727             50.4616
                 100                  30                   0             13.7074             28.4091             42.1165
                 100                  40                   0             14.8082             27.8409             42.6491
                 100                  50                   0             15.6072             27.2727               42.88
                 100                  60                   0             16.0511             25.5682             41.6193
                 100                  70                   0             16.5483             25.5682             42.1165
                 100                  80                   0             16.8146             25.5682             42.3828
                 100                  90                   0              18.093             23.2955             41.3885
                 100                 100                   0             18.7145             22.1591             40.8736
                 100                 110                   0             19.3359             22.1591              41.495
                 100                 120                   0             19.9219             22.1591              42.081
                 100                 130                   0             20.3658             19.3182             39.6839
                 100                 140                   0             20.7919             15.9091              36.701
                 100                 150                   0             21.5021             15.3409              36.843
                 100                 160                   0             22.7095             15.3409             38.0504
                 100                 170                   0             23.2599             15.3409             38.6009
                 100                 180                   0             23.6683             15.3409             39.0092
                 100                 190                   0             24.3786             15.3409             39.7195
                 100                 200                   0             25.4261             15.3409              40.767
                 100                 210                   0             28.3913             14.2045             42.5959
                 100                 220                   0             30.2734             14.2045              44.478
                 100                 230                   0             31.7294             14.2045             45.9339
                 100                 240                   0             33.0256             13.6364             46.6619
                 100                 250                   0              35.103             11.3636             46.4666
                 100                 260                   0             38.5653             10.7955             49.3608
                 100                 270                   0             40.3409             10.7955             51.1364
                 100                 280                   0             41.6726             10.2273             51.8999
                 100                 290                   0             44.7798             6.81818              51.598
                 100                 300                   0             46.2358             6.81818              53.054
                 100                 310                   0              46.946             6.81818             53.7642
                 100                 320                   0             49.1655                6.25             55.4155
                 100                 330                   0             51.2962                6.25             57.5462
                 100                 340                   0             51.3317                6.25             57.5817
                 100                 350                   0             52.8054             6.81818             59.6236
                 100                 360                   0             54.4034                6.25             60.6534
                 100                 370                   0             55.9126             7.38636              63.299
                 100                 380                   0             57.1023                6.25             63.3523
                 100                 390                   0              57.919                6.25              64.169
                 100                 400                   0             59.1442                6.25             65.3942
                 100                 410                   0             60.3161             5.11364             65.4297
                 100                 420                   0             62.1094             4.54545             66.6548
                 100                 430                   0             63.6541             3.97727             67.6314
                 100                 440                   0             64.6484             3.97727             68.6257
                 100                 450                   0             66.2287             3.97727              70.206
                 100                 460                   0             66.7436             3.97727             70.7209
                 100                 470                   0             68.1463             3.40909             71.5554
                 100                 480                   0             70.7564             2.84091             73.5973
                 100                 490                   0             71.8217             2.27273             74.0945
                 100                 500                   0             72.1768             2.27273             74.4496
                 100                 510                   0             73.4908             2.27273             75.7635
                 100                 520                   0             74.3075             2.27273             76.5803
                 100                 530                   0             74.8402             2.27273             77.1129
                 100                 540                   0             76.9709             2.27273             79.2436
                 100                 550                   0             78.5511             1.70455             80.2557
                 100                 560                   0             79.1371             1.70455             80.8416
                 100                 570                   0             80.8239             1.13636             81.9602
                 100                 580                   0             81.8892             1.13636             83.0256
                 100                 590                   0             82.2798             1.13636             83.4162
                 100                 600                   0             82.7237             1.13636             83.8601
                 100                 610                   0             82.9013             1.13636             84.0376
                 100                 620                   0             83.0611             1.13636             84.1974
                 100                 630                   0             83.5938             1.13636             84.7301
                 100                 640                   0             83.8778            0.568182              84.446
                 100                 650                   0             84.1974            0.568182             84.7656
                 100                 660                   0             84.6591            0.568182             85.2273
                 100                 670                   0             84.9432            0.568182             85.5114
                 100                 680                   0             85.1562            0.568182             85.7244
                 100                 690                   0             85.2273            0.568182             85.7955
                 100                 700                   0             85.3338            0.568182              85.902
                 100                 710                   0             85.4936            0.568182             86.0618
                 100                 720                   0              85.973            0.568182             86.5412
                 100                 730                   0             86.0085            0.568182             86.5767
                 100                 740                   0             87.0384            0.568182             87.6065
                 100                 750                   0             87.2514            0.568182             87.8196
                 100                 760                   0             87.2869            0.568182             87.8551
                 100                 770                   0             87.3224            0.568182             87.8906
                 100                 780                   0                87.5            0.568182             88.0682
                 100                 790                   0             87.5178            0.568182             88.0859
                 100                 800                   0              87.571            0.568182             88.1392
                 100                 810                   0             87.7131            0.568182             88.2812
                 100                 820                   0             87.8374            0.568182             88.4055
                 100                 830                   0             88.1747            0.568182             88.7429
                 100                 840                   0             88.3168            0.568182             88.8849
                 100                 850                   0             88.9027            0.568182             89.4709
                 100                 860                   0             89.1335            0.568182             89.7017
                 100                 870                   0             89.1868            0.568182              89.755
                 100                 880                   0             89.4531            0.568182             90.0213
                 100                 890                   0             89.4886            0.568182             90.0568
                 100                 900                   0             89.9503            0.568182             90.5185
                 100                 910                   0             89.9503            0.568182             90.5185
                 100                 920                   0             89.9858            0.568182              90.554
                 100                 930                   0             90.0213            0.568182             90.5895
                 100                 940                   0             90.0213            0.568182             90.5895
                 100                 950                   0             90.0213            0.568182             90.5895
                 100                 960                   0             90.0923            0.568182             90.6605
                 100                 970                   0             90.3054            0.568182             90.8736
                 100                 980                   0             90.3054            0.568182             90.8736
                 100                 990                   0             90.4297            0.568182             90.9979
                 100                1000                   0             90.4297            0.568182             90.9979
