                  10                   0                   0                   0             97.7273             97.7273
                  10                  10                   0                   0             97.7273             97.7273
                  10                  20                   0                   0             96.5909             96.5909
                  10                  30                   0                   0             95.4545             95.4545
                  10                  40                   0                   0             91.4773             91.4773
                  10                  50                   0                   0             92.0455             92.0455
                  10                  60                   0                   0             91.4773             91.4773
                  10                  70                   0                   0             91.4773             91.4773
                  10                  80                   0                   0             89.2045             89.2045
                  10                  90                   0                   0             81.8182             81.8182
                  10                 100                   0           0.0177557             78.9773              78.995
                  10                 110                   0            0.106534             77.2727             77.3793
                  10                 120                   0           0.0177557             71.0227             71.0405
                  10                 130                   0           0.0177557             65.9091             65.9268
                  10                 140                   0           0.0177557             56.8182             56.8359
                  10                 150                   0           0.0177557                  50             50.0178
                  10                 160                   0            0.550426             49.4318             49.9822
                  10                 170                   0            0.621449               43.75             44.3714
                  10                 180                   0             0.12429             32.3864             32.5107
                  10                 190                   0             0.53267             38.6364              39.169
                  10                 200                   0            0.763494             30.1136             30.8771
                  10                 210                   0             1.33168             28.4091             29.7408
                  10                 220                   0             1.13636                  25             26.1364
                  10                 230                   0             1.70455             28.4091             30.1136
                  10                 240                   0             2.07741             30.1136             32.1911
                  10                 250                   0             2.55682             22.7273             25.2841
                  10                 260                   0             2.91193             17.6136             20.5256
                  10                 270                   0             2.94744               18.75             21.6974
                  10                 280                   0             3.17827             16.4773             19.6555
                  10                 290                   0              3.4446             15.9091             19.3537
                  10                 300                   0             3.67543             14.2045               17.88
                  10                 310                   0             3.90625             13.6364             17.5426
                  10                 320                   0             4.01278             13.6364             17.6491
                  10                 330                   0              4.2081                12.5             16.7081
                  10                 340                   0             4.61648             9.09091             13.7074
                  10                 350                   0             5.37997             9.65909             15.0391
                  10                 360                   0             5.48651             9.09091             14.5774
                  10                 370                   0             5.57528             8.52273              14.098
                  10                 380                   0             6.53409             8.52273             15.0568
                  10                 390                   0             6.30327                12.5             18.8033
                  10                 400                   0              6.5696                12.5             19.0696
                  10                 410                   0             6.90696             11.9318             18.8388
                  10                 420                   0             9.12642             16.4773             25.6037
                  10                 430                   0             9.65909             16.4773             26.1364
                  10                 440                   0              10.032             14.2045             24.2365
                  10                 450                   0             10.2095             15.3409             25.5504
                  10                 460                   0             11.1151             20.4545             31.5696
                  10                 470                   0             11.3636             20.4545             31.8182
                  10                 480                   0             13.1392             11.9318              25.071
                  10                 490                   0             13.5653             11.9318             25.4972
                  10                 500                   0             14.0092             11.3636             25.3729
                  10                 510                   0             13.8849             10.2273             24.1122
                  10                 520                   0             14.5952             10.2273             24.8224
                  10                 530                   0             13.0859             11.9318             25.0178
                  10                 540                   0             15.0746             13.0682             28.1428
                  10                 550                   0             16.1222             13.0682             29.1903
                  10                 560                   0             15.9801             13.6364             29.6165
                  10                 570                   0              16.282             13.0682             29.3501
                  10                 580                   0             17.3295                12.5             29.8295
                  10                 590                   0             18.3061                12.5             30.8061
                  10                 600                   0              18.679             5.11364             23.7926
                  10                 610                   0             19.9041             3.97727             23.8814
                  10                 620                   0             20.1527             3.97727               24.13
                  10                 630                   0             21.3246             3.40909             24.7337
                  10                 640                   0             21.4489             3.40909              24.858
                  10                 650                   0             21.7152             3.40909             25.1243
                  10                 660                   0             22.0348             3.40909             25.4439
                  10                 670                   0             21.5199             7.95455             29.4744
                  10                 680                   0             21.3778             7.95455             29.3324
                  10                 690                   0             21.4666             7.95455             29.4212
                  10                 700                   0             22.0348             7.95455             29.9893
                  10                 710                   0               24.13             7.95455             32.0845
                  10                 720                   0             24.5561             7.38636             31.9425
                  10                 730                   0             24.5916             7.38636              31.978
                  10                 740                   0             26.8643             7.38636             34.2507
                  10                 750                   0              28.267             7.38636             35.6534
                  10                 760                   0             28.5866             7.38636              35.973
                  10                 770                   0             28.7109             7.38636             36.0973
                  10                 780                   0             28.9773             8.52273                37.5
                  10                 790                   0             29.0838             8.52273             37.6065
                  10                 800                   0             30.8416             3.40909             34.2507
                  10                 810                   0             33.7536             3.40909             37.1626
                  10                 820                   0             37.4112             3.40909             40.8203
                  10                 830                   0             37.9261             3.40909             41.3352
                  10                 840                   0              38.157             3.40909             41.5661
                  10                 850                   0             42.8445             2.27273             45.1172
                  10                 860                   0             42.9332             2.27273              45.206
                  10                 870                   0             44.1939             2.27273             46.4666
                  10                 880                   0             44.3537             2.27273             46.6264
                  10                 890                   0             45.6854             2.27273             47.9581
                  10                 900                   0             46.6442             2.84091             49.4851
                  10                 910                   0             47.3722             2.84091             50.2131
                  10                 920                   0             47.4077             2.27273             49.6804
                  10                 930                   0              47.603             2.27273             49.8757
                  10                 940                   0             47.9581             2.27273             50.2308
                  10                 950                   0             47.7095             2.27273             49.9822
                  10                 960                   0             48.2777             2.27273             50.5504
                  10                 970                   0             48.2955             2.27273             50.5682
                  10                 980                   0             48.7216             2.27273             50.9943
                  10                 990                   0             48.2777             4.54545             52.8232
                  10                1000                   0             49.5384             5.11364              54.652
