                  65                   0                   0             4.86506             40.3409              45.206
                  65                  10                   0             5.96591             40.3409             46.3068
                  65                  20                   0             6.16122             42.0455             48.2067
                  65                  30                   0             6.49858             38.6364             45.1349
                  65                  40                   0             7.43963             27.2727             34.7124
                  65                  50                   0             8.00781             27.8409             35.8487
                  65                  60                   0              8.7358             27.8409             36.5767
                  65                  70                   0             8.96662             27.8409             36.8075
                  65                  80                   0               9.375             26.1364             35.5114
                  65                  90                   0              10.902                  25              35.902
                  65                 100                   0             11.2926             24.4318             35.7244
                  65                 110                   0             11.5057             27.8409             39.3466
                  65                 120                   0              12.429             26.1364             38.5653
                  65                 130                   0             13.3878                  25             38.3878
                  65                 140                   0              13.157             21.0227             34.1797
                  65                 150                   0             13.5298             16.4773             30.0071
                  65                 160                   0             15.5007             14.2045             29.7053
                  65                 170                   0             15.7138             13.6364             29.3501
                  65                 180                   0             15.9624                12.5             28.4624
                  65                 190                   0             16.5661                12.5             29.0661
                  65                 200                   0             16.4773             14.7727               31.25
                  65                 210                   0             16.9567             14.7727             31.7294
                  65                 220                   0             18.3239             13.6364             31.9602
                  65                 230                   0               18.75             13.6364             32.3864
                  65                 240                   0             19.2649             13.6364             32.9013
                  65                 250                   0             20.3303             13.0682             33.3984
                  65                 260                   0             21.2003                12.5             33.7003
                  65                 270                   0             21.6087                12.5             34.1087
                  65                 280                   0             21.8395                12.5             34.3395
                  65                 290                   0             22.9403                12.5             35.4403
                  65                 300                   0             22.8871             13.0682             35.9553
                  65                 310                   0             23.9169             11.9318             35.8487
                  65                 320                   0             25.0355             11.9318             36.9673
                  65                 330                   0             26.8288             11.9318             38.7607
                  65                 340                   0             27.1307             11.9318             39.0625
                  65                 350                   0             28.6044             11.3636              39.968
                  65                 360                   0             29.3857             11.3636             40.7493
                  65                 370                   0             30.3089             11.3636             41.6726
                  65                 380                   0             31.2322             11.3636             42.5959
                  65                 390                   0             31.8359             11.3636             43.1996
                  65                 400                   0             33.9844             10.7955             44.7798
                  65                 410                   0             36.4524                6.25             42.7024
                  65                 420                   0             37.9261                6.25             44.1761
                  65                 430                   0             39.4709                6.25             45.7209
                  65                 440                   0             43.3061                6.25             49.5561
                  65                 450                   0             45.7386             5.68182             51.4205
                  65                 460                   0              46.946             5.68182             52.6278
                  65                 470                   0             47.8516             5.68182             53.5334
                  65                 480                   0             48.2777             4.54545             52.8232
                  65                 490                   0             51.3317             5.68182             57.0135
                  65                 500                   0             51.1896             5.11364             56.3033
                  65                 510                   0             52.4325             4.54545              56.978
                  65                 520                   0             53.1072             3.97727             57.0845
                  65                 530                   0             53.7642             3.97727             57.7415
                  65                 540                   0             55.9482             3.97727             59.9254
                  65                 550                   0             56.4098             3.97727             60.3871
                  65                 560                   0             57.1023             3.97727             61.0795
                  65                 570                   0             57.4929             3.97727             61.4702
                  65                 580                   0             58.8423             2.84091             61.6832
                  65                 590                   0             59.7479             2.84091             62.5888
                  65                 600                   0             60.6001             2.84091             63.4411
                  65                 610                   0             64.2223             2.27273              66.495
                  65                 620                   0             64.9148             2.27273             67.1875
                  65                 630                   0             65.3054             2.27273             67.5781
                  65                 640                   0             66.0866             1.70455             67.7912
                  65                 650                   0             66.5661             1.70455             68.2706
                  65                 660                   0             67.0455             1.70455               68.75
                  65                 670                   0             67.6314             1.70455             69.3359
                  65                 680                   0             67.8622             1.13636             68.9986
                  65                 690                   0             68.1641             1.13636             69.3004
                  65                 700                   0             69.6555             1.13636             70.7919
                  65                 710                   0             69.8686             1.13636              71.005
                  65                 720                   0             70.0817             1.13636              71.218
                  65                 730                   0             70.1349             1.13636             71.2713
                  65                 740                   0             69.7088             1.13636             70.8452
                  65                 750                   0             70.8452             1.13636             71.9815
                  65                 760                   0             71.3601             1.13636             72.4964
                  65                 770                   0             71.5376             1.13636              72.674
                  65                 780                   0             72.6918             1.13636             73.8281
                  65                 790                   0             72.8338             1.13636             73.9702
                  65                 800                   0             74.1122             1.13636             75.2486
                  65                 810                   0             74.3608             1.13636             75.4972
                  65                 820                   0             74.5916             1.13636              75.728
                  65                 830                   0             75.6392             1.13636             76.7756
                  65                 840                   0              75.728             1.13636             76.8643
                  65                 850                   0             76.7756             1.13636             77.9119
                  65                 860                   0             76.9531             1.13636             78.0895
                  65                 870                   0             77.5746             1.13636             78.7109
                  65                 880                   0             77.6811             1.13636             78.8175
                  65                 890                   0             77.7166             1.13636              78.853
                  65                 900                   0             77.7521             1.13636             78.8885
                  65                 910                   0             77.8232             1.13636             78.9595
                  65                 920                   0             78.1428             1.13636             79.2791
                  65                 930                   0             78.3913             1.13636             79.5277
                  65                 940                   0             78.8707             1.13636             80.0071
                  65                 950                   0              78.924             1.13636             80.0604
                  65                 960                   0              78.924             1.13636             80.0604
                  65                 970                   0             79.6875             1.13636             80.8239
                  65                 980                   0             80.2024             1.13636             81.3388
                  65                 990                   0             80.2024             1.13636             81.3388
                  65                1000                   0             80.2024             1.13636             81.3388
