                  40                   0                   0             0.78125             53.4091             54.1903
                  40                  10                   0             1.04759                  50             51.0476
                  40                  20                   0             1.22514             49.4318              50.657
                  40                  30                   0              1.2429             48.8636             50.1065
                  40                  40                   0             1.38494             47.1591              48.544
                  40                  50                   0             1.54474             42.0455             43.5902
                  40                  60                   0              1.7223             41.4773             43.1996
                  40                  70                   0             2.30824             38.0682             40.3764
                  40                  80                   0             2.61009             38.0682             40.6783
                  40                  90                   0             2.66335             32.9545             35.6179
                  40                 100                   0             3.17827             34.6591             37.8374
                  40                 110                   0             3.65767             25.5682             29.2259
                  40                 120                   0             4.26136             24.4318             28.6932
                  40                 130                   0             5.04261             32.9545             37.9972
                  40                 140                   0             5.30895             23.8636             29.1726
                  40                 150                   0             6.85369               18.75             25.6037
                  40                 160                   0             6.48082             22.7273             29.2081
                  40                 170                   0             6.83594             23.8636             30.6996
                  40                 180                   0             8.09659             20.4545             28.5511
                  40                 190                   0              7.8125               18.75             26.5625
                  40                 200                   0             9.28622             15.9091             25.1953
                  40                 210                   0             9.90767             13.6364              23.544
                  40                 220                   0             10.4936                12.5             22.9936
                  40                 230                   0             10.5824             11.3636              21.946
                  40                 240                   0             10.9553             11.9318             22.8871
                  40                 250                   0             11.8608             11.9318             23.7926
                  40                 260                   0             12.4645             11.9318             24.3963
                  40                 270                   0             12.7131             11.9318             24.6449
                  40                 280                   0              14.027             11.3636             25.3906
                  40                 290                   0             14.5774             11.3636             25.9411
                  40                 300                   0             15.4474             13.6364             29.0838
                  40                 310                   0             16.3352             10.2273             26.5625
                  40                 320                   0             17.3118             10.2273             27.5391
                  40                 330                   0              17.951             9.65909             27.6101
                  40                 340                   0             18.1996             9.09091             27.2905
                  40                 350                   0             19.2827             10.2273             29.5099
                  40                 360                   0             20.1349             10.7955             30.9304
                  40                 370                   0             21.2891             10.7955             32.0845
                  40                 380                   0             22.0703             10.2273             32.2976
                  40                 390                   0             22.9403             9.65909             32.5994
                  40                 400                   0             24.5206             9.65909             34.1797
                  40                 410                   0             24.9112             9.65909             34.5703
                  40                 420                   0             25.9233             9.09091             35.0142
                  40                 430                   0             27.2195             8.52273             35.7422
                  40                 440                   0             27.5746             10.7955               38.37
                  40                 450                   0             28.6044             10.7955             39.3999
                  40                 460                   0              30.451             10.7955             41.2464
                  40                 470                   0             31.5163             10.7955             42.3118
                  40                 480                   0             32.1911             10.7955             42.9865
                  40                 490                   0             32.6882             10.7955             43.4837
                  40                 500                   0             33.3097             10.7955             44.1051
                  40                 510                   0             33.5405             10.2273             43.7678
                  40                 520                   0             34.0376             10.2273             44.2649
                  40                 530                   0             35.4936             10.2273             45.7209
                  40                 540                   0             37.2514             9.65909             46.9105
                  40                 550                   0             37.8906             8.52273             46.4134
                  40                 560                   0             37.0916             7.95455             45.0462
                  40                 570                   0             39.1158             7.95455             47.0703
                  40                 580                   0             40.9091             7.95455             48.8636
                  40                 590                   0             42.1875             7.95455              50.142
                  40                 600                   0             43.7322             8.52273              52.255
                  40                 610                   0             45.2237             8.52273             53.7464
                  40                 620                   0             47.4787             8.52273             56.0014
                  40                 630                   0             48.5973             8.52273               57.12
                  40                 640                   0             49.3963             7.95455             57.3509
                  40                 650                   0             50.5504             7.38636             57.9368
                  40                 660                   0             50.4439             7.38636             57.8303
                  40                 670                   0             50.6925             7.38636             58.0788
                  40                 680                   0             52.2727             7.38636             59.6591
                  40                 690                   0             53.2138             6.81818              60.032
                  40                 700                   0             54.4922                6.25             60.7422
                  40                 710                   0             57.1023             5.68182             62.7841
                  40                 720                   0             58.2386             5.68182             63.9205
                  40                 730                   0             58.8246             5.68182             64.5064
                  40                 740                   0             61.9318             5.68182             67.6136
                  40                 750                   0             61.8075             5.68182             67.4893
                  40                 760                   0             62.3935             5.68182             68.0753
                  40                 770                   0             63.4233             5.68182             69.1051
                  40                 780                   0             64.3999             5.68182             70.0817
                  40                 790                   0             63.6896             5.68182             69.3714
                  40                 800                   0             64.1158             5.68182             69.7976
                  40                 810                   0             64.3466             5.68182             70.0284
                  40                 820                   0             64.9858             5.68182             70.6676
                  40                 830                   0             64.6484             5.68182             70.3303
                  40                 840                   0             65.0568             1.13636             66.1932
                  40                 850                   0             65.8913             1.13636             67.0277
                  40                 860                   0             66.0511             1.13636             67.1875
                  40                 870                   0             66.1932             1.13636             67.3295
                  40                 880                   0              66.282             1.13636             67.4183
                  40                 890                   0             66.6193             1.13636             67.7557
                  40                 900                   0             66.7614             1.13636             67.8977
                  40                 910                   0             67.0987             1.13636             68.2351
                  40                 920                   0              67.152             1.13636             68.2884
                  40                 930                   0             67.3118             1.13636             68.4482
                  40                 940                   0             67.3651             1.13636             68.5014
                  40                 950                   0             67.4361             1.13636             68.5724
                  40                 960                   0             67.5959             1.13636             68.7322
                  40                 970                   0             67.7024             1.13636             68.8388
                  40                 980                   0             67.7379             1.13636             68.8743
                  40                 990                   0             68.3594             1.13636             69.4957
                  40                1000                   0             68.3771             1.13636             69.5135
