                  95                   0                   0             11.3104             32.9545             44.2649
                  95                  10                   0             12.3047             26.7045             39.0092
                  95                  20                   0             12.7486                  25             37.7486
                  95                  30                   0             12.9616             25.5682             38.5298
                  95                  40                   0              12.358             32.3864             44.7443
                  95                  50                   0             14.2401             28.4091             42.6491
                  95                  60                   0             15.2521             25.5682             40.8203
                  95                  70                   0             15.6783                  25             40.6783
                  95                  80                   0             16.2287             24.4318             40.6605
                  95                  90                   0             16.5483             24.4318             40.9801
                  95                 100                   0             17.7379             22.7273             40.4652
                  95                 110                   0             18.9453             22.1591             41.1044
                  95                 120                   0             19.1406             22.1591             41.2997
                  95                 130                   0             20.1349             21.0227             41.1577
                  95                 140                   0             20.6499             15.9091             36.5589
                  95                 150                   0             21.0582             15.3409             36.3991
                  95                 160                   0             21.4844             15.3409             36.8253
                  95                 170                   0             22.6207             15.3409             37.9616
                  95                 180                   0             23.1889             15.3409             38.5298
                  95                 190                   0             23.7749             14.7727             38.5476
                  95                 200                   0             24.7692             14.7727             39.5419
                  95                 210                   0             24.9645             14.2045              39.169
                  95                 220                   0             25.8878             14.2045             40.0923
                  95                 230                   0             26.8821             14.2045             41.0866
                  95                 240                   0              28.125             14.2045             42.3295
                  95                 250                   0             29.6875             13.0682             42.7557
                  95                 260                   0             31.4098             11.9318             43.3416
                  95                 270                   0             33.9311             13.0682             46.9993
                  95                 280                   0             34.8899             11.9318             46.8217
                  95                 290                   0             37.0561             11.3636             48.4197
                  95                 300                   0             40.6783             11.3636             52.0419
                  95                 310                   0             43.2884             11.3636              54.652
                  95                 320                   0             46.3246             6.81818             53.1428
                  95                 330                   0             48.3487                6.25             54.5987
                  95                 340                   0             49.7869                6.25             56.0369
                  95                 350                   0             51.9354                6.25             58.1854
                  95                 360                   0             53.4624                6.25             59.7124
                  95                 370                   0             52.6811                6.25             58.9311
                  95                 380                   0             54.1193                6.25             60.3693
                  95                 390                   0              55.451                6.25              61.701
                  95                 400                   0              55.593                6.25              61.843
                  95                 410                   0             56.9957                6.25             63.2457
                  95                 420                   0             58.6825             5.11364             63.7962
                  95                 430                   0             60.1918             4.54545             64.7372
                  95                 440                   0               61.63             3.97727             65.6072
                  95                 450                   0             63.0327             3.97727             67.0099
                  95                 460                   0             64.4709             3.97727             68.4482
                  95                 470                   0             65.3409             3.97727             69.3182
                  95                 480                   0              66.495             3.40909             69.9041
                  95                 490                   0             67.5426             3.40909             70.9517
                  95                 500                   0             68.7678             2.84091             71.6087
                  95                 510                   0             69.9396             2.84091             72.7805
                  95                 520                   0             71.0227             2.84091             73.8636
                  95                 530                   0             73.2067             2.84091             76.0476
                  95                 540                   0             74.0945             2.84091             76.9354
                  95                 550                   0             75.7812             2.84091             78.6222
                  95                 560                   0             76.3494             2.84091             79.1903
                  95                 570                   0             76.8821             2.27273             79.1548
                  95                 580                   0             79.2614             1.70455             80.9659
                  95                 590                   0             79.9361             1.70455             81.6406
                  95                 600                   0             80.9304             1.70455             82.6349
                  95                 610                   0              81.392             1.70455             83.0966
                  95                 620                   0             82.0312             1.70455             83.7358
                  95                 630                   0             82.2621             1.70455             83.9666
                  95                 640                   0              82.706             1.70455             84.4105
                  95                 650                   0             82.9368             1.13636             84.0732
                  95                 660                   0             83.2919             1.13636             84.4283
                  95                 670                   0             83.8423             1.13636             84.9787
                  95                 680                   0             83.8956             1.13636              85.032
                  95                 690                   0             84.0376             1.13636              85.174
                  95                 700                   0             84.3217             1.13636             85.4581
                  95                 710                   0             84.3928             1.13636             85.5291
                  95                 720                   0             84.4105             1.13636             85.5469
                  95                 730                   0             84.5348             1.13636             85.6712
                  95                 740                   0             85.0142             1.13636             86.1506
                  95                 750                   0              86.772            0.568182             87.3402
                  95                 760                   0             86.8075            0.568182             87.3757
                  95                 770                   0             87.1626            0.568182             87.7308
                  95                 780                   0             87.1804            0.568182             87.7486
                  95                 790                   0             87.3402            0.568182             87.9084
                  95                 800                   0             87.3935            0.568182             87.9616
                  95                 810                   0             87.4645            0.568182             88.0327
                  95                 820                   0             87.5533            0.568182             88.1214
                  95                 830                   0             87.6243            0.568182             88.1925
                  95                 840                   0             87.8018            0.568182               88.37
                  95                 850                   0             87.9616            0.568182             88.5298
                  95                 860                   0             88.0504            0.568182             88.6186
                  95                 870                   0             88.5476            0.568182             89.1158
                  95                 880                   0              89.027            0.568182             89.5952
                  95                 890                   0             89.1513            0.568182             89.7195
                  95                 900                   0             89.2045            0.568182             89.7727
                  95                 910                   0             89.2223            0.568182             89.7905
                  95                 920                   0             89.2756            0.568182             89.8438
                  95                 930                   0             89.3111            0.568182             89.8793
                  95                 940                   0             89.3111            0.568182             89.8793
                  95                 950                   0             89.3288            0.568182              89.897
                  95                 960                   0             89.3288            0.568182              89.897
                  95                 970                   0             89.3288            0.568182              89.897
                  95                 980                   0             89.3643            0.568182             89.9325
                  95                 990                   0             89.6129            0.568182             90.1811
                  95                1000                   0             89.7372            0.568182             90.3054
