                   0                   0                   0                   0                 100                 100
                   0                  10                   0                   0                 100                 100
                   0                  20                   0                   0                 100                 100
                   0                  30                   0                   0                 100                 100
                   0                  40                   0                   0                 100                 100
                   0                  50                   0                   0                 100                 100
                   0                  60                   0                   0                 100                 100
                   0                  70                   0                   0                 100                 100
                   0                  80                   0                   0                 100                 100
                   0                  90                   0                   0                 100                 100
                   0                 100                   0                   0                 100                 100
                   0                 110                   0                   0                 100                 100
                   0                 120                   0                   0                 100                 100
                   0                 130                   0                   0                 100                 100
                   0                 140                   0                   0             99.4318             99.4318
                   0                 150                   0                   0             99.4318             99.4318
                   0                 160                   0                   0             98.2955             98.2955
                   0                 170                   0                   0             96.5909             96.5909
                   0                 180                   0                   0               93.75               93.75
                   0                 190                   0           0.0710227             88.6364             88.7074
                   0                 200                   0            0.142045               81.25              81.392
                   0                 210                   0                   0             69.3182             69.3182
                   0                 220                   0                   0             60.7955             60.7955
                   0                 230                   0            0.426136             52.2727             52.6989
                   0                 240                   0            0.497159             42.0455             42.5426
                   0                 250                   0            0.479403             38.0682             38.5476
                   0                 260                   0            0.514915             36.9318             37.4467
                   0                 270                   0            0.603693             34.0909             34.6946
                   0                 280                   0            0.763494             32.9545              33.718
                   0                 290                   0             1.81108             36.9318             38.7429
                   0                 300                   0             1.84659             33.5227             35.3693
                   0                 310                   0             1.89986               31.25             33.1499
                   0                 320                   0             2.00639             28.9773             30.9837
                   0                 330                   0             2.05966             27.2727             29.3324
                   0                 340                   0             2.07741             26.1364             28.2138
                   0                 350                   0             2.16619             26.1364             28.3026
                   0                 360                   0             2.66335             25.5682             28.2315
                   0                 370                   0             2.69886             23.8636             26.5625
                   0                 380                   0              2.8054             21.0227             23.8281
                   0                 390                   0             2.94744             21.0227             23.9702
                   0                 400                   0             3.01847             21.5909             24.6094
                   0                 410                   0             3.14276             19.8864             23.0291
                   0                 420                   0             3.30256               18.75             22.0526
                   0                 430                   0              3.6044             18.1818             21.7862
                   0                 440                   0             3.63991             17.0455             20.6854
                   0                 450                   0             4.27912             19.8864             24.1655
                   0                 460                   0             3.94176             19.3182             23.2599
                   0                 470                   0             4.31463             27.8409             32.1555
                   0                 480                   0             4.47443             24.4318             28.9062
                   0                 490                   0             4.77628             24.4318             29.2081
                   0                 500                   0              5.1669               18.75             23.9169
                   0                 510                   0             5.39773               18.75             24.1477
                   0                 520                   0             7.10227                  25             32.1023
                   0                 530                   0             5.64631             21.5909             27.2372
                   0                 540                   0             8.23864             22.7273             30.9659
                   0                 550                   0             8.52273             21.0227             29.5455
                   0                 560                   0             9.25071             24.4318             33.6825
                   0                 570                   0             11.5767               18.75             30.3267
                   0                 580                   0             12.8018             18.1818             30.9837
                   0                 590                   0             11.2038             20.4545             31.6584
                   0                 600                   0             12.9616                12.5             25.4616
                   0                 610                   0             12.3757             11.9318             24.3075
                   0                 620                   0             13.0149             13.0682             26.0831
                   0                 630                   0             12.7486               18.75             31.4986
                   0                 640                   0             14.6307             11.9318             26.5625
                   0                 650                   0             12.5178             17.0455             29.5632
                   0                 660                   0             12.6243             16.4773             29.1016
                   0                 670                   0             12.6598             15.9091             28.5689
                   0                 680                   0             16.2464             21.0227             37.2692
                   0                 690                   0             15.8913             15.9091             31.8004
                   0                 700                   0             15.9979             15.9091              31.907
                   0                 710                   0             18.0043             14.7727              32.777
                   0                 720                   0             19.0874             14.7727             33.8601
                   0                 730                   0             18.1286             14.2045             32.3331
                   0                 740                   0             18.1641             15.9091             34.0732
                   0                 750                   0             18.6257             15.9091             34.5348
                   0                 760                   0             19.3182             15.9091             35.2273
                   0                 770                   0             19.5845             14.2045             33.7891
                   0                 780                   0             21.8572             14.2045             36.0618
                   0                 790                   0             21.9283             14.2045             36.1328
                   0                 800                   0             22.4609             14.2045             36.6655
                   0                 810                   0             22.8161             13.6364             36.4524
                   0                 820                   0             23.4197             13.6364             37.0561
                   0                 830                   0             24.3786             10.7955              35.174
                   0                 840                   0             24.7869             11.3636             36.1506
                   0                 850                   0             25.8168             11.3636             37.1804
                   0                 860                   0             26.0476             11.3636             37.4112
                   0                 870                   0             25.3196             11.3636             36.6832
                   0                 880                   0             25.3374             10.7955             36.1328
                   0                 890                   0             25.3374             10.7955             36.1328
                   0                 900                   0             25.3729             13.0682             38.4411
                   0                 910                   0             27.6101             7.95455             35.5646
                   0                 920                   0             27.7521             7.95455             35.7067
                   0                 930                   0             27.8409             7.95455             35.7955
                   0                 940                   0             27.9474             7.38636             35.3338
                   0                 950                   0             29.4389             7.38636             36.8253
                   0                 960                   0              32.848             6.81818             39.6662
                   0                 970                   0             35.5469             6.81818             42.3651
                   0                 980                   0             35.7244             6.81818             42.5426
                   0                 990                   0             35.8487             6.81818             42.6669
                   0                1000                   0             40.3942             7.38636             47.7805
