                  85                   0                   0             9.12642             33.5227             42.6491
                  85                  10                   0             9.96094             32.9545             42.9155
                  85                  20                   0             10.9197             23.8636             34.7834
                  85                  30                   0             11.4169             25.5682             36.9851
                  85                  40                   0             12.1626               31.25             43.4126
                  85                  50                   0             12.3935             28.9773             41.3707
                  85                  60                   0             12.3047             30.1136             42.4183
                  85                  70                   0             13.1392             28.9773             42.1165
                  85                  80                   0              13.956             28.9773             42.9332
                  85                  90                   0             14.3999             28.9773             43.3771
                  85                 100                   0             15.0568             24.4318             39.4886
                  85                 110                   0             16.3352             21.5909             37.9261
                  85                 120                   0             17.4183             21.0227             38.4411
                  85                 130                   0              17.951             19.8864             37.8374
                  85                 140                   0              18.608             17.6136             36.2216
                  85                 150                   0             19.0874             14.7727             33.8601
                  85                 160                   0             18.6967             15.3409             34.0376
                  85                 170                   0             19.7621             15.3409              35.103
                  85                 180                   0             20.1527             15.3409             35.4936
                  85                 190                   0             21.5376             15.3409             36.8786
                  85                 200                   0             21.9638             15.3409             37.3047
                  85                 210                   0             22.6562             14.2045             36.8608
                  85                 220                   0             23.1001             14.2045             37.3047
                  85                 230                   0             24.0945             14.2045              38.299
                  85                 240                   0             24.6804             14.2045             38.8849
                  85                 250                   0             25.2663             14.2045             39.4709
                  85                 260                   0             25.6925             13.0682             38.7607
                  85                 270                   0              28.125             7.38636             35.5114
                  85                 280                   0             30.8239             7.38636             38.2102
                  85                 290                   0             32.4574             7.38636             39.8438
                  85                 300                   0             34.1442             8.52273             42.6669
                  85                 310                   0             35.1385             7.95455              43.093
                  85                 320                   0             36.9851             7.95455             44.9396
                  85                 330                   0             37.8196             7.95455             45.7741
                  85                 340                   0             39.0092             7.95455             46.9638
                  85                 350                   0             40.9268             7.38636             48.3132
                  85                 360                   0              39.968             11.9318             51.8999
                  85                 370                   0             44.3714             7.38636             51.7578
                  85                 380                   0             46.1648             7.38636             53.5511
                  85                 390                   0             47.6918             6.81818             54.5099
                  85                 400                   0             48.3665             6.81818             55.1847
                  85                 410                   0             48.9702             6.81818             55.7884
                  85                 420                   0             49.9822             5.68182             55.6641
                  85                 430                   0             51.8466             5.68182             57.5284
                  85                 440                   0             53.8175                6.25             60.0675
                  85                 450                   0             55.9482                6.25             62.1982
                  85                 460                   0             55.8061             5.11364             60.9197
                  85                 470                   0             57.1911             5.11364             62.3047
                  85                 480                   0             58.7713             4.54545             63.3168
                  85                 490                   0             60.9553             3.97727             64.9325
                  85                 500                   0             62.0561             3.97727             66.0334
                  85                 510                   0             62.7131             3.40909             66.1222
                  85                 520                   0             63.3345             3.40909             66.7436
                  85                 530                   0             65.5717             3.40909             68.9808
                  85                 540                   0             67.0632             3.40909             70.4723
                  85                 550                   0             70.6321             2.84091              73.473
                  85                 560                   0             71.6797             2.84091             74.5206
                  85                 570                   0              72.674             2.84091             75.5149
                  85                 580                   0             72.9403             2.84091             75.7812
                  85                 590                   0             73.6151             1.70455             75.3196
                  85                 600                   0             74.2188             1.70455             75.9233
                  85                 610                   0             74.6626             1.70455             76.3672
                  85                 620                   0             75.1065             1.70455             76.8111
                  85                 630                   0             76.2251             1.70455             77.9297
                  85                 640                   0             77.5213             1.70455             79.2259
                  85                 650                   0             78.0717             1.70455             79.7763
                  85                 660                   0             78.4979             1.13636             79.6342
                  85                 670                   0              78.853             1.13636             79.9893
                  85                 680                   0             79.2614             1.13636             80.3977
                  85                 690                   0             79.5277             1.13636             80.6641
                  85                 700                   0             80.0071             1.13636             81.1435
                  85                 710                   0             80.0071             1.13636             81.1435
                  85                 720                   0             82.8658             1.13636             84.0021
                  85                 730                   0             83.0433             1.13636             84.1797
                  85                 740                   0             83.1499             1.13636             84.2862
                  85                 750                   0             83.2386             1.13636              84.375
                  85                 760                   0             83.4162             1.13636             84.5526
                  85                 770                   0             83.6293             1.13636             84.7656
                  85                 780                   0             84.3395             1.13636             85.4759
                  85                 790                   0             84.4105             1.13636             85.5469
                  85                 800                   0             84.5703             1.13636             85.7067
                  85                 810                   0             84.7834             1.13636             85.9197
                  85                 820                   0             84.8544             1.13636             85.9908
                  85                 830                   0             84.6058             1.13636             85.7422
                  85                 840                   0             84.6768             1.13636             85.8132
                  85                 850                   0             84.7124             1.13636             85.8487
                  85                 860                   0             84.7834             1.13636             85.9197
                  85                 870                   0             85.0497             1.13636             86.1861
                  85                 880                   0             85.0675             1.13636             86.2038
                  85                 890                   0             85.2095             1.13636             86.3459
                  85                 900                   0             85.5824             1.13636             86.7188
                  85                 910                   0             85.9908             1.13636             87.1271
                  85                 920                   0             86.1328             1.13636             87.2692
                  85                 930                   0             86.1683             1.13636             87.3047
                  85                 940                   0             86.1683             1.13636             87.3047
                  85                 950                   0             86.2038             1.13636             87.3402
                  85                 960                   0             86.2038             1.13636             87.3402
                  85                 970                   0             86.2216             1.13636              87.358
                  85                 980                   0             86.2393             1.13636             87.3757
                  85                 990                   0             86.2393             1.13636             87.3757
                  85                1000                   0             86.2571             1.13636             87.3935
