                  50                   0                   0             1.81108             46.5909              48.402
                  50                  10                   0              2.0419             44.8864             46.9283
                  50                  20                   0             2.29048             42.0455             44.3359
                  50                  30                   0             2.68111             40.3409              43.022
                  50                  40                   0             3.24929             38.6364             41.8857
                  50                  50                   0             3.58665             38.0682             41.6548
                  50                  60                   0             4.01278               31.25             35.2628
                  50                  70                   0             4.43892               31.25             35.6889
                  50                  80                   0             5.09588             29.5455             34.6413
                  50                  90                   0              5.9304             26.7045             32.6349
                  50                 100                   0              6.8892             26.7045             33.5938
                  50                 110                   0             6.92472             28.4091             35.3338
                  50                 120                   0             7.47514             26.7045             34.1797
                  50                 130                   0             8.04332             23.8636              31.907
                  50                 140                   0             8.98438             21.5909             30.5753
                  50                 150                   0             9.14418             22.7273             31.8714
                  50                 160                   0             10.0852             21.0227              31.108
                  50                 170                   0              10.902             16.4773             27.3793
                  50                 180                   0             11.3281             16.4773             27.8054
                  50                 190                   0             11.6832             15.9091             27.5923
                  50                 200                   0             12.0916             13.0682             25.1598
                  50                 210                   0             12.6065                12.5             25.1065
                  50                 220                   0              14.027             11.3636             25.3906
                  50                 230                   0             14.5419             11.3636             25.9055
                  50                 240                   0             15.0391             11.3636             26.4027
                  50                 250                   0             16.6371             10.7955             27.4325
                  50                 260                   0             16.5128             11.3636             27.8764
                  50                 270                   0             16.7969             10.7955             27.5923
                  50                 280                   0             17.9155             10.7955             28.7109
                  50                 290                   0             18.8388             10.7955             29.6342
                  50                 300                   0              19.478             10.7955             30.2734
                  50                 310                   0             19.9574             10.7955             30.7528
                  50                 320                   0             20.1882             10.7955             30.9837
                  50                 330                   0             21.3423             10.7955             32.1378
                  50                 340                   0             21.9638             10.7955             32.7592
                  50                 350                   0             23.5973             10.7955             34.3928
                  50                 360                   0              24.272             9.65909             33.9311
                  50                 370                   0             24.4141             11.9318             36.3459
                  50                 380                   0              25.071             11.9318             37.0028
                  50                 390                   0             25.7457             11.3636             37.1094
                  50                 400                   0             27.2905             11.3636             38.6541
                  50                 410                   0             28.1428             11.3636             39.5064
                  50                 420                   0             29.4034             11.3636              40.767
                  50                 430                   0             30.1314             11.3636              41.495
                  50                 440                   0             31.4276             10.7955              42.223
                  50                 450                   0             32.2443             10.7955             43.0398
                  50                 460                   0             32.8125             10.7955              43.608
                  50                 470                   0             34.0376             10.7955             44.8331
                  50                 480                   0             34.9609             10.7955             45.7564
                  50                 490                   0             35.8842             10.7955             46.6797
                  50                 500                   0             37.4645             10.7955             48.2599
                  50                 510                   0             38.7251             10.7955             49.5206
                  50                 520                   0             39.4531             10.7955             50.2486
                  50                 530                   0             40.2876             10.2273             50.5149
                  50                 540                   0             40.9801             7.95455             48.9347
                  50                 550                   0             42.0277             7.95455             49.9822
                  50                 560                   0             43.7678             8.52273             52.2905
                  50                 570                   0             44.5668             8.52273             53.0895
                  50                 580                   0             45.0284             8.52273             53.5511
                  50                 590                   0             47.0703             7.38636             54.4567
                  50                 600                   0             49.0057             7.95455             56.9602
                  50                 610                   0             52.0419             7.38636             59.4283
                  50                 620                   0             53.8352             7.38636             61.2216
                  50                 630                   0              54.723             6.81818             61.5412
                  50                 640                   0             54.9893             6.81818             61.8075
                  50                 650                   0             56.4631             6.81818             63.2812
                  50                 660                   0             59.8189             6.81818             66.6371
                  50                 670                   0             61.2393             6.81818             68.0575
                  50                 680                   0             62.1626                6.25             68.4126
                  50                 690                   0             62.5355                6.25             68.7855
                  50                 700                   0             63.1925             5.68182             68.8743
                  50                 710                   0             63.9382             5.68182               69.62
                  50                 720                   0             64.0625             5.68182             69.7443
                  50                 730                   0             64.2756             5.68182             69.9574
                  50                 740                   0             64.5952             5.68182              70.277
                  50                 750                   0             64.8615             5.68182             70.5433
                  50                 760                   0             65.2166             5.68182             70.8984
                  50                 770                   0             65.3054             5.68182             70.9872
                  50                 780                   0             65.8381             1.13636             66.9744
                  50                 790                   0              66.282             1.13636             67.4183
                  50                 800                   0             66.2109             1.13636             67.3473
                  50                 810                   0             66.1577             1.13636              67.294
                  50                 820                   0             66.5838             1.13636             67.7202
                  50                 830                   0             66.7081             1.13636             67.8445
                  50                 840                   0             67.0632             1.13636             68.1996
                  50                 850                   0             67.1342             1.13636             68.2706
                  50                 860                   0              67.294             1.13636             68.4304
                  50                 870                   0             67.4006             1.13636             68.5369
                  50                 880                   0             67.5071             1.13636             68.6435
                  50                 890                   0             67.6847             1.13636              68.821
                  50                 900                   0             67.7734             1.13636             68.9098
                  50                 910                   0             67.8622             1.13636             68.9986
                  50                 920                   0             68.0753             1.13636             69.2116
                  50                 930                   0              68.093             1.13636             69.2294
                  50                 940                   0             69.1584             1.13636             70.2947
                  50                 950                   0             69.6378             1.13636             70.7741
                  50                 960                   0             70.6854             1.13636             71.8217
                  50                 970                   0             70.7031             1.13636             71.8395
                  50                 980                   0             70.7919             1.13636             71.9283
                  50                 990                   0             70.7919             1.13636             71.9283
                  50                1000                   0             70.8629             1.13636             71.9993
