                  60                   0                   0             3.72869             41.4773              45.206
                  60                  10                   0             4.17259             38.6364             42.8089
                  60                  20                   0             4.70526             39.2045             43.9098
                  60                  30                   0             5.41548             33.5227             38.9382
                  60                  40                   0             5.96591             29.5455             35.5114
                  60                  50                   0             6.12571             41.4773              47.603
                  60                  60                   0             7.20881             26.7045             33.9134
                  60                  70                   0             7.61719             28.4091             36.0263
                  60                  80                   0             8.30966             28.4091             36.7188
                  60                  90                   0             8.94886             27.2727             36.2216
                  60                 100                   0             9.32173             25.5682             34.8899
                  60                 110                   0             10.4936             25.5682             36.0618
                  60                 120                   0             11.5589             23.2955             34.8544
                  60                 130                   0             12.3047             22.7273              35.032
                  60                 140                   0             12.2692             22.1591             34.4283
                  60                 150                   0             13.0859             17.6136             30.6996
                  60                 160                   0             13.5121             14.2045             27.7166
                  60                 170                   0             13.7251             14.7727             28.4979
                  60                 180                   0             15.4119             13.0682             28.4801
                  60                 190                   0             15.3054                12.5             27.8054
                  60                 200                   0             15.7493                12.5             28.2493
                  60                 210                   0             16.2109                12.5             28.7109
                  60                 220                   0             16.9034             11.3636              28.267
                  60                 230                   0               17.88             11.3636             29.2436
                  60                 240                   0             18.5724             11.3636             29.9361
                  60                 250                   0             19.0341             11.3636             30.3977
                  60                 260                   0             19.9929             10.7955             30.7884
                  60                 270                   0              20.277             13.0682             33.3452
                  60                 280                   0             20.6676             13.0682             33.7358
                  60                 290                   0             21.6619                12.5             34.1619
                  60                 300                   0             22.2301                12.5             34.7301
                  60                 310                   0             22.4787                12.5             34.9787
                  60                 320                   0             23.7393                12.5             36.2393
                  60                 330                   0             25.0533             11.9318             36.9851
                  60                 340                   0             25.5504             11.9318             37.4822
                  60                 350                   0               25.87             11.9318             37.8018
                  60                 360                   0             27.0064             11.3636               38.37
                  60                 370                   0             27.5923             11.9318             39.5241
                  60                 380                   0             28.7464             11.3636             40.1101
                  60                 390                   0             29.8473             11.3636             41.2109
                  60                 400                   0             30.9482             11.3636             42.3118
                  60                 410                   0             32.5107             10.7955             43.3061
                  60                 420                   0             33.1854             10.7955             43.9808
                  60                 430                   0             33.7358             10.7955             44.5312
                  60                 440                   0             35.2983             10.7955             46.0938
                  60                 450                   0              37.429             10.7955             48.2244
                  60                 460                   0             38.6009             10.7955             49.3963
                  60                 470                   0             40.6783             5.68182             46.3601
                  60                 480                   0             41.9567             5.68182             47.6385
                  60                 490                   0             43.4659             4.54545             48.0114
                  60                 500                   0             48.2777             4.54545             52.8232
                  60                 510                   0             49.5916             4.54545             54.1371
                  60                 520                   0             50.4616             4.54545             55.0071
                  60                 530                   0             50.9055             3.97727             54.8828
                  60                 540                   0             51.7401             3.97727             55.7173
                  60                 550                   0              52.468             3.97727             56.4453
                  60                 560                   0             54.2791             3.97727             58.2564
                  60                 570                   0              54.652             3.97727             58.6293
                  60                 580                   0             55.8771             3.40909             59.2862
                  60                 590                   0             57.3509             2.84091             60.1918
                  60                 600                   0             57.8835             2.84091             60.7244
                  60                 610                   0             58.5938             2.84091             61.4347
                  60                 620                   0             59.0376             2.27273             61.3104
                  60                 630                   0             62.0206             2.27273             64.2933
                  60                 640                   0             63.2102             2.27273              65.483
                  60                 650                   0             63.8494             1.70455              65.554
                  60                 660                   0              64.169             1.70455             65.8736
                  60                 670                   0             64.3821             1.70455             66.0866
                  60                 680                   0             64.8082             1.70455             66.5128
                  60                 690                   0             65.3942             1.13636             66.5305
                  60                 700                   0             66.0156             1.13636              67.152
                  60                 710                   0             66.5838             1.13636             67.7202
                  60                 720                   0             66.7614             1.13636             67.8977
                  60                 730                   0             66.9744             1.13636             68.1108
                  60                 740                   0             67.0455             1.13636             68.1818
                  60                 750                   0             67.1342             1.13636             68.2706
                  60                 760                   0             66.6726             1.13636             67.8089
                  60                 770                   0             66.9034             1.13636             68.0398
                  60                 780                   0             67.9688             1.13636             69.1051
                  60                 790                   0             68.2706             1.13636              69.407
                  60                 800                   0             70.5966             1.13636              71.733
                  60                 810                   0             70.7564             1.13636             71.8928
                  60                 820                   0             70.9162             1.13636             72.0526
                  60                 830                   0             71.2536             1.13636             72.3899
                  60                 840                   0             72.3722             1.13636             73.5085
                  60                 850                   0             72.4077             1.13636              73.544
                  60                 860                   0              72.532             1.13636             73.6683
                  60                 870                   0             73.6683             1.13636             74.8047
                  60                 880                   0             73.8281             1.13636             74.9645
                  60                 890                   0             75.7812             1.13636             76.9176
                  60                 900                   0             75.9411             1.13636             77.0774
                  60                 910                   0              76.456             1.13636             77.5923
                  60                 920                   0             76.4737             1.13636             77.6101
                  60                 930                   0             77.6278             1.13636             78.7642
                  60                 940                   0             77.6456             1.13636              78.782
                  60                 950                   0             77.7521             1.13636             78.8885
                  60                 960                   0             78.2848             1.13636             79.4212
                  60                 970                   0             78.2848             1.13636             79.4212
                  60                 980                   0             78.5334             1.13636             79.6697
                  60                 990                   0             78.6222             1.13636             79.7585
                  60                1000                   0             79.0483             1.13636             80.1847
