                  20                   0                   0           0.0355114             82.9545             82.9901
                  20                  10                   0           0.0355114               81.25             81.2855
                  20                  20                   0           0.0355114             75.5682             75.6037
                  20                  30                   0            0.053267             72.7273             72.7805
                  20                  40                   0            0.053267             72.7273             72.7805
                  20                  50                   0           0.0887784             70.4545             70.5433
                  20                  60                   0            0.106534             68.1818             68.2884
                  20                  70                   0            0.106534             65.3409             65.4474
                  20                  80                   0            0.106534             63.6364             63.7429
                  20                  90                   0            0.159801             56.8182              56.978
                  20                 100                   0            0.177557             54.5455              54.723
                  20                 110                   0            0.159801             47.1591             47.3189
                  20                 120                   0            0.284091             45.4545             45.7386
                  20                 130                   0            0.337358             42.0455             42.3828
                  20                 140                   0            0.603693             44.3182             44.9219
                  20                 150                   0             0.90554               31.25             32.1555
                  20                 160                   0             1.22514             29.5455             30.7706
                  20                 170                   0             1.65128             26.7045             28.3558
                  20                 180                   0             1.79332             25.5682             27.3615
                  20                 190                   0             2.09517             20.4545             22.5497
                  20                 200                   0             2.27273               18.75             21.0227
                  20                 210                   0             3.33807             19.3182             22.6562
                  20                 220                   0             3.79972             15.9091             19.7088
                  20                 230                   0             3.85298             17.6136             21.4666
                  20                 240                   0             4.79403             10.7955             15.5895
                  20                 250                   0             5.41548             17.6136             23.0291
                  20                 260                   0             5.41548               18.75             24.1655
                  20                 270                   0             6.01918               18.75             24.7692
                  20                 280                   0             6.85369             19.8864             26.7401
                  20                 290                   0             8.07884             19.3182              27.397
                  20                 300                   0             8.59375               18.75             27.3438
                  20                 310                   0             8.43395             14.2045             22.6385
                  20                 320                   0             8.82457             14.2045             23.0291
                  20                 330                   0             9.41051             13.6364             23.0469
                  20                 340                   0             9.62358             11.9318             21.5554
                  20                 350                   0             10.3161             11.3636             21.6797
                  20                 360                   0             10.0675             11.3636             21.4311
                  20                 370                   0             11.3104             13.6364             24.9467
                  20                 380                   0             10.7067             10.7955             21.5021
                  20                 390                   0             11.0263             9.09091             20.1172
                  20                 400                   0             12.5178             10.7955             23.3132
                  20                 410                   0             13.0327             10.7955             23.8281
                  20                 420                   0             13.6719             10.2273             23.8991
                  20                 430                   0             15.6605             10.7955              26.456
                  20                 440                   0             16.0511             9.65909             25.7102
                  20                 450                   0             16.6016             9.65909             26.2607
                  20                 460                   0             16.6193             6.81818             23.4375
                  20                 470                   0              18.093             6.81818             24.9112
                  20                 480                   0             19.3359             6.81818             26.1541
                  20                 490                   0             19.7443             6.81818             26.5625
                  20                 500                   0             17.6136             11.9318             29.5455
                  20                 510                   0             17.9155             11.9318             29.8473
                  20                 520                   0              18.679             11.9318             30.6108
                  20                 530                   0             18.0043             15.3409             33.3452
                  20                 540                   0             18.5902             14.7727             33.3629
                  20                 550                   0             21.0405                6.25             27.2905
                  20                 560                   0             22.3366                6.25             28.5866
                  20                 570                   0             23.3665                6.25             29.6165
                  20                 580                   0             23.4197             5.68182             29.1016
                  20                 590                   0             25.6214             3.40909             29.0305
                  20                 600                   0             26.0653             4.54545             30.6108
                  20                 610                   0             26.7756             7.38636             34.1619
                  20                 620                   0             30.4155             3.40909             33.8246
                  20                 630                   0             34.9609             3.40909               38.37
                  20                 640                   0             35.9197             3.40909             39.3288
                  20                 650                   0             34.8722             3.40909             38.2812
                  20                 660                   0              35.902             2.84091             38.7429
                  20                 670                   0             37.9439             1.70455             39.6484
                  20                 680                   0             38.9382             1.70455             40.6428
                  20                 690                   0              42.223             2.27273             44.4957
                  20                 700                   0             42.0455             1.70455               43.75
                  20                 710                   0              42.223             1.70455             43.9276
                  20                 720                   0             41.7081             1.70455             43.4126
                  20                 730                   0             43.4837             2.27273             45.7564
                  20                 740                   0             46.0582             2.84091             48.8991
                  20                 750                   0             44.8509             7.38636             52.2372
                  20                 760                   0             45.7564             7.38636             53.1428
                  20                 770                   0             45.4013             6.81818             52.2195
                  20                 780                   0             45.8452             6.81818             52.6634
                  20                 790                   0             47.2301             6.81818             54.0483
                  20                 800                   0             47.8516                6.25             54.1016
                  20                 810                   0             48.4908                6.25             54.7408
                  20                 820                   0             49.7692                6.25             56.0192
                  20                 830                   0             50.2486                6.25             56.4986
                  20                 840                   0             54.0661             6.81818             60.8842
                  20                 850                   0             51.7223                6.25             57.9723
                  20                 860                   0             51.7578                6.25             58.0078
                  20                 870                   0             55.0249             1.70455             56.7294
                  20                 880                   0             55.2202             1.70455             56.9247
                  20                 890                   0             57.3153             1.70455             59.0199
                  20                 900                   0             58.7003             1.70455             60.4048
                  20                 910                   0             58.8601             1.70455             60.5646
                  20                 920                   0             60.8665             1.70455              62.571
                  20                 930                   0              60.973             1.70455             62.6776
                  20                 940                   0             60.7244             1.70455              62.429
                  20                 950                   0             61.7365             1.13636             62.8729
                  20                 960                   0                62.5             1.13636             63.6364
                  20                 970                   0              62.571             1.13636             63.7074
                  20                 980                   0             62.6598             1.13636             63.7962
                  20                 990                   0             60.2983             1.13636             61.4347
                  20                1000                   0             60.6001             1.13636             61.7365
