                  55                   0                   0             2.39702             40.9091             43.3061
                  55                  10                   0             3.33807             44.3182             47.6562
                  55                  20                   0             3.92401                37.5              41.424
                  55                  30                   0             4.06605                37.5             41.5661
                  55                  40                   0             4.43892             41.4773             45.9162
                  55                  50                   0             5.18466             31.8182             37.0028
                  55                  60                   0              5.7706             29.5455             35.3161
                  55                  70                   0             6.03693             29.5455             35.5824
                  55                  80                   0             6.71165             29.5455             36.2571
                  55                  90                   0             7.19105             28.4091             35.6001
                  55                 100                   0             7.42188             27.2727             34.6946
                  55                 110                   0             7.88352             26.7045             34.5881
                  55                 120                   0             9.00213             25.5682             34.5703
                  55                 130                   0             10.4403                  25             35.4403
                  55                 140                   0             11.0795                  25             36.0795
                  55                 150                   0             11.0973             20.4545             31.5518
                  55                 160                   0             11.6655             18.1818             29.8473
                  55                 170                   0             12.3402             14.2045             26.5447
                  55                 180                   0             12.6598             14.2045             26.8643
                  55                 190                   0             13.0859             13.0682             26.1541
                  55                 200                   0              14.169                12.5              26.669
                  55                 210                   0             14.9503                12.5             27.4503
                  55                 220                   0             15.4119             11.9318             27.3438
                  55                 230                   0             16.1222             11.9318              28.054
                  55                 240                   0             17.3473             11.3636             28.7109
                  55                 250                   0             17.8089             11.3636             29.1726
                  55                 260                   0             18.4837             10.7955             29.2791
                  55                 270                   0             19.6911             10.7955             30.4865
                  55                 280                   0             20.1172             10.7955             30.9126
                  55                 290                   0             20.5788             10.7955             31.3743
                  55                 300                   0             20.9339             10.7955             31.7294
                  55                 310                   0             21.3601             10.7955             32.1555
                  55                 320                   0             22.3722             10.7955             33.1676
                  55                 330                   0             23.1534             13.0682             36.2216
                  55                 340                   0             23.7926             13.0682             36.8608
                  55                 350                   0              25.071             11.9318             37.0028
                  55                 360                   0             25.6925             10.7955             36.4879
                  55                 370                   0             26.2607             11.3636             37.6243
                  55                 380                   0             26.9176             11.3636             38.2812
                  55                 390                   0             27.5213             11.3636             38.8849
                  55                 400                   0             29.0661             11.3636             40.4297
                  55                 410                   0             30.1314             11.3636              41.495
                  55                 420                   0             31.2322             11.3636             42.5959
                  55                 430                   0              31.907             10.7955             42.7024
                  55                 440                   0             32.4219             10.7955             43.2173
                  55                 450                   0             32.9368             10.7955             43.7322
                  55                 460                   0             34.3217             10.7955             45.1172
                  55                 470                   0             36.7365             10.7955              47.532
                  55                 480                   0             38.0859             10.7955             48.8814
                  55                 490                   0             39.1335             10.2273             49.3608
                  55                 500                   0             39.5597             10.2273             49.7869
                  55                 510                   0             41.6371             9.09091              50.728
                  55                 520                   0              42.223             9.09091             51.3139
                  55                 530                   0             42.9688             7.95455             50.9233
                  55                 540                   0             45.7564             8.52273             54.2791
                  55                 550                   0             47.8516             8.52273             56.3743
                  55                 560                   0             49.5561             8.52273             58.0788
                  55                 570                   0             50.4439             8.52273             58.9666
                  55                 580                   0             51.5447             8.52273             60.0675
                  55                 590                   0             52.9297             7.95455             60.8842
                  55                 600                   0             54.8118             7.38636             62.1982
                  55                 610                   0             56.9957             2.84091             59.8366
                  55                 620                   0             58.0078             2.84091             60.8487
                  55                 630                   0             58.1676             2.27273             60.4403
                  55                 640                   0             58.6825             2.27273             60.9553
                  55                 650                   0             62.4467             2.27273             64.7195
                  55                 660                   0             63.1214             1.70455              64.826
                  55                 670                   0              64.098             1.70455             65.8026
                  55                 680                   0             64.5952             1.70455             66.2997
                  55                 690                   0             64.7727             1.13636             65.9091
                  55                 700                   0             65.0923             1.13636             66.2287
                  55                 710                   0             65.0746             1.13636             66.2109
                  55                 720                   0             65.5007             1.13636             66.6371
                  55                 730                   0             65.9801             1.13636             67.1165
                  55                 740                   0             66.4418             1.13636             67.5781
                  55                 750                   0             66.5128             1.13636             67.6491
                  55                 760                   0             66.9922             1.13636             68.1286
                  55                 770                   0             67.1165             1.13636             68.2528
                  55                 780                   0             66.7614             1.13636             67.8977
                  55                 790                   0             66.8146             1.13636              67.951
                  55                 800                   0             66.9389             1.13636             68.0753
                  55                 810                   0             67.2763             1.13636             68.4126
                  55                 820                   0             67.3828             1.13636             68.5192
                  55                 830                   0             67.5959             1.13636             68.7322
                  55                 840                   0             67.8089             1.13636             68.9453
                  55                 850                   0             67.8622             1.13636             68.9986
                  55                 860                   0             68.9453             1.13636             70.0817
                  55                 870                   0             69.0518             1.13636             70.1882
                  55                 880                   0             69.1229             1.13636             70.2592
                  55                 890                   0             69.1584             1.13636             70.2947
                  55                 900                   0             69.3004             1.13636             70.4368
                  55                 910                   0             70.3303             1.13636             71.4666
                  55                 920                   0              70.348             1.13636             71.4844
                  55                 930                   0             71.9105             1.13636             73.0469
                  55                 940                   0             71.9815             1.13636             73.1179
                  55                 950                   0             72.0703             1.13636             73.2067
                  55                 960                   0             72.0703             1.13636             73.2067
                  55                 970                   0             72.0703             1.13636             73.2067
                  55                 980                   0              73.402             1.13636             74.5384
                  55                 990                   0             74.7159             1.13636             75.8523
                  55                1000                   0             74.8047             1.13636             75.9411
