                  75                   0                   0             7.47514             34.0909             41.5661
                  75                  10                   0             8.30966             29.5455             37.8551
                  75                  20                   0              8.7358             29.5455             38.2812
                  75                  30                   0             9.46378             31.8182              41.282
                  75                  40                   0              9.5348             27.8409             37.3757
                  75                  50                   0              10.103             27.8409             37.9439
                  75                  60                   0             10.5291             28.9773             39.5064
                  75                  70                   0             11.1506             30.1136             41.2642
                  75                  80                   0             11.9673             27.2727             39.2401
                  75                  90                   0             11.9318             30.1136             42.0455
                  75                 100                   0             12.6953                  25             37.6953
                  75                 110                   0             13.3168             22.1591             35.4759
                  75                 120                   0             14.5064                  25             39.5064
                  75                 130                   0             15.3587             21.0227             36.3814
                  75                 140                   0             16.0334             18.1818             34.2152
                  75                 150                   0             16.7791             16.4773             33.2564
                  75                 160                   0             17.0632             15.3409             32.4041
                  75                 170                   0             17.5426             14.7727             32.3153
                  75                 180                   0             18.7322             14.2045             32.9368
                  75                 190                   0             19.1406             14.2045             33.3452
                  75                 200                   0             19.7266             14.7727             34.4993
                  75                 210                   0             20.9339             13.6364             34.5703
                  75                 220                   0             21.6264             13.6364             35.2628
                  75                 230                   0             21.5732             14.2045             35.7777
                  75                 240                   0             22.0348             14.2045             36.2393
                  75                 250                   0             22.9048             14.2045             37.1094
                  75                 260                   0             23.8104             13.6364             37.4467
                  75                 270                   0             24.1655             13.0682             37.2337
                  75                 280                   0             24.7869             13.0682             37.8551
                  75                 290                   0             25.6214             11.9318             37.5533
                  75                 300                   0             27.6101             11.9318             39.5419
                  75                 310                   0             27.7166             11.9318             39.6484
                  75                 320                   0             29.0128             11.9318             40.9446
                  75                 330                   0             30.2557                12.5             42.7557
                  75                 340                   0             32.3864                12.5             44.8864
                  75                 350                   0             33.7536                12.5             46.2536
                  75                 360                   0             34.4283                12.5             46.9283
                  75                 370                   0             36.2926                12.5             48.7926
                  75                 380                   0             40.7493             7.38636             48.1357
                  75                 390                   0             42.6491             7.38636             50.0355
                  75                 400                   0             44.0874             7.38636             51.4737
                  75                 410                   0             45.8274             7.38636             53.2138
                  75                 420                   0             47.4609             6.81818             54.2791
                  75                 430                   0             48.3132             6.81818             55.1314
                  75                 440                   0             49.0057             6.81818             55.8239
                  75                 450                   0             50.4261             5.68182              56.108
                  75                 460                   0             51.5447             5.68182             57.2266
                  75                 470                   0              53.267             5.68182             58.9489
                  75                 480                   0             53.3381             5.11364             58.4517
                  75                 490                   0             54.7763             5.11364             59.8899
                  75                 500                   0             55.5753             3.97727             59.5526
                  75                 510                   0             55.9304             3.97727             59.9077
                  75                 520                   0             57.4574             3.97727             61.4347
                  75                 530                   0             58.0966             3.97727             62.0739
                  75                 540                   0             58.8423             2.84091             61.6832
                  75                 550                   0             60.5114             2.84091             63.3523
                  75                 560                   0             62.6776             2.27273             64.9503
                  75                 570                   0             63.8139             2.27273             66.0866
                  75                 580                   0             67.5071             2.27273             69.7798
                  75                 590                   0             67.9155             2.27273             70.1882
                  75                 600                   0             69.5135             1.70455              71.218
                  75                 610                   0             70.6499             1.70455             72.3544
                  75                 620                   0             71.0582             1.70455             72.7628
                  75                 630                   0             71.3956             1.70455             73.1001
                  75                 640                   0              72.532             1.70455             74.2365
                  75                 650                   0             72.8338             1.70455             74.5384
                  75                 660                   0             74.0234             1.70455              75.728
                  75                 670                   0             74.4673             1.13636             75.6037
                  75                 680                   0             74.9822             1.13636             76.1186
                  75                 690                   0              74.272             1.13636             75.4084
                  75                 700                   0             74.6449             1.13636             75.7812
                  75                 710                   0              74.929             1.13636             76.0653
                  75                 720                   0             75.0888             1.13636             76.2251
                  75                 730                   0             76.0121             1.13636             77.1484
                  75                 740                   0             76.3494             1.13636             77.4858
                  75                 750                   0             76.4382             1.13636             77.5746
                  75                 760                   0             76.4027             1.13636             77.5391
                  75                 770                   0             76.6513             1.13636             77.7876
                  75                 780                   0             76.7756             1.13636             77.9119
                  75                 790                   0             77.9474             1.13636             79.0838
                  75                 800                   0             78.3913             1.13636             79.5277
                  75                 810                   0             79.2436             1.13636               80.38
                  75                 820                   0             79.2791             1.13636             80.4155
                  75                 830                   0             79.3146             1.13636              80.451
                  75                 840                   0             80.3089             1.13636             81.4453
                  75                 850                   0             80.5398             1.13636             81.6761
                  75                 860                   0             80.6996             1.13636             81.8359
                  75                 870                   0             80.8239             1.13636             81.9602
                  75                 880                   0             80.8771             1.13636             82.0135
                  75                 890                   0             80.8771             1.13636             82.0135
                  75                 900                   0             80.8771             1.13636             82.0135
                  75                 910                   0             81.0724             1.13636             82.2088
                  75                 920                   0              81.321             1.13636             82.4574
                  75                 930                   0             81.3565             1.13636             82.4929
                  75                 940                   0             81.8004             1.13636             82.9368
                  75                 950                   0             82.5994             1.13636             83.7358
                  75                 960                   0             82.6349             1.13636             83.7713
                  75                 970                   0             82.7237             1.13636             83.8601
                  75                 980                   0             83.4872             1.13636             84.6236
                  75                 990                   0             83.4872             1.13636             84.6236
                  75                1000                   0             83.4872             1.13636             84.6236
