                  95                   0                   0             44.4247             2.84091             47.2656
                  95                  10                   0             44.8686             2.84091             47.7095
                  95                  20                   0             46.2536             2.84091             49.0945
                  95                  30                   0             47.5852             2.84091             50.4261
                  95                  40                   0             48.2777             2.27273             50.5504
                  95                  50                   0             48.5795             2.27273             50.8523
                  95                  60                   0             49.2543             2.27273              51.527
                  95                  70                   0             49.5916             2.27273             51.8643
                  95                  80                   0             50.0178             1.70455             51.7223
                  95                  90                   0             50.3196             1.70455             52.0241
                  95                 100                   0             50.6925             1.70455              52.397
                  95                 110                   0             50.7635             1.70455              52.468
                  95                 120                   0             50.9766             1.70455             52.6811
                  95                 130                   0             51.2607             1.70455             52.9652
                  95                 140                   0             51.7756             1.70455             53.4801
                  95                 150                   0             51.9709             1.70455             53.6754
                  95                 160                   0             52.5036             1.70455             54.2081
                  95                 170                   0             53.2138             1.70455             54.9183
                  95                 180                   0             54.2614             1.13636             55.3977
                  95                 190                   0             55.2379             1.13636             56.3743
                  95                 200                   0             55.8239             1.13636             56.9602
                  95                 210                   0               56.25            0.568182             56.8182
                  95                 220                   0             57.1378            0.568182              57.706
                  95                 230                   0             57.7237            0.568182             58.2919
                  95                 240                   0             59.3928            0.568182             59.9609
                  95                 250                   0             61.9673            0.568182             62.5355
                  95                 260                   0             63.8139            0.568182             64.3821
                  95                 270                   0             67.7557            0.568182             68.3239
                  95                 280                   0             69.3359            0.568182             69.9041
                  95                 290                   0             69.8509            0.568182              70.419
                  95                 300                   0             70.2415            0.568182             70.8097
                  95                 310                   0             70.8629                   0             70.8629
                  95                 320                   0             71.9283                   0             71.9283
                  95                 330                   0             72.7095                   0             72.7095
                  95                 340                   0             73.3665                   0             73.3665
                  95                 350                   0             74.0234                   0             74.0234
                  95                 360                   0             74.7869                   0             74.7869
                  95                 370                   0             76.6868                   0             76.6868
                  95                 380                   0             76.9886                   0             76.9886
                  95                 390                   0             78.6399                   0             78.6399
                  95                 400                   0             79.2614                   0             79.2614
                  95                 410                   0             79.3501                   0             79.3501
                  95                 420                   0              80.451                   0              80.451
                  95                 430                   0             81.2145                   0             81.2145
                  95                 440                   0             81.8182                   0             81.8182
                  95                 450                   0             83.1321                   0             83.1321
                  95                 460                   0             84.8189                   0             84.8189
                  95                 470                   0             86.0263                   0             86.0263
                  95                 480                   0             86.6122                   0             86.6122
                  95                 490                   0             87.2692                   0             87.2692
                  95                 500                   0             87.7486                   0             87.7486
                  95                 510                   0             87.8729                   0             87.8729
                  95                 520                   0               88.37                   0               88.37
                  95                 530                   0             88.5121                   0             88.5121
                  95                 540                   0             88.6896                   0             88.6896
                  95                 550                   0             88.9205                   0             88.9205
                  95                 560                   0             89.1335                   0             89.1335
                  95                 570                   0             89.4354                   0             89.4354
                  95                 580                   0             89.4886                   0             89.4886
                  95                 590                   0              89.755                   0              89.755
                  95                 600                   0             89.9325                   0             89.9325
                  95                 610                   0             90.3232                   0             90.3232
                  95                 620                   0              90.483                   0              90.483
                  95                 630                   0             91.0156                   0             91.0156
                  95                 640                   0             91.1399                   0             91.1399
                  95                 650                   0             91.1577                   0             91.1577
                  95                 660                   0             91.2464                   0             91.2464
                  95                 670                   0             91.3885                   0             91.3885
                  95                 680                   0              91.495                   0              91.495
                  95                 690                   0              91.495                   0              91.495
                  95                 700                   0             91.5305                   0             91.5305
                  95                 710                   0             91.9567                   0             91.9567
                  95                 720                   0             92.1165                   0             92.1165
                  95                 730                   0             92.1342                   0             92.1342
                  95                 740                   0             92.1697                   0             92.1697
                  95                 750                   0             92.2053                   0             92.2053
                  95                 760                   0              92.294                   0              92.294
                  95                 770                   0             92.3828                   0             92.3828
                  95                 780                   0             93.0575                   0             93.0575
                  95                 790                   0             93.0753                   0             93.0753
                  95                 800                   0             94.6733                   0             94.6733
                  95                 810                   0             94.7621                   0             94.7621
                  95                 820                   0             94.8331                   0             94.8331
                  95                 830                   0             95.6499                   0             95.6499
                  95                 840                   0             95.6499                   0             95.6499
                  95                 850                   0             95.7919                   0             95.7919
                  95                 860                   0             95.8807                   0             95.8807
                  95                 870                   0             95.8984                   0             95.8984
                  95                 880                   0             95.9872                   0             95.9872
                  95                 890                   0             95.9872                   0             95.9872
                  95                 900                   0             96.0227                   0             96.0227
                  95                 910                   0             96.0227                   0             96.0227
                  95                 920                   0             96.0405                   0             96.0405
                  95                 930                   0             96.0582                   0             96.0582
                  95                 940                   0              96.076                   0              96.076
                  95                 950                   0             96.1293                   0             96.1293
                  95                 960                   0             96.3068                   0             96.3068
                  95                 970                   0             96.3956                   0             96.3956
                  95                 980                   0             96.3956                   0             96.3956
                  95                 990                   0             96.4666                   0             96.4666
                  95                1000                   0             96.4666                   0             96.4666
