                  60                   0                   0             34.1442             8.52273             42.6669
                  60                  10                   0             35.5291             6.81818             42.3473
                  60                  20                   0             36.5057             5.68182             42.1875
                  60                  30                   0             37.0916             3.40909             40.5007
                  60                  40                   0             37.8196             3.40909             41.2287
                  60                  50                   0             38.5831             2.84091              41.424
                  60                  60                   0             39.5241             2.84091             42.3651
                  60                  70                   0             40.2699             2.84091             43.1108
                  60                  80                   0             40.5895             2.84091             43.4304
                  60                  90                   0             39.6484                6.25             45.8984
                  60                 100                   0             39.8615                6.25             46.1115
                  60                 110                   0             40.2699                6.25             46.5199
                  60                 120                   0             40.8381             5.68182             46.5199
                  60                 130                   0             41.0689             5.68182             46.7507
                  60                 140                   0             41.3885             5.68182             47.0703
                  60                 150                   0             41.8324             5.68182             47.5142
                  60                 160                   0             42.3651             5.68182             48.0469
                  60                 170                   0             43.1818             5.68182             48.8636
                  60                 180                   0             43.9276             5.68182             49.6094
                  60                 190                   0             44.3892             5.68182              50.071
                  60                 200                   0             44.9041             5.68182             50.5859
                  60                 210                   0             45.1349             5.68182             50.8168
                  60                 220                   0             47.1591            0.568182             47.7273
                  60                 230                   0             47.4609            0.568182             48.0291
                  60                 240                   0             47.6385            0.568182             48.2067
                  60                 250                   0             47.8516            0.568182             48.4197
                  60                 260                   0             48.2067            0.568182             48.7749
                  60                 270                   0              48.473            0.568182             49.0412
                  60                 280                   0             48.7216            0.568182             49.2898
                  60                 290                   0             49.3253            0.568182             49.8935
                  60                 300                   0             49.5384            0.568182             50.1065
                  60                 310                   0             49.6271            0.568182             50.1953
                  60                 320                   0             51.2074                   0             51.2074
                  60                 330                   0             51.5625                   0             51.5625
                  60                 340                   0             51.9354                   0             51.9354
                  60                 350                   0             52.1307                   0             52.1307
                  60                 360                   0             52.2727                   0             52.2727
                  60                 370                   0             52.5923                   0             52.5923
                  60                 380                   0             53.1783                   0             53.1783
                  60                 390                   0             53.5511                   0             53.5511
                  60                 400                   0             55.2024                   0             55.2024
                  60                 410                   0             55.6818                   0             55.6818
                  60                 420                   0             56.5341                   0             56.5341
                  60                 430                   0             58.3097                   0             58.3097
                  60                 440                   0             60.3338                   0             60.3338
                  60                 450                   0             60.8487                   0             60.8487
                  60                 460                   0             63.0149                   0             63.0149
                  60                 470                   0             64.6839                   0             64.6839
                  60                 480                   0             64.9858                   0             64.9858
                  60                 490                   0             65.5185                   0             65.5185
                  60                 500                   0             67.3295                   0             67.3295
                  60                 510                   0             67.6491                   0             67.6491
                  60                 520                   0             68.5547                   0             68.5547
                  60                 530                   0             70.9695                   0             70.9695
                  60                 540                   0             73.0291                   0             73.0291
                  60                 550                   0             74.2365                   0             74.2365
                  60                 560                   0             75.6214                   0             75.6214
                  60                 570                   0             76.5092                   0             76.5092
                  60                 580                   0             77.6811                   0             77.6811
                  60                 590                   0             77.8942                   0             77.8942
                  60                 600                   0             78.5511                   0             78.5511
                  60                 610                   0             80.4155                   0             80.4155
                  60                 620                   0             81.5341                   0             81.5341
                  60                 630                   0             82.0135                   0             82.0135
                  60                 640                   0             82.5817                   0             82.5817
                  60                 650                   0             83.4162                   0             83.4162
                  60                 660                   0             84.0199                   0             84.0199
                  60                 670                   0             85.5646                   0             85.5646
                  60                 680                   0             85.7244                   0             85.7244
                  60                 690                   0             86.3991                   0             86.3991
                  60                 700                   0             87.0916                   0             87.0916
                  60                 710                   0             87.1449                   0             87.1449
                  60                 720                   0             87.3402                   0             87.3402
                  60                 730                   0             87.5533                   0             87.5533
                  60                 740                   0             87.8729                   0             87.8729
                  60                 750                   0             88.0859                   0             88.0859
                  60                 760                   0              88.299                   0              88.299
                  60                 770                   0             88.4766                   0             88.4766
                  60                 780                   0             88.5298                   0             88.5298
                  60                 790                   0             89.2756                   0             89.2756
                  60                 800                   0             89.3466                   0             89.3466
                  60                 810                   0             90.9268                   0             90.9268
                  60                 820                   0             91.1932                   0             91.1932
                  60                 830                   0             91.2642                   0             91.2642
                  60                 840                   0              91.353                   0              91.353
                  60                 850                   0             91.4595                   0             91.4595
                  60                 860                   0             91.4773                   0             91.4773
                  60                 870                   0              91.495                   0              91.495
                  60                 880                   0             91.6193                   0             91.6193
                  60                 890                   0             91.9034                   0             91.9034
                  60                 900                   0             92.1342                   0             92.1342
                  60                 910                   0             92.1697                   0             92.1697
                  60                 920                   0              92.223                   0              92.223
                  60                 930                   0             92.4893                   0             92.4893
                  60                 940                   0             93.2706                   0             93.2706
                  60                 950                   0             93.3239                   0             93.3239
                  60                 960                   0             93.4126                   0             93.4126
                  60                 970                   0             93.4837                   0             93.4837
                  60                 980                   0             93.5902                   0             93.5902
                  60                 990                   0             93.9808                   0             93.9808
                  60                1000                   0             94.1229                   0             94.1229
