                  65                   0                   0             36.4347             5.11364             41.5483
                  65                  10                   0             37.5533             2.84091             40.3942
                  65                  20                   0             38.2457             2.84091             41.0866
                  65                  30                   0             39.1335             2.84091             41.9744
                  65                  40                   0             39.8615             2.84091             42.7024
                  65                  50                   0             40.3764             2.84091             43.2173
                  65                  60                   0             40.6783             2.84091             43.5192
                  65                  70                   0             41.0511             2.84091              43.892
                  65                  80                   0             40.0746             6.81818             46.8928
                  65                  90                   0             40.5362                6.25             46.7862
                  65                 100                   0             40.9446                6.25             47.1946
                  65                 110                   0             41.3352             5.68182              47.017
                  65                 120                   0             41.6193             5.68182             47.3011
                  65                 130                   0             42.1697             5.68182             47.8516
                  65                 140                   0             42.6136             5.68182             48.2955
                  65                 150                   0             43.3416             5.68182             49.0234
                  65                 160                   0             44.2649             5.68182             49.9467
                  65                 170                   0             44.8864             5.68182             50.5682
                  65                 180                   0              45.206             5.68182             50.8878
                  65                 190                   0              45.348             5.68182             51.0298
                  65                 200                   0             45.7741             5.68182              51.456
                  65                 210                   0             45.8984             5.68182             51.5803
                  65                 220                   0             48.0469            0.568182             48.6151
                  65                 230                   0             48.2422            0.568182             48.8104
                  65                 240                   0             48.6683            0.568182             49.2365
                  65                 250                   0             48.8991            0.568182             49.4673
                  65                 260                   0              49.343            0.568182             49.9112
                  65                 270                   0             49.4141            0.568182             49.9822
                  65                 280                   0             49.6094            0.568182             50.1776
                  65                 290                   0             50.1953            0.568182             50.7635
                  65                 300                   0             51.5625            0.568182             52.1307
                  65                 310                   0             51.6158            0.568182             52.1839
                  65                 320                   0             52.1484                   0             52.1484
                  65                 330                   0             52.6101                   0             52.6101
                  65                 340                   0             52.9652                   0             52.9652
                  65                 350                   0             53.3203                   0             53.3203
                  65                 360                   0             54.3146                   0             54.3146
                  65                 370                   0             55.9304                   0             55.9304
                  65                 380                   0             56.8714                   0             56.8714
                  65                 390                   0             57.7237                   0             57.7237
                  65                 400                   0             59.0732                   0             59.0732
                  65                 410                   0             61.3281                   0             61.3281
                  65                 420                   0              62.358                   0              62.358
                  65                 430                   0             63.4766                   0             63.4766
                  65                 440                   0             65.2876                   0             65.2876
                  65                 450                   0             66.2997                   0             66.2997
                  65                 460                   0             67.6847                   0             67.6847
                  65                 470                   0             67.9155                   0             67.9155
                  65                 480                   0             69.3182                   0             69.3182
                  65                 490                   0             70.2592                   0             70.2592
                  65                 500                   0             72.1768                   0             72.1768
                  65                 510                   0             73.8459                   0             73.8459
                  65                 520                   0             74.7337                   0             74.7337
                  65                 530                   0             76.0831                   0             76.0831
                  65                 540                   0             77.5213                   0             77.5213
                  65                 550                   0             79.5455                   0             79.5455
                  65                 560                   0             81.0014                   0             81.0014
                  65                 570                   0             81.9247                   0             81.9247
                  65                 580                   0             82.4219                   0             82.4219
                  65                 590                   0             83.3097                   0             83.3097
                  65                 600                   0             84.1974                   0             84.1974
                  65                 610                   0             84.8011                   0             84.8011
                  65                 620                   0             85.0852                   0             85.0852
                  65                 630                   0             85.5824                   0             85.5824
                  65                 640                   0             86.0795                   0             86.0795
                  65                 650                   0             86.8075                   0             86.8075
                  65                 660                   0             87.0739                   0             87.0739
                  65                 670                   0             87.4112                   0             87.4112
                  65                 680                   0             87.4467                   0             87.4467
                  65                 690                   0             87.9439                   0             87.9439
                  65                 700                   0             88.0859                   0             88.0859
                  65                 710                   0              88.299                   0              88.299
                  65                 720                   0             88.4233                   0             88.4233
                  65                 730                   0             88.6009                   0             88.6009
                  65                 740                   0             88.7607                   0             88.7607
                  65                 750                   0             88.8672                   0             88.8672
                  65                 760                   0              88.956                   0              88.956
                  65                 770                   0              89.027                   0              89.027
                  65                 780                   0             89.1158                   0             89.1158
                  65                 790                   0             89.7372                   0             89.7372
                  65                 800                   0             89.8615                   0             89.8615
                  65                 810                   0             91.8146                   0             91.8146
                  65                 820                   0             91.8146                   0             91.8146
                  65                 830                   0             91.9744                   0             91.9744
                  65                 840                   0             92.0632                   0             92.0632
                  65                 850                   0             92.3118                   0             92.3118
                  65                 860                   0             92.4006                   0             92.4006
                  65                 870                   0             92.5426                   0             92.5426
                  65                 880                   0             92.7024                   0             92.7024
                  65                 890                   0             92.7202                   0             92.7202
                  65                 900                   0             92.7734                   0             92.7734
                  65                 910                   0             93.0575                   0             93.0575
                  65                 920                   0             93.2351                   0             93.2351
                  65                 930                   0             94.0696                   0             94.0696
                  65                 940                   0             94.2649                   0             94.2649
                  65                 950                   0             94.3004                   0             94.3004
                  65                 960                   0             94.3714                   0             94.3714
                  65                 970                   0             94.4957                   0             94.4957
                  65                 980                   0             94.5668                   0             94.5668
                  65                 990                   0             94.8331                   0             94.8331
                  65                1000                   0             95.0994                   0             95.0994
