                  45                   0                   0             28.1428             11.3636             39.5064
                  45                  10                   0             29.3146             10.7955             40.1101
                  45                  20                   0             29.9006             9.65909             39.5597
                  45                  30                   0             30.4155             9.65909             40.0746
                  45                  40                   0             30.6996             9.65909             40.3587
                  45                  50                   0              31.108             8.52273             39.6307
                  45                  60                   0             31.7294             8.52273             40.2521
                  45                  70                   0             32.3864             7.95455             40.3409
                  45                  80                   0             33.2209             7.38636             40.6072
                  45                  90                   0             33.8068             6.81818              40.625
                  45                 100                   0             34.1264             3.97727             38.1037
                  45                 110                   0             34.5348             3.97727             38.5121
                  45                 120                   0             33.9311             7.38636             41.3175
                  45                 130                   0             34.5703             7.38636             41.9567
                  45                 140                   0             35.3871             7.38636             42.7734
                  45                 150                   0             36.6122                6.25             42.8622
                  45                 160                   0             37.4112                6.25             43.6612
                  45                 170                   0              38.299                6.25              44.549
                  45                 180                   0             38.8317                6.25             45.0817
                  45                 190                   0             39.0803                6.25             45.3303
                  45                 200                   0             39.5064                6.25             45.7564
                  45                 210                   0             40.0568                6.25             46.3068
                  45                 220                   0             41.6903             1.13636             42.8267
                  45                 230                   0             42.4538            0.568182              43.022
                  45                 240                   0              43.093            0.568182             43.6612
                  45                 250                   0             44.2116            0.568182             44.7798
                  45                 260                   0             44.7266            0.568182             45.2947
                  45                 270                   0             45.3658            0.568182             45.9339
                  45                 280                   0             45.6676            0.568182             46.2358
                  45                 290                   0             46.0227            0.568182             46.5909
                  45                 300                   0             46.2891            0.568182             46.8572
                  45                 310                   0             46.5732            0.568182             47.1413
                  45                 320                   0             46.9993                   0             46.9993
                  45                 330                   0             47.2656                   0             47.2656
                  45                 340                   0             47.5497                   0             47.5497
                  45                 350                   0             47.7273                   0             47.7273
                  45                 360                   0             47.8693                   0             47.8693
                  45                 370                   0             47.9581                   0             47.9581
                  45                 380                   0             48.7749                   0             48.7749
                  45                 390                   0             49.8935                   0             49.8935
                  45                 400                   0             50.2131                   0             50.2131
                  45                 410                   0             50.6392                   0             50.6392
                  45                 420                   0             51.1541                   0             51.1541
                  45                 430                   0             51.3139                   0             51.3139
                  45                 440                   0             51.8111                   0             51.8111
                  45                 450                   0              52.468                   0              52.468
                  45                 460                   0             53.1072                   0             53.1072
                  45                 470                   0             53.4446                   0             53.4446
                  45                 480                   0             54.1726                   0             54.1726
                  45                 490                   0             54.9183                   0             54.9183
                  45                 500                   0             55.0959                   0             55.0959
                  45                 510                   0             55.3445                   0             55.3445
                  45                 520                   0             55.7884                   0             55.7884
                  45                 530                   0             55.8061                   0             55.8061
                  45                 540                   0              56.321                   0              56.321
                  45                 550                   0             56.7649                   0             56.7649
                  45                 560                   0             57.9901                   0             57.9901
                  45                 570                   0             59.4815                   0             59.4815
                  45                 580                   0             62.1094                   0             62.1094
                  45                 590                   0             64.3111                   0             64.3111
                  45                 600                   0             66.1754                   0             66.1754
                  45                 610                   0             67.1165                   0             67.1165
                  45                 620                   0             68.6435                   0             68.6435
                  45                 630                   0             68.6967                   0             68.6967
                  45                 640                   0             70.4723                   0             70.4723
                  45                 650                   0             72.3544                   0             72.3544
                  45                 660                   0              72.674                   0              72.674
                  45                 670                   0             72.8516                   0             72.8516
                  45                 680                   0             74.1477                   0             74.1477
                  45                 690                   0             75.2131                   0             75.2131
                  45                 700                   0               75.87                   0               75.87
                  45                 710                   0             76.2074                   0             76.2074
                  45                 720                   0             77.5036                   0             77.5036
                  45                 730                   0             78.3203                   0             78.3203
                  45                 740                   0             79.6165                   0             79.6165
                  45                 750                   0             80.9304                   0             80.9304
                  45                 760                   0             81.6051                   0             81.6051
                  45                 770                   0             81.7649                   0             81.7649
                  45                 780                   0             82.0312                   0             82.0312
                  45                 790                   0             82.7237                   0             82.7237
                  45                 800                   0             83.8246                   0             83.8246
                  45                 810                   0             85.9908                   0             85.9908
                  45                 820                   0             87.0384                   0             87.0384
                  45                 830                   0             87.1271                   0             87.1271
                  45                 840                   0              87.358                   0              87.358
                  45                 850                   0             87.4112                   0             87.4112
                  45                 860                   0                87.5                   0                87.5
                  45                 870                   0             88.4055                   0             88.4055
                  45                 880                   0             88.7251                   0             88.7251
                  45                 890                   0             88.8317                   0             88.8317
                  45                 900                   0             88.8672                   0             88.8672
                  45                 910                   0             88.8849                   0             88.8849
                  45                 920                   0             89.0092                   0             89.0092
                  45                 930                   0             89.9325                   0             89.9325
                  45                 940                   0             89.9503                   0             89.9503
                  45                 950                   0             90.0213                   0             90.0213
                  45                 960                   0             90.0568                   0             90.0568
                  45                 970                   0             90.0923                   0             90.0923
                  45                 980                   0             90.0923                   0             90.0923
                  45                 990                   0             90.8558                   0             90.8558
                  45                1000                   0             90.9979                   0             90.9979
