                  90                   0                   0             5.64631             35.2273             40.8736
                  90                  10                   0             6.05469             34.0909             40.1456
                  90                  20                   0             6.46307               31.25             37.7131
                  90                  30                   0             7.08452             31.8182             38.9027
                  90                  40                   0             7.36861             36.3636             43.7322
                  90                  50                   0             8.38068             30.1136             38.4943
                  90                  60                   0             8.20312             34.0909              42.294
                  90                  70                   0             9.51705             32.3864             41.9034
                  90                  80                   0             9.41051             29.5455              38.956
                  90                  90                   0             9.96094             25.5682             35.5291
                  90                 100                   0             10.4048             24.4318             34.8366
                  90                 110                   0             12.7841             22.1591             34.9432
                  90                 120                   0             14.0447             22.1591             36.2038
                  90                 130                   0             14.7372             20.4545             35.1918
                  90                 140                   0             15.1989             19.3182              34.517
                  90                 150                   0             15.8736               18.75             34.6236
                  90                 160                   0             16.5483             17.6136             34.1619
                  90                 170                   0             17.0987             17.0455             34.1442
                  90                 180                   0             18.7322             16.4773             35.2095
                  90                 190                   0             19.0163             16.4773             35.4936
                  90                 200                   0             19.6911             16.4773             36.1683
                  90                 210                   0             20.1882             14.2045             34.3928
                  90                 220                   0             20.7386             13.6364              34.375
                  90                 230                   0             21.3778             13.0682              34.446
                  90                 240                   0             22.4077             15.3409             37.7486
                  90                 250                   0             22.9226             15.3409             38.2635
                  90                 260                   0             26.0831             13.6364             39.7195
                  90                 270                   0              27.255             13.6364             40.8913
                  90                 280                   0             28.2315             13.6364             41.8679
                  90                 290                   0             29.9183             13.6364             43.5547
                  90                 300                   0             30.7706             13.6364              44.407
                  90                 310                   0             32.4041             13.6364             46.0405
                  90                 320                   0             33.3629             11.3636             44.7266
                  90                 330                   0             35.3516             11.3636             46.7152
                  90                 340                   0             39.6129             9.65909              49.272
                  90                 350                   0             41.3885             9.65909             51.0476
                  90                 360                   0             42.3651             9.65909             52.0241
                  90                 370                   0              43.821             9.65909             53.4801
                  90                 380                   0              46.005             9.65909             55.6641
                  90                 390                   0             49.3253             9.09091             58.4162
                  90                 400                   0             50.3196             8.52273             58.8423
                  90                 410                   0             52.5923             8.52273             61.1151
                  90                 420                   0              53.924             8.52273             62.4467
                  90                 430                   0             54.6342             7.95455             62.5888
                  90                 440                   0              55.451             7.38636             62.8374
                  90                 450                   0             57.0668             7.38636             64.4531
                  90                 460                   0             58.3097             6.81818             65.1278
                  90                 470                   0             64.0447             4.54545             68.5902
                  90                 480                   0             65.1634             4.54545             69.7088
                  90                 490                   0             65.9801             3.97727             69.9574
                  90                 500                   0             66.7259             3.97727             70.7031
                  90                 510                   0             67.3473             3.97727             71.3246
                  90                 520                   0             68.1818             3.97727             72.1591
                  90                 530                   0             68.9631             2.84091              71.804
                  90                 540                   0             69.5845             2.84091             72.4254
                  90                 550                   0             70.1172             2.84091             72.9581
                  90                 560                   0             70.4723             2.84091             73.3132
                  90                 570                   0              72.674             2.27273             74.9467
                  90                 580                   0             72.8338             2.27273             75.1065
                  90                 590                   0             73.4553             2.27273              75.728
                  90                 600                   0             74.8047             2.27273             77.0774
                  90                 610                   0             74.2898             2.27273             76.5625
                  90                 620                   0             75.2486             2.27273             77.5213
                  90                 630                   0             75.4439             2.27273             77.7166
                  90                 640                   0             75.8345             2.27273             78.1072
                  90                 650                   0             77.4858             2.27273             79.7585
                  90                 660                   0             77.7876             2.27273             80.0604
                  90                 670                   0             79.9361             2.27273             82.2088
                  90                 680                   0             82.3864             3.40909             85.7955
                  90                 690                   0             82.8658             3.40909             86.2749
                  90                 700                   0             82.2088             2.27273             84.4815
                  90                 710                   0             82.2621             2.27273             84.5348
                  90                 720                   0             79.5987             6.81818             86.4169
                  90                 730                   0             79.6875             6.81818             86.5057
                  90                 740                   0              79.794             6.81818             86.6122
                  90                 750                   0             79.8295             6.81818             86.6477
                  90                 760                   0             81.0192             6.81818             87.8374
                  90                 770                   0              81.108             6.81818             87.9261
                  90                 780                   0             81.3388             6.81818              88.157
                  90                 790                   0             81.6229             6.81818             88.4411
                  90                 800                   0             82.0845             6.81818             88.9027
                  90                 810                   0               82.12             6.81818             88.9382
                  90                 820                   0             84.4993             6.81818             91.3175
                  90                 830                   0             86.4524             6.81818             93.2706
                  90                 840                   0             86.5945             6.81818             93.4126
                  90                 850                   0               86.63             6.81818             93.4482
                  90                 860                   0               86.63             6.81818             93.4482
                  90                 870                   0             86.6832             6.81818             93.5014
                  90                 880                   0             86.6832             6.81818             93.5014
                  90                 890                   0              86.772             6.81818             93.5902
                  90                 900                   0              86.772             6.81818             93.5902
                  90                 910                   0             87.0028             6.81818              93.821
                  90                 920                   0             87.0028             6.81818              93.821
                  90                 930                   0               86.63             6.81818             93.4482
                  90                 940                   0             86.7188             6.81818             93.5369
                  90                 950                   0             87.0206             6.81818             93.8388
                  90                 960                   0             87.0561             6.81818             93.8743
                  90                 970                   0             87.0561             6.81818             93.8743
                  90                 980                   0             87.0739             6.81818              93.892
                  90                 990                   0             87.1449             6.81818             93.9631
                  90                1000                   0             87.1626             6.81818             93.9808
