                  20                   0                   0                   0                87.5                87.5
                  20                  10                   0                   0             85.7955             85.7955
                  20                  20                   0                   0             84.0909             84.0909
                  20                  30                   0                   0             80.6818             80.6818
                  20                  40                   0                   0             77.8409             77.8409
                  20                  50                   0                   0             76.7045             76.7045
                  20                  60                   0           0.0177557                  75             75.0178
                  20                  70                   0           0.0177557             69.8864             69.9041
                  20                  80                   0           0.0177557             68.1818             68.1996
                  20                  90                   0           0.0177557             65.9091             65.9268
                  20                 100                   0           0.0177557             61.3636             61.3814
                  20                 110                   0           0.0710227             57.3864             57.4574
                  20                 120                   0             0.24858             53.9773             54.2259
                  20                 130                   0            0.177557             46.5909             46.7685
                  20                 140                   0            0.372869             42.6136             42.9865
                  20                 150                   0            0.674716             40.3409             41.0156
                  20                 160                   0            0.568182             36.9318                37.5
                  20                 170                   0            0.621449             35.2273             35.8487
                  20                 180                   0            0.621449               31.25             31.8714
                  20                 190                   0            0.958807             30.1136             31.0724
                  20                 200                   0             1.22514             28.9773             30.2024
                  20                 210                   0             1.26065                  25             26.2607
                  20                 220                   0             1.65128             25.5682             27.2195
                  20                 230                   0              1.7223               18.75             20.4723
                  20                 240                   0             2.07741             19.3182             21.3956
                  20                 250                   0             3.48011               18.75             22.2301
                  20                 260                   0             3.51562             17.6136             21.1293
                  20                 270                   0             3.74645             16.4773             20.2237
                  20                 280                   0             3.92401             17.6136             21.5376
                  20                 290                   0             3.72869             18.1818             21.9105
                  20                 300                   0             3.95952             17.0455              21.005
                  20                 310                   0              4.5277             15.9091             20.4368
                  20                 320                   0             4.93608               18.75             23.6861
                  20                 330                   0             5.09588             21.5909             26.6868
                  20                 340                   0             5.25568             19.3182             24.5739
                  20                 350                   0             5.55753             18.1818             23.7393
                  20                 360                   0             6.69389             18.1818             24.8757
                  20                 370                   0             6.78267             19.3182             26.1009
                  20                 380                   0             7.10227               18.75             25.8523
                  20                 390                   0             7.77699             19.8864             27.6634
                  20                 400                   0             8.07884             18.1818             26.2607
                  20                 410                   0             8.94886             19.8864             28.8352
                  20                 420                   0             10.2628             19.8864             30.1491
                  20                 430                   0             10.5114             19.8864             30.3977
                  20                 440                   0             10.7244             19.8864             30.6108
                  20                 450                   0             11.5057             19.3182             30.8239
                  20                 460                   0             11.9318               18.75             30.6818
                  20                 470                   0             11.7188             17.6136             29.3324
                  20                 480                   0             11.9851             17.6136             29.5987
                  20                 490                   0             12.4467             22.7273              35.174
                  20                 500                   0             11.2571             22.7273             33.9844
                  20                 510                   0             12.3224             15.3409             27.6634
                  20                 520                   0                12.5             13.6364             26.1364
                  20                 530                   0              11.843             19.3182             31.1612
                  20                 540                   0              12.358             18.1818             30.5398
                  20                 550                   0             13.2102             18.1818              31.392
                  20                 560                   0             15.8381             13.6364             29.4744
                  20                 570                   0             16.2109             13.6364             29.8473
                  20                 580                   0             17.0277             13.6364             30.6641
                  20                 590                   0             17.3473             13.6364             30.9837
                  20                 600                   0             17.7379             13.6364             31.3743
                  20                 610                   0             16.5305             13.6364             30.1669
                  20                 620                   0             16.9212             13.6364             30.5575
                  20                 630                   0             21.6619                12.5             34.1619
                  20                 640                   0             22.5142             13.0682             35.5824
                  20                 650                   0             23.3665             13.0682             36.4347
                  20                 660                   0              25.799                12.5              38.299
                  20                 670                   0             26.5803             11.9318             38.5121
                  20                 680                   0             26.7578             11.9318             38.6896
                  20                 690                   0             27.3793                12.5             39.8793
                  20                 700                   0             28.3203                12.5             40.8203
                  20                 710                   0             28.6754                12.5             41.1754
                  20                 720                   0              28.782                12.5              41.282
                  20                 730                   0             29.7585             11.9318             41.6903
                  20                 740                   0             29.8651             11.9318             41.7969
                  20                 750                   0             31.1967             11.9318             43.1286
                  20                 760                   0              29.581             15.3409             44.9219
                  20                 770                   0             31.9957             15.3409             47.3366
                  20                 780                   0             32.5284             15.3409             47.8693
                  20                 790                   0             32.9368             15.3409             48.2777
                  20                 800                   0             33.3452             15.3409             48.6861
                  20                 810                   0              34.446             15.3409             49.7869
                  20                 820                   0             34.9787             17.6136             52.5923
                  20                 830                   0             36.3104             17.6136              53.924
                  20                 840                   0             37.1982             17.6136             54.8118
                  20                 850                   0             39.0092             14.2045             53.2138
                  20                 860                   0             39.2401             13.6364             52.8764
                  20                 870                   0             39.3111             13.6364             52.9474
                  20                 880                   0             41.1222             13.6364             54.7585
                  20                 890                   0             44.2294             13.0682             57.2976
                  20                 900                   0             45.1882             13.0682             58.2564
                  20                 910                   0             43.3416             13.0682             56.4098
                  20                 920                   0             43.5014             13.6364             57.1378
                  20                 930                   0             44.2116                12.5             56.7116
                  20                 940                   0             45.0639             9.09091             54.1548
                  20                 950                   0              45.206             9.09091             54.2969
                  20                 960                   0              45.419             9.09091             54.5099
                  20                 970                   0             46.4844             9.09091             55.5753
                  20                 980                   0             46.6797             9.09091             55.7706
                  20                 990                   0              46.946             8.52273             55.4688
                  20                1000                   0             49.2543             8.52273              57.777
