                   5                   0                   0                   0                 100                 100
                   5                  10                   0                   0             98.8636             98.8636
                   5                  20                   0                   0             98.8636             98.8636
                   5                  30                   0                   0             98.8636             98.8636
                   5                  40                   0                   0             98.8636             98.8636
                   5                  50                   0                   0             98.8636             98.8636
                   5                  60                   0                   0             97.7273             97.7273
                   5                  70                   0                   0             97.7273             97.7273
                   5                  80                   0                   0             96.5909             96.5909
                   5                  90                   0                   0             96.5909             96.5909
                   5                 100                   0                   0             96.0227             96.0227
                   5                 110                   0                   0             94.8864             94.8864
                   5                 120                   0                   0               93.75               93.75
                   5                 130                   0                   0             90.3409             90.3409
                   5                 140                   0                   0             86.3636             86.3636
                   5                 150                   0                   0             80.6818             80.6818
                   5                 160                   0                   0             74.4318             74.4318
                   5                 170                   0             0.12429             69.3182             69.4425
                   5                 180                   0             0.12429                62.5             62.6243
                   5                 190                   0             0.12429             55.6818             55.8061
                   5                 200                   0             0.12429             52.2727              52.397
                   5                 210                   0                   0             46.0227             46.0227
                   5                 220                   0            0.159801             41.4773             41.6371
                   5                 230                   0            0.159801             40.9091             41.0689
                   5                 240                   0            0.621449             38.0682             38.6896
                   5                 250                   0            0.745739             36.9318             37.6776
                   5                 260                   0            0.337358             36.3636              36.701
                   5                 270                   0            0.426136             36.3636             36.7898
                   5                 280                   0            0.603693             35.2273              35.831
                   5                 290                   0            0.763494             32.9545              33.718
                   5                 300                   0             1.86435             33.5227             35.3871
                   5                 310                   0             2.05966             32.3864              34.446
                   5                 320                   0             1.93537             34.6591             36.5945
                   5                 330                   0             1.98864             32.3864              34.375
                   5                 340                   0             2.11293             28.9773             31.0902
                   5                 350                   0             2.27273             28.9773               31.25
                   5                 360                   0             2.50355             22.7273             25.2308
                   5                 370                   0             2.52131             21.5909             24.1122
                   5                 380                   0             2.71662             21.0227             23.7393
                   5                 390                   0             2.78764               18.75             21.5376
                   5                 400                   0             2.85866             18.1818             21.0405
                   5                 410                   0             3.00071             18.1818             21.1825
                   5                 420                   0             3.16051             18.1818             21.3423
                   5                 430                   0             3.30256             15.9091             19.2116
                   5                 440                   0             3.42685             14.7727             18.1996
                   5                 450                   0             3.51562             13.6364              17.152
                   5                 460                   0             3.58665                12.5             16.0866
                   5                 470                   0             3.71094             10.7955             14.5064
                   5                 480                   0             3.85298             10.2273             14.0803
                   5                 490                   0             4.11932             8.52273              12.642
                   5                 500                   0             4.15483             8.52273             12.6776
                   5                 510                   0             4.65199             7.38636             12.0384
                   5                 520                   0             4.81179             7.38636             12.1982
                   5                 530                   0             5.23793                6.25             11.4879
                   5                 540                   0             5.39773             6.81818             12.2159
                   5                 550                   0             6.46307             9.65909             16.1222
                   5                 560                   0             6.96023             9.65909             16.6193
                   5                 570                   0             8.75355             11.9318             20.6854
                   5                 580                   0             9.35724             11.3636             20.7209
                   5                 590                   0             10.4048             23.2955             33.7003
                   5                 600                   0             11.0085             22.7273             33.7358
                   5                 610                   0             11.2749             22.1591             33.4339
                   5                 620                   0             11.2926             21.5909             32.8835
                   5                 630                   0             11.8253             17.6136             29.4389
                   5                 640                   0             12.0384             17.6136              29.652
                   5                 650                   0             12.5355             17.6136             30.1491
                   5                 660                   0             13.0504             15.3409             28.3913
                   5                 670                   0             13.2635             15.3409             28.6044
                   5                 680                   0              14.098             15.3409             29.4389
                   5                 690                   0             14.4176             14.7727             29.1903
                   5                 700                   0              14.897             13.0682             27.9652
                   5                 710                   0             16.7969             8.52273             25.3196
                   5                 720                   0             17.0277             10.2273              27.255
                   5                 730                   0             17.1697             10.2273              27.397
                   5                 740                   0             17.1165             9.65909             26.7756
                   5                 750                   0             18.2528             14.2045             32.4574
                   5                 760                   0             18.3239             14.2045             32.5284
                   5                 770                   0             18.6435             14.2045              32.848
                   5                 780                   0             18.9098             13.6364             32.5462
                   5                 790                   0               19.62             13.0682             32.6882
                   5                 800                   0             21.4844             8.52273             30.0071
                   5                 810                   0             21.6974             8.52273             30.2202
                   5                 820                   0             22.4254             13.0682             35.4936
                   5                 830                   0             22.5675             13.6364             36.2038
                   5                 840                   0              22.674             13.6364             36.3104
                   5                 850                   0              24.343             13.6364             37.9794
                   5                 860                   0             24.5384             13.6364             38.1747
                   5                 870                   0              25.071             13.6364             38.7074
                   5                 880                   0             27.2195             13.0682             40.2876
                   5                 890                   0             27.2727             13.0682             40.3409
                   5                 900                   0             27.9474             13.0682             41.0156
                   5                 910                   0              28.196             13.0682             41.2642
                   5                 920                   0             27.2195                12.5             39.7195
                   5                 930                   0             26.3672             15.9091             42.2763
                   5                 940                   0             29.1371             15.9091             45.0462
                   5                 950                   0             27.5746             15.9091             43.4837
                   5                 960                   0             27.7521             15.9091             43.6612
                   5                 970                   0             27.7876             14.2045             41.9922
                   5                 980                   0             30.0426             14.2045             44.2472
                   5                 990                   0             30.2202             14.2045             44.4247
                   5                1000                   0             30.4155             14.2045               44.62
