                  25                   0                   0                   0             78.9773             78.9773
                  25                  10                   0                   0             74.4318             74.4318
                  25                  20                   0                   0             74.4318             74.4318
                  25                  30                   0           0.0177557             73.2955             73.3132
                  25                  40                   0           0.0177557             70.4545             70.4723
                  25                  50                   0           0.0177557             71.0227             71.0405
                  25                  60                   0           0.0177557             66.4773              66.495
                  25                  70                   0           0.0355114                62.5             62.5355
                  25                  80                   0           0.0355114             59.6591             59.6946
                  25                  90                   0           0.0355114             58.5227             58.5582
                  25                 100                   0             0.24858             55.1136             55.3622
                  25                 110                   0             0.24858             50.5682             50.8168
                  25                 120                   0            0.603693             44.8864             45.4901
                  25                 130                   0            0.727983             41.4773             42.2053
                  25                 140                   0            0.870028             38.6364             39.5064
                  25                 150                   0            0.887784             34.6591             35.5469
                  25                 160                   0            0.710227             32.9545             33.6648
                  25                 170                   0            0.816761             26.7045             27.5213
                  25                 180                   0             1.36719             26.7045             28.0717
                  25                 190                   0             1.65128                  25             26.6513
                  25                 200                   0             1.68679             24.4318             26.1186
                  25                 210                   0             2.07741             21.5909             23.6683
                  25                 220                   0             3.48011             18.1818             21.6619
                  25                 230                   0             3.58665             18.1818             21.7685
                  25                 240                   0              3.7642             18.1818              21.946
                  25                 250                   0             3.92401             17.0455             20.9695
                  25                 260                   0             4.06605                12.5             16.5661
                  25                 270                   0             4.54545             16.4773             21.0227
                  25                 280                   0             4.95384             20.4545             25.4084
                  25                 290                   0             4.98935             19.3182             24.3075
                  25                 300                   0             5.45099             21.5909             27.0419
                  25                 310                   0             5.89489               18.75             24.6449
                  25                 320                   0             6.48082             20.4545             26.9354
                  25                 330                   0             7.01349             19.8864             26.8999
                  25                 340                   0             7.56392             19.8864             27.4503
                  25                 350                   0             7.99006             23.8636             31.8537
                  25                 360                   0             8.38068             23.8636             32.2443
                  25                 370                   0             8.54048             23.8636             32.4041
                  25                 380                   0             9.90767             21.0227             30.9304
                  25                 390                   0             10.0852             21.0227              31.108
                  25                 400                   0             10.2628             16.4773             26.7401
                  25                 410                   0             10.5646             15.3409             25.9055
                  25                 420                   0             9.83665             15.9091             25.7457
                  25                 430                   0             10.2805             15.9091             26.1896
                  25                 440                   0              11.044             15.9091             26.9531
                  25                 450                   0             11.9141             16.4773             28.3913
                  25                 460                   0             11.2216             20.4545             31.6761
                  25                 470                   0             11.7543             20.4545             32.2088
                  25                 480                   0             13.2102             20.4545             33.6648
                  25                 490                   0             13.2812             21.0227              34.304
                  25                 500                   0             13.4766             21.0227             34.4993
                  25                 510                   0             14.2045             13.0682             27.2727
                  25                 520                   0             14.9325             13.0682             28.0007
                  25                 530                   0             15.1101             13.0682             28.1783
                  25                 540                   0             15.6072             13.0682             28.6754
                  25                 550                   0             16.2287                12.5             28.7287
                  25                 560                   0             16.5128             10.7955             27.3082
                  25                 570                   0             19.6555             11.3636             31.0192
                  25                 580                   0             21.1648             13.6364             34.8011
                  25                 590                   0             21.3246             13.6364             34.9609
                  25                 600                   0              21.804                12.5              34.304
                  25                 610                   0             22.7805                12.5             35.2805
                  25                 620                   0             23.1357                12.5             35.6357
                  25                 630                   0             25.7812             11.9318             37.7131
                  25                 640                   0             27.4503             11.9318             39.3821
                  25                 650                   0             27.5568             11.3636             38.9205
                  25                 660                   0             28.3558             11.3636             39.7195
                  25                 670                   0             28.4268             11.3636             39.7905
                  25                 680                   0             28.5334             11.3636              39.897
                  25                 690                   0             29.0305             11.3636             40.3942
                  25                 700                   0             30.6996             14.7727             45.4723
                  25                 710                   0              31.108             14.7727             45.8807
                  25                 720                   0             31.1435             14.7727             45.9162
                  25                 730                   0             31.5696             14.2045             45.7741
                  25                 740                   0             31.9425             14.2045              46.147
                  25                 750                   0             32.5639             16.4773             49.0412
                  25                 760                   0             32.6705             16.4773             49.1477
                  25                 770                   0             33.4695             16.4773             49.9467
                  25                 780                   0             35.5291             16.4773             52.0064
                  25                 790                   0             38.4588             13.0682              51.527
                  25                 800                   0              39.755             11.9318             51.6868
                  25                 810                   0             39.8438             11.9318             51.7756
                  25                 820                   0             41.4773             10.7955             52.2727
                  25                 830                   0             42.7912             10.7955             53.5866
                  25                 840                   0             42.6491             11.9318              54.581
                  25                 850                   0             47.5142             11.9318              59.446
                  25                 860                   0             47.7095             11.9318             59.6413
                  25                 870                   0             48.4375             11.9318             60.3693
                  25                 880                   0             49.3253             11.9318             61.2571
                  25                 890                   0             49.4141             11.9318             61.3459
                  25                 900                   0             49.5028             11.9318             61.4347
                  25                 910                   0             49.6449             11.9318             61.5767
                  25                 920                   0             50.0533             11.9318             61.9851
                  25                 930                   0             49.3786             10.7955              60.174
                  25                 940                   0             49.7692             10.7955             60.5646
                  25                 950                   0             49.7692             10.2273             59.9964
                  25                 960                   0             49.9645             10.2273             60.1918
                  25                 970                   0             50.2308             10.2273             60.4581
                  25                 980                   0             51.3494             10.2273             61.5767
                  25                 990                   0             51.3672             10.2273             61.5945
                  25                1000                   0             51.5092             10.2273             61.7365
