                  75                   0                   0             3.32031             42.0455             45.3658
                  75                  10                   0             3.94176             40.3409             44.2827
                  75                  20                   0             4.72301             36.9318             41.6548
                  75                  30                   0             4.75852             33.5227             38.2812
                  75                  40                   0             4.47443             35.7955             40.2699
                  75                  50                   0             4.86506             39.2045             44.0696
                  75                  60                   0             5.43324             39.7727              45.206
                  75                  70                   0             6.12571             36.3636             42.4893
                  75                  80                   0             7.67045             32.9545              40.625
                  75                  90                   0             7.06676             34.6591             41.7259
                  75                 100                   0             7.29759             34.0909             41.3885
                  75                 110                   0             8.27415             30.6818              38.956
                  75                 120                   0             8.62926             29.5455             38.1747
                  75                 130                   0              10.902             22.1591             33.0611
                  75                 140                   0             10.7244             22.7273             33.4517
                  75                 150                   0               13.37             20.4545             33.8246
                  75                 160                   0             14.0803             19.8864             33.9666
                  75                 170                   0             14.4176             19.8864              34.304
                  75                 180                   0             15.0213             19.3182             34.3395
                  75                 190                   0             15.4652             18.1818              33.647
                  75                 200                   0             15.9446             17.0455             32.9901
                  75                 210                   0              17.081             16.4773             33.5582
                  75                 220                   0             17.6314             16.4773             34.1087
                  75                 230                   0             18.1996             16.4773             34.6768
                  75                 240                   0             18.6967             16.4773              35.174
                  75                 250                   0             19.3892             15.9091             35.2983
                  75                 260                   0             19.8864             15.9091             35.7955
                  75                 270                   0             20.1882             18.1818               38.37
                  75                 280                   0             21.3423             13.0682             34.4105
                  75                 290                   0             22.3544             13.0682             35.4226
                  75                 300                   0             23.5973             13.0682             36.6655
                  75                 310                   0             24.0057             13.0682             37.0739
                  75                 320                   0             24.9467             13.0682             38.0149
                  75                 330                   0             26.6868             11.9318             38.6186
                  75                 340                   0             28.2848             11.3636             39.6484
                  75                 350                   0             29.9893             10.7955             40.7848
                  75                 360                   0             30.6996             10.7955              41.495
                  75                 370                   0             32.2798             10.7955             43.0753
                  75                 380                   0             33.9666             9.09091             43.0575
                  75                 390                   0             35.3338             9.09091             44.4247
                  75                 400                   0             35.9375             9.65909             45.5966
                  75                 410                   0              36.701             9.65909             46.3601
                  75                 420                   0             38.1214             9.09091             47.2124
                  75                 430                   0             39.6484             8.52273             48.1712
                  75                 440                   0             40.6783             8.52273              49.201
                  75                 450                   0             42.4538             7.38636             49.8402
                  75                 460                   0             43.1996             7.38636             50.5859
                  75                 470                   0             44.0696             7.38636              51.456
                  75                 480                   0             48.6328             4.54545             53.1783
                  75                 490                   0             49.6271             4.54545             54.1726
                  75                 500                   0             51.7756             4.54545              56.321
                  75                 510                   0             54.1726             4.54545              58.718
                  75                 520                   0             55.2379             4.54545             59.7834
                  75                 530                   0             56.6406             3.40909             60.0497
                  75                 540                   0             59.0554             2.84091             61.8963
                  75                 550                   0             60.0852             2.84091             62.9261
                  75                 560                   0             60.6534             2.84091             63.4943
                  75                 570                   0             62.2159             2.84091             65.0568
                  75                 580                   0             64.3821             2.84091              67.223
                  75                 590                   0             66.2464             2.27273             68.5192
                  75                 600                   0             67.5604             2.27273             69.8331
                  75                 610                   0              67.951             2.27273             70.2237
                  75                 620                   0             68.6257             2.27273             70.8984
                  75                 630                   0             69.1051             2.27273             71.3778
                  75                 640                   0             69.7088             2.27273             71.9815
                  75                 650                   0             70.4013             2.27273              72.674
                  75                 660                   0             71.3246             2.27273             73.5973
                  75                 670                   0             71.5554             2.27273             73.8281
                  75                 680                   0             71.5554             2.27273             73.8281
                  75                 690                   0             71.8395             2.27273             74.1122
                  75                 700                   0             74.4141             2.27273             76.6868
                  75                 710                   0             74.8757             2.27273             77.1484
                  75                 720                   0             75.6214             2.27273             77.8942
                  75                 730                   0             76.1364             2.27273             78.4091
                  75                 740                   0             77.5568             2.27273             79.8295
                  75                 750                   0             78.5334             2.27273             80.8061
                  75                 760                   0             78.8352             2.27273              81.108
                  75                 770                   0             78.9062             2.27273              81.179
                  75                 780                   0             79.0305             2.27273             81.3033
                  75                 790                   0             81.9247             2.27273             84.1974
                  75                 800                   0             82.1555             2.27273             84.4283
                  75                 810                   0             82.2088             2.27273             84.4815
                  75                 820                   0             82.2798             2.27273             84.5526
                  75                 830                   0              85.103             2.27273             87.3757
                  75                 840                   0             86.0085             2.27273             88.2812
                  75                 850                   0             86.4347             2.27273             88.7074
                  75                 860                   0             86.6477             2.27273             88.9205
                  75                 870                   0             86.6655             2.27273             88.9382
                  75                 880                   0             83.8778             6.81818              90.696
                  75                 890                   0             83.8778             6.81818              90.696
                  75                 900                   0             83.8956             6.81818             90.7138
                  75                 910                   0             83.9666             6.81818             90.7848
                  75                 920                   0             83.9666             6.81818             90.7848
                  75                 930                   0             83.9844             6.81818             90.8026
                  75                 940                   0             84.4638             6.81818              91.282
                  75                 950                   0             84.7124             6.81818             91.5305
                  75                 960                   0             84.7124             6.81818             91.5305
                  75                 970                   0             84.7124             6.81818             91.5305
                  75                 980                   0             84.7656             6.81818             91.5838
                  75                 990                   0             84.9787             6.81818             91.7969
                  75                1000                   0             84.9787             6.81818             91.7969
