                  65                   0                   0             1.74006             46.0227             47.7628
                  65                  10                   0             2.25497             40.9091             43.1641
                  65                  20                   0             2.45028             42.6136             45.0639
                  65                  30                   0             2.94744             39.2045              42.152
                  65                  40                   0             3.48011             35.2273             38.7074
                  65                  50                   0             3.72869                37.5             41.2287
                  65                  60                   0              4.3679             34.6591              39.027
                  65                  70                   0             4.59872             34.6591             39.2578
                  65                  80                   0             4.86506             35.7955             40.6605
                  65                  90                   0             5.46875               31.25             36.7188
                  65                 100                   0             6.35653               31.25             37.6065
                  65                 110                   0             6.53409             32.3864             38.9205
                  65                 120                   0             6.87145             28.9773             35.8487
                  65                 130                   0             7.43963             28.9773             36.4169
                  65                 140                   0             7.56392             27.2727             34.8366
                  65                 150                   0             7.99006             25.5682             33.5582
                  65                 160                   0             9.60582             28.4091             38.0149
                  65                 170                   0              10.032             26.7045             36.7365
                  65                 180                   0             10.4226             24.4318             34.8544
                  65                 190                   0             10.7955                  25             35.7955
                  65                 200                   0             11.2038                  25             36.2038
                  65                 210                   0             11.8075                  25             36.8075
                  65                 220                   0                12.5             23.8636             36.3636
                  65                 230                   0               13.37             23.2955             36.6655
                  65                 240                   0             13.9915             22.7273             36.7188
                  65                 250                   0             14.7727             22.7273                37.5
                  65                 260                   0             16.0511             18.1818              34.233
                  65                 270                   0             16.6371             17.6136             34.2507
                  65                 280                   0             17.2585             17.6136             34.8722
                  65                 290                   0             17.3651             19.8864             37.2514
                  65                 300                   0             17.9155             19.3182             37.2337
                  65                 310                   0             18.4304               18.75             37.1804
                  65                 320                   0             20.6321             19.8864             40.5185
                  65                 330                   0             21.1115             19.8864             40.9979
                  65                 340                   0             21.9815               18.75             40.7315
                  65                 350                   0             23.4197               18.75             42.1697
                  65                 360                   0             24.3253               18.75             43.0753
                  65                 370                   0             25.4616               18.75             44.2116
                  65                 380                   0             27.0241               18.75             45.7741
                  65                 390                   0             27.6101               18.75             46.3601
                  65                 400                   0             28.5511             14.2045             42.7557
                  65                 410                   0             29.3857             14.2045             43.5902
                  65                 420                   0              30.451                12.5              42.951
                  65                 430                   0             32.0845                12.5             44.5845
                  65                 440                   0             35.6712             11.9318              47.603
                  65                 450                   0             37.8374             11.9318             49.7692
                  65                 460                   0             38.7607             10.7955             49.5561
                  65                 470                   0             40.0036             10.7955              50.799
                  65                 480                   0             41.7436             13.0682             54.8118
                  65                 490                   0             44.2116             10.2273             54.4389
                  65                 500                   0             46.5199             10.2273             56.7472
                  65                 510                   0             48.6151             10.2273             58.8423
                  65                 520                   0             49.2188             10.2273              59.446
                  65                 530                   0              51.527             9.09091             60.6179
                  65                 540                   0             52.3438             9.09091             61.4347
                  65                 550                   0             53.1428             8.52273             61.6655
                  65                 560                   0             54.2614             8.52273             62.7841
                  65                 570                   0             55.1847             8.52273             63.7074
                  65                 580                   0             55.9659             8.52273             64.4886
                  65                 590                   0             56.5341             7.95455             64.4886
                  65                 600                   0             56.8182             7.95455             64.7727
                  65                 610                   0             57.0135             7.95455              64.968
                  65                 620                   0             57.1023             7.95455             65.0568
                  65                 630                   0             57.8835             7.38636             65.2699
                  65                 640                   0             58.3984             7.38636             65.7848
                  65                 650                   0              60.973             6.81818             67.7912
                  65                 660                   0             61.4879             6.81818             68.3061
                  65                 670                   0             61.9141             6.81818             68.7322
                  65                 680                   0             63.4766             6.81818             70.2947
                  65                 690                   0             65.1989             2.27273             67.4716
                  65                 700                   0             67.0987             2.27273             69.3714
                  65                 710                   0             67.2763             2.27273              69.549
                  65                 720                   0             66.6193             2.27273              68.892
                  65                 730                   0             66.9212             2.27273             69.1939
                  65                 740                   0             67.1875             2.27273             69.4602
                  65                 750                   0             69.2294             2.27273             71.5021
                  65                 760                   0             70.6143             2.27273             72.8871
                  65                 770                   0             73.2067             2.27273             75.4794
                  65                 780                   0              74.272             2.27273             76.5447
                  65                 790                   0             74.3253             2.27273              76.598
                  65                 800                   0             75.6392             2.27273             77.9119
                  65                 810                   0             76.5803             2.27273              78.853
                  65                 820                   0             76.6868             2.27273             78.9595
                  65                 830                   0             75.3374             2.27273             77.6101
                  65                 840                   0             77.6811             2.27273             79.9538
                  65                 850                   0             79.4567             2.27273             81.7294
                  65                 860                   0             79.5455             2.27273             81.8182
                  65                 870                   0              79.652             2.27273             81.9247
                  65                 880                   0             80.6818             2.27273             82.9545
                  65                 890                   0             81.7827             2.27273             84.0554
                  65                 900                   0             81.8537             2.27273             84.1264
                  65                 910                   0             81.9425             2.27273             84.2152
                  65                 920                   0             82.1555             2.27273             84.4283
                  65                 930                   0             82.4929             2.27273             84.7656
                  65                 940                   0             82.5107             2.27273             84.7834
                  65                 950                   0             82.5994             2.27273             84.8722
                  65                 960                   0             82.6527             2.27273             84.9254
                  65                 970                   0             82.6882             2.27273             84.9609
                  65                 980                   0             82.6882             2.27273             84.9609
                  65                 990                   0              82.706             2.27273             84.9787
                  65                1000                   0             83.7358             2.27273             86.0085
