                  85                   0                   0             5.06037             36.9318             41.9922
                  85                  10                   0             5.37997                37.5               42.88
                  85                  20                   0             5.02486             36.9318             41.9567
                  85                  30                   0             5.48651             36.3636             41.8501
                  85                  40                   0             6.12571             34.6591             40.7848
                  85                  50                   0             7.24432             33.5227              40.767
                  85                  60                   0             7.22656             38.6364             45.8629
                  85                  70                   0             8.50497             34.6591             43.1641
                  85                  80                   0             8.25639               31.25             39.5064
                  85                  90                   0             8.82457             30.1136             38.9382
                  85                 100                   0             9.73011             25.5682             35.2983
                  85                 110                   0             12.1449             22.1591              34.304
                  85                 120                   0             12.7131             22.1591             34.8722
                  85                 130                   0             13.8672             21.0227             34.8899
                  85                 140                   0             14.2578             21.0227             35.2805
                  85                 150                   0             15.0213             19.3182             34.3395
                  85                 160                   0              15.696               18.75              34.446
                  85                 170                   0             16.1222             18.1818              34.304
                  85                 180                   0             16.6903             17.6136              34.304
                  85                 190                   0             17.8089             16.4773             34.2862
                  85                 200                   0             18.4126             16.4773             34.8899
                  85                 210                   0             19.3004             16.4773             35.7777
                  85                 220                   0             20.1349             16.4773             36.6122
                  85                 230                   0             20.4901             13.6364             34.1264
                  85                 240                   0             20.9339             13.0682             34.0021
                  85                 250                   0              21.875             13.0682             34.9432
                  85                 260                   0             22.6562             13.0682             35.7244
                  85                 270                   0             23.8814             13.0682             36.9496
                  85                 280                   0             24.5916             13.0682             37.6598
                  85                 290                   0             26.8999             13.6364             40.5362
                  85                 300                   0             27.5568             13.6364             41.1932
                  85                 310                   0             30.3445             13.6364             43.9808
                  85                 320                   0             30.9126                12.5             43.4126
                  85                 330                   0             31.4808             11.3636             42.8445
                  85                 340                   0             32.2443             11.3636              43.608
                  85                 350                   0             36.2216             9.65909             45.8807
                  85                 360                   0             37.1626             9.65909             46.8217
                  85                 370                   0             38.6896             9.65909             48.3487
                  85                 380                   0             39.5064             9.65909             49.1655
                  85                 390                   0             41.4418             9.65909             51.1009
                  85                 400                   0             44.9751             9.09091             54.0661
                  85                 410                   0             45.7919             8.52273             54.3146
                  85                 420                   0             47.2834             8.52273             55.8061
                  85                 430                   0             48.2955             7.95455               56.25
                  85                 440                   0             50.1776             7.38636             57.5639
                  85                 450                   0             51.6513             7.38636             59.0376
                  85                 460                   0             53.2848             7.38636             60.6712
                  85                 470                   0              59.233             4.54545             63.7784
                  85                 480                   0             60.2805             3.97727             64.2578
                  85                 490                   0             61.2571             3.97727             65.2344
                  85                 500                   0             63.1747             3.97727              67.152
                  85                 510                   0             63.8672             3.97727             67.8445
                  85                 520                   0             66.9922             3.40909             70.4013
                  85                 530                   0             67.9688             2.84091             70.8097
                  85                 540                   0             68.7145             2.84091             71.5554
                  85                 550                   0             69.2649             2.84091             72.1058
                  85                 560                   0             69.7798             2.84091             72.6207
                  85                 570                   0             70.2592             2.84091             73.1001
                  85                 580                   0             72.2301             2.27273             74.5028
                  85                 590                   0             73.0646             2.27273             75.3374
                  85                 600                   0             73.5263             2.27273              75.799
                  85                 610                   0             74.0057             2.27273             76.2784
                  85                 620                   0             74.1122             2.27273             76.3849
                  85                 630                   0             76.1364             2.27273             78.4091
                  85                 640                   0             75.4616             2.27273             77.7344
                  85                 650                   0             75.3729             2.27273             77.6456
                  85                 660                   0             75.7812             2.27273              78.054
                  85                 670                   0             75.9588             2.27273             78.2315
                  85                 680                   0             76.1719             2.27273             78.4446
                  85                 690                   0             80.0426             2.27273             82.3153
                  85                 700                   0             81.1612             2.27273             83.4339
                  85                 710                   0             81.5341             2.27273             83.8068
                  85                 720                   0             82.1023             2.27273              84.375
                  85                 730                   0             82.1555             2.27273             84.4283
                  85                 740                   0             79.4389             6.81818             86.2571
                  85                 750                   0             79.5455             6.81818             86.3636
                  85                 760                   0             79.6165             6.81818             86.4347
                  85                 770                   0             79.6875             6.81818             86.5057
                  85                 780                   0              79.723             6.81818             86.5412
                  85                 790                   0             80.9482             6.81818             87.7663
                  85                 800                   0             81.3033             6.81818             88.1214
                  85                 810                   0             81.5696             6.81818             88.3878
                  85                 820                   0             81.6939             6.81818             88.5121
                  85                 830                   0             83.9666             6.81818             90.7848
                  85                 840                   0             84.0199             6.81818             90.8381
                  85                 850                   0             84.4993             6.81818             91.3175
                  85                 860                   0             84.5881             6.81818             91.4062
                  85                 870                   0             84.5881             6.81818             91.4062
                  85                 880                   0             84.6058             6.81818              91.424
                  85                 890                   0             84.6413             6.81818             91.4595
                  85                 900                   0             84.7479             6.81818             91.5661
                  85                 910                   0             84.7479             6.81818             91.5661
                  85                 920                   0             84.7656             6.81818             91.5838
                  85                 930                   0             84.9077             6.81818             91.7259
                  85                 940                   0             84.9077             6.81818             91.7259
                  85                 950                   0             85.1918             6.81818             92.0099
                  85                 960                   0             85.2628             6.81818              92.081
                  85                 970                   0             85.3161             6.81818             92.1342
                  85                 980                   0             85.3161             6.81818             92.1342
                  85                 990                   0             85.3161             6.81818             92.1342
                  85                1000                   0             85.4048             6.81818              92.223
