                  15                   0                   0                   0             94.8864             94.8864
                  15                  10                   0                   0             92.6136             92.6136
                  15                  20                   0                   0             91.4773             91.4773
                  15                  30                   0                   0             91.4773             91.4773
                  15                  40                   0                   0             89.2045             89.2045
                  15                  50                   0                   0                87.5                87.5
                  15                  60                   0           0.0355114             85.2273             85.2628
                  15                  70                   0                   0               81.25               81.25
                  15                  80                   0                   0             79.5455             79.5455
                  15                  90                   0                   0             74.4318             74.4318
                  15                 100                   0                   0             70.4545             70.4545
                  15                 110                   0           0.0177557             64.7727             64.7905
                  15                 120                   0                   0             64.7727             64.7727
                  15                 130                   0            0.142045             59.6591             59.8011
                  15                 140                   0            0.142045             52.2727             52.4148
                  15                 150                   0            0.177557             46.5909             46.7685
                  15                 160                   0            0.408381             45.4545             45.8629
                  15                 170                   0            0.461648             43.1818             43.6435
                  15                 180                   0            0.692472             36.9318             37.6243
                  15                 190                   0            0.426136             32.3864             32.8125
                  15                 200                   0            0.639205               31.25             31.8892
                  15                 210                   0            0.727983             28.9773             29.7053
                  15                 220                   0            0.870028             27.8409             28.7109
                  15                 230                   0             1.26065             23.8636             25.1243
                  15                 240                   0             1.43821             22.7273             24.1655
                  15                 250                   0             1.49148             22.1591             23.6506
                  15                 260                   0             1.65128             19.8864             21.5376
                  15                 270                   0               3.125             22.1591             25.2841
                  15                 280                   0             3.21378             22.1591             25.3729
                  15                 290                   0             3.21378             21.0227             24.2365
                  15                 300                   0             3.39134             22.1591             25.5504
                  15                 310                   0             3.71094             19.3182             23.0291
                  15                 320                   0             3.67543             19.8864             23.5618
                  15                 330                   0             3.97727               18.75             22.7273
                  15                 340                   0              4.0483             15.3409             19.3892
                  15                 350                   0             4.29688             14.7727             19.0696
                  15                 360                   0             4.47443             14.2045              18.679
                  15                 370                   0             4.72301                12.5              17.223
                  15                 380                   0             5.68182             15.3409             21.0227
                  15                 390                   0             5.50426             15.9091             21.4134
                  15                 400                   0             5.75284             15.3409             21.0938
                  15                 410                   0             6.35653             14.7727             21.1293
                  15                 420                   0             7.01349             17.6136             24.6271
                  15                 430                   0             7.42188             19.8864             27.3082
                  15                 440                   0             7.52841             19.3182             26.8466
                  15                 450                   0              8.4517             18.1818             26.6335
                  15                 460                   0             8.66477             17.6136             26.2784
                  15                 470                   0              9.0554             17.0455             26.1009
                  15                 480                   0             9.30398             17.0455             26.3494
                  15                 490                   0             11.5234             23.2955             34.8189
                  15                 500                   0             11.6477             23.2955             34.9432
                  15                 510                   0             12.1449             23.2955             35.4403
                  15                 520                   0             13.0327             17.6136             30.6463
                  15                 530                   0             13.1925             17.0455             30.2379
                  15                 540                   0             13.6541             16.4773             30.1314
                  15                 550                   0             14.5419             16.4773             31.0192
                  15                 560                   0             14.6484             14.2045              28.853
                  15                 570                   0              14.968             14.2045             29.1726
                  15                 580                   0             15.3942             14.2045             29.5987
                  15                 590                   0             13.9915             13.0682             27.0597
                  15                 600                   0             14.2756             13.0682             27.3438
                  15                 610                   0             14.3288                12.5             26.8288
                  15                 620                   0             14.5419                12.5             27.0419
                  15                 630                   0             16.6193                12.5             29.1193
                  15                 640                   0             17.9155             9.65909             27.5746
                  15                 650                   0             18.8565             9.65909             28.5156
                  15                 660                   0             19.2116             9.65909             28.8707
                  15                 670                   0             19.3359             9.65909              28.995
                  15                 680                   0             17.5071             14.2045             31.7116
                  15                 690                   0             24.0234             14.2045              38.228
                  15                 700                   0             23.5618             14.2045             37.7663
                  15                 710                   0              22.532             14.2045             36.7365
                  15                 720                   0             22.7095             14.2045             36.9141
                  15                 730                   0             22.8516             14.2045             37.0561
                  15                 740                   0             23.2777             13.6364             36.9141
                  15                 750                   0             22.4254             17.6136             40.0391
                  15                 760                   0             22.4964             14.2045              36.701
                  15                 770                   0             24.0234             14.2045              38.228
                  15                 780                   0             24.0945             14.2045              38.299
                  15                 790                   0             24.3786             14.2045             38.5831
                  15                 800                   0             24.8224                12.5             37.3224
                  15                 810                   0             25.0533                12.5             37.5533
                  15                 820                   0             26.0121                12.5             38.5121
                  15                 830                   0             28.9062             10.7955             39.7017
                  15                 840                   0             30.3622                12.5             42.8622
                  15                 850                   0             31.9247             13.0682             44.9929
                  15                 860                   0             32.4929             13.0682             45.5611
                  15                 870                   0             33.1676             13.0682             46.2358
                  15                 880                   0             34.3928             13.0682             47.4609
                  15                 890                   0             35.3161                12.5             47.8161
                  15                 900                   0             37.9084             14.7727             52.6811
                  15                 910                   0             37.9616             14.7727             52.7344
                  15                 920                   0             40.4474             17.0455             57.4929
                  15                 930                   0             41.5483             17.0455             58.5938
                  15                 940                   0             42.8445             17.0455             59.8899
                  15                 950                   0             43.0398             16.4773              59.517
                  15                 960                   0             44.1229             16.4773             60.6001
                  15                 970                   0             44.1229             16.4773             60.6001
                  15                 980                   0             45.6854             16.4773             62.1626
                  15                 990                   0             46.7507             16.4773              63.228
                  15                1000                   0             47.7273             16.4773             64.2045
