                  70                   0                   0             2.68111             42.6136             45.2947
                  70                  10                   0               3.125             41.4773             44.6023
                  70                  20                   0             3.74645             34.6591             38.4055
                  70                  30                   0             3.92401             35.2273             39.1513
                  70                  40                   0             4.35014             34.6591             39.0092
                  70                  50                   0             4.42116             36.9318              41.353
                  70                  60                   0              4.8473             38.6364             43.4837
                  70                  70                   0             4.82955             40.3409             45.1705
                  70                  80                   0             5.78835             33.5227             39.3111
                  70                  90                   0             7.15554               31.25             38.4055
                  70                 100                   0             7.12003             31.8182             38.9382
                  70                 110                   0             7.72372             29.5455             37.2692
                  70                 120                   0              7.3331             30.1136             37.4467
                  70                 130                   0             8.64702             25.5682             34.2152
                  70                 140                   0             9.23295                  25              34.233
                  70                 150                   0             9.97869                  25             34.9787
                  70                 160                   0             10.4759             23.8636             34.3395
                  70                 170                   0             10.8487             23.8636             34.7124
                  70                 180                   0             12.2337             21.5909             33.8246
                  70                 190                   0             13.6896             19.8864              33.576
                  70                 200                   0             15.0391             19.8864             34.9254
                  70                 210                   0             15.9801             20.4545             36.4347
                  70                 220                   0             16.6193             19.8864             36.5057
                  70                 230                   0             17.3828             19.8864             37.2692
                  70                 240                   0             17.7912             19.8864             37.6776
                  70                 250                   0             18.2706             18.1818             36.4524
                  70                 260                   0              18.608             18.1818             36.7898
                  70                 270                   0             19.0874             18.1818             37.2692
                  70                 280                   0             19.2116             20.4545             39.6662
                  70                 290                   0             19.9574             20.4545             40.4119
                  70                 300                   0             20.4368             19.8864             40.3232
                  70                 310                   0             21.1115             19.8864             40.9979
                  70                 320                   0             21.9993             19.8864             41.8857
                  70                 330                   0              22.674             19.8864             42.5604
                  70                 340                   0             24.6271             16.4773             41.1044
                  70                 350                   0             26.1009             14.2045             40.3054
                  70                 360                   0             26.7933             13.6364             40.4297
                  70                 370                   0             27.6101             13.6364             41.2464
                  70                 380                   0             29.3857             13.6364              43.022
                  70                 390                   0             31.5874             11.9318             43.5192
                  70                 400                   0             32.3864             11.9318             44.3182
                  70                 410                   0             34.0376             9.65909             43.6967
                  70                 420                   0             35.3871             9.65909             45.0462
                  70                 430                   0             37.5178             8.52273             46.0405
                  70                 440                   0             38.8494             8.52273             47.3722
                  70                 450                   0             39.5241             7.95455             47.4787
                  70                 460                   0             41.1577             7.38636              48.544
                  70                 470                   0             42.6314             7.38636             50.0178
                  70                 480                   0             45.6499             9.09091             54.7408
                  70                 490                   0             49.0945             9.09091             58.1854
                  70                 500                   0             50.7635             9.09091             59.8544
                  70                 510                   0             51.1009             9.09091             60.1918
                  70                 520                   0             52.2372             9.09091             61.3281
                  70                 530                   0             53.3026             9.09091             62.3935
                  70                 540                   0             54.9538             4.54545             59.4993
                  70                 550                   0             55.7528             3.97727             59.7301
                  70                 560                   0              57.049             3.97727             61.0263
                  70                 570                   0             57.5284             3.97727             61.5057
                  70                 580                   0             58.2919             2.84091             61.1328
                  70                 590                   0             61.0263             2.27273              63.299
                  70                 600                   0             61.5412             2.27273             63.8139
                  70                 610                   0             61.9673             2.27273             64.2401
                  70                 620                   0             64.4176             2.27273             66.6903
                  70                 630                   0             64.5952             2.27273             66.8679
                  70                 640                   0             65.3764             2.27273             67.6491
                  70                 650                   0              65.767             2.27273             68.0398
                  70                 660                   0             67.4893             2.27273             69.7621
                  70                 670                   0              68.679             2.27273             70.9517
                  70                 680                   0             69.7266             2.27273             71.9993
                  70                 690                   0             69.8509             2.27273             72.1236
                  70                 700                   0             70.7564             2.27273             73.0291
                  70                 710                   0             70.9872             2.27273             73.2599
                  70                 720                   0             71.3956             2.27273             73.6683
                  70                 730                   0              73.402             2.27273             75.6747
                  70                 740                   0              75.071             2.27273             77.3438
                  70                 750                   0             76.2962             2.27273             78.5689
                  70                 760                   0             76.3672             2.27273             78.6399
                  70                 770                   0             77.6456             2.27273             79.9183
                  70                 780                   0             77.7876             2.27273             80.0604
                  70                 790                   0             78.0185             2.27273             80.2912
                  70                 800                   0             78.1605             2.27273             80.4332
                  70                 810                   0              78.267             2.27273             80.5398
                  70                 820                   0             78.5511             2.27273             80.8239
                  70                 830                   0             78.6044             2.27273             80.8771
                  70                 840                   0             81.0014             2.27273             83.2741
                  70                 850                   0             81.1435             2.27273             83.4162
                  70                 860                   0             81.8537             2.27273             84.1264
                  70                 870                   0             83.2386             2.27273             85.5114
                  70                 880                   0             83.2564             2.27273             85.5291
                  70                 890                   0             83.3807             2.27273             85.6534
                  70                 900                   0             83.6825             2.27273             85.9553
                  70                 910                   0             83.7003             2.27273              85.973
                  70                 920                   0             83.7358             2.27273             86.0085
                  70                 930                   0             86.3636             2.27273             88.6364
                  70                 940                   0             86.4524             2.27273             88.7251
                  70                 950                   0             86.4879             2.27273             88.7607
                  70                 960                   0             83.6293             6.81818             90.4474
                  70                 970                   0              83.647             6.81818             90.4652
                  70                 980                   0             84.2685             6.81818             91.0866
                  70                 990                   0             84.7479             6.81818             91.5661
                  70                1000                   0             84.7656             6.81818             91.5838
