                  30                   0                   0           0.0177557             71.5909             71.6087
                  30                  10                   0           0.0177557             72.7273              72.745
                  30                  20                   0           0.0355114             71.0227             71.0582
                  30                  30                   0            0.053267             65.9091             65.9624
                  30                  40                   0            0.053267             64.2045             64.2578
                  30                  50                   0           0.0710227             60.2273             60.2983
                  30                  60                   0            0.142045             56.8182             56.9602
                  30                  70                   0            0.142045             56.8182             56.9602
                  30                  80                   0            0.177557             53.4091             53.5866
                  30                  90                   0            0.319602                  50             50.3196
                  30                 100                   0             0.53267             48.8636             49.3963
                  30                 110                   0             0.53267             44.8864              45.419
                  30                 120                   0             1.02983             39.2045             40.2344
                  30                 130                   0              1.0831                37.5             38.5831
                  30                 140                   0             1.20739             31.8182             33.0256
                  30                 150                   0             1.42045               31.25             32.6705
                  30                 160                   0             1.59801             27.8409             29.4389
                  30                 170                   0             1.65128                  25             26.6513
                  30                 180                   0             2.21946             22.1591             24.3786
                  30                 190                   0             1.98864             21.5909             23.5795
                  30                 200                   0             2.37926             20.4545             22.8338
                  30                 210                   0             4.13707             18.1818             22.3189
                  30                 220                   0             4.08381             14.7727             18.8565
                  30                 230                   0             4.26136             13.0682             17.3295
                  30                 240                   0             4.61648             25.5682             30.1847
                  30                 250                   0             4.79403             26.7045             31.4986
                  30                 260                   0             6.19673             25.5682             31.7649
                  30                 270                   0             6.19673                  25             31.1967
                  30                 280                   0             6.60511                  25             31.6051
                  30                 290                   0             7.22656             23.8636             31.0902
                  30                 300                   0             7.86577             23.8636             31.7294
                  30                 310                   0             8.02557             21.5909             29.6165
                  30                 320                   0             8.25639             21.5909             29.8473
                  30                 330                   0             8.52273             21.5909             30.1136
                  30                 340                   0             7.51065             23.8636             31.3743
                  30                 350                   0             8.04332             21.0227             29.0661
                  30                 360                   0             7.90128             20.4545             28.3558
                  30                 370                   0             9.62358             23.2955              32.919
                  30                 380                   0             9.96094             19.3182             29.2791
                  30                 390                   0             9.44602               18.75              28.196
                  30                 400                   0             10.1918             19.3182             29.5099
                  30                 410                   0             10.2095             21.5909             31.8004
                  30                 420                   0             10.8132             21.5909             32.4041
                  30                 430                   0             11.3459             21.5909             32.9368
                  30                 440                   0             12.3757             21.0227             33.3984
                  30                 450                   0             12.6776             21.0227             33.7003
                  30                 460                   0              13.157             21.0227             34.1797
                  30                 470                   0             13.0682             14.2045             27.2727
                  30                 480                   0             13.6364             14.2045             27.8409
                  30                 490                   0             14.4354             11.9318             26.3672
                  30                 500                   0             16.9922             10.7955             27.7876
                  30                 510                   0             17.3828             10.2273             27.6101
                  30                 520                   0             17.6669             10.2273             27.8942
                  30                 530                   0              19.549                12.5              32.049
                  30                 540                   0             19.7088                12.5             32.2088
                  30                 550                   0             20.7031                12.5             33.2031
                  30                 560                   0             21.1825             11.9318             33.1143
                  30                 570                   0             21.3423             11.9318             33.2741
                  30                 580                   0              23.544                12.5              36.044
                  30                 590                   0              24.929                12.5              37.429
                  30                 600                   0             25.0888                12.5             37.5888
                  30                 610                   0             25.3374                12.5             37.8374
                  30                 620                   0             26.4915             11.9318             38.4233
                  30                 630                   0             26.9176             11.9318             38.8494
                  30                 640                   0             28.0717             15.3409             43.4126
                  30                 650                   0              28.267             14.7727             43.0398
                  30                 660                   0              30.522             14.7727             45.2947
                  30                 670                   0             32.0668             17.0455             49.1122
                  30                 680                   0             32.2976             16.4773             48.7749
                  30                 690                   0             33.1143             16.4773             49.5916
                  30                 700                   0              36.044             16.4773             52.5213
                  30                 710                   0             36.3104             15.9091             52.2195
                  30                 720                   0             37.7308             11.9318             49.6626
                  30                 730                   0             38.0682             11.9318                  50
                  30                 740                   0             40.5895             11.9318             52.5213
                  30                 750                   0             40.2876             13.0682             53.3558
                  30                 760                   0             40.9801             13.0682             54.0483
                  30                 770                   0             41.0511             13.0682             54.1193
                  30                 780                   0             41.0866             13.0682             54.1548
                  30                 790                   0             42.5604             11.9318             54.4922
                  30                 800                   0             44.5845             11.9318             56.5163
                  30                 810                   0             45.5966             11.9318             57.5284
                  30                 820                   0             49.1477             11.9318             61.0795
                  30                 830                   0             49.3075             11.9318             61.2393
                  30                 840                   0             50.0355             11.9318             61.9673
                  30                 850                   0             49.1655             11.9318             61.0973
                  30                 860                   0             49.3075             11.9318             61.2393
                  30                 870                   0             49.4496             11.9318             61.3814
                  30                 880                   0             49.6271             11.9318             61.5589
                  30                 890                   0              50.799             11.9318             62.7308
                  30                 900                   0             51.0298             11.9318             62.9616
                  30                 910                   0             51.0831             11.9318             63.0149
                  30                 920                   0             50.9233             10.2273             61.1506
                  30                 930                   0             51.0121             10.2273             61.2393
                  30                 940                   0             51.2962             10.2273             61.5234
                  30                 950                   0             51.3494             10.2273             61.5767
                  30                 960                   0             52.9119             10.2273             63.1392
                  30                 970                   0             53.0362             10.2273             63.2635
                  30                 980                   0              53.054             10.2273             63.2812
                  30                 990                   0             56.7116             10.2273             66.9389
                  30                1000                   0             56.7649             10.2273             66.9922
