                  80                   0                   0             4.22585             42.6136             46.8395
                  80                  10                   0             4.93608             34.0909              39.027
                  80                  20                   0              5.1669             35.2273             40.3942
                  80                  30                   0             4.75852             36.9318             41.6903
                  80                  40                   0             5.34446             38.0682             43.4126
                  80                  50                   0             5.57528                37.5             43.0753
                  80                  60                   0             6.99574             35.2273              42.223
                  80                  70                   0              7.6527             35.7955             43.4482
                  80                  80                   0              8.4517               31.25             39.7017
                  80                  90                   0             8.06108               31.25             39.3111
                  80                 100                   0              8.1321               31.25             39.3821
                  80                 110                   0             8.48722             30.1136             38.6009
                  80                 120                   0             10.8132             23.2955             34.1087
                  80                 130                   0             12.5888             19.8864             32.4751
                  80                 140                   0             14.1335             19.8864             34.0199
                  80                 150                   0             14.4176             19.3182             33.7358
                  80                 160                   0             14.7195             19.3182             34.0376
                  80                 170                   0             15.1456             18.1818             33.3274
                  80                 180                   0             15.8203             18.1818             34.0021
                  80                 190                   0             16.2109             16.4773             32.6882
                  80                 200                   0             17.4716             16.4773             33.9489
                  80                 210                   0               17.88             16.4773             34.3572
                  80                 220                   0             18.5902             16.4773             35.0675
                  80                 230                   0             19.4247             16.4773              35.902
                  80                 240                   0             19.9929             15.9091              35.902
                  80                 250                   0              20.419             13.0682             33.4872
                  80                 260                   0             21.0582             13.0682             34.1264
                  80                 270                   0             22.2479             13.0682             35.3161
                  80                 280                   0              23.473             13.0682             36.5412
                  80                 290                   0             24.2543             13.0682             37.3224
                  80                 300                   0             24.6271             13.0682             37.6953
                  80                 310                   0             25.7812             13.0682             38.8494
                  80                 320                   0             27.9652             13.0682             41.0334
                  80                 330                   0             29.2614             11.3636              40.625
                  80                 340                   0             31.2678             11.3636             42.6314
                  80                 350                   0             32.0845             11.3636             43.4482
                  80                 360                   0             32.6349             11.3636             43.9986
                  80                 370                   0             35.6889             9.65909              45.348
                  80                 380                   0             36.7365             9.65909             46.3956
                  80                 390                   0             38.1747             9.65909             47.8338
                  80                 400                   0             39.2578             9.65909             48.9169
                  80                 410                   0             40.7315             9.09091             49.8224
                  80                 420                   0             41.3885             8.52273             49.9112
                  80                 430                   0             42.4538             8.52273             50.9766
                  80                 440                   0             44.5845             7.38636             51.9709
                  80                 450                   0             45.5611             7.38636             52.9474
                  80                 460                   0             47.7628             7.38636             55.1491
                  80                 470                   0             51.5092             5.11364             56.6229
                  80                 480                   0             53.7109             4.54545             58.2564
                  80                 490                   0               57.12             3.97727             61.0973
                  80                 500                   0             59.2685             3.97727             63.2457
                  80                 510                   0             60.6712             3.97727             64.6484
                  80                 520                   0             61.4702             3.97727             65.4474
                  80                 530                   0              62.358             3.40909              65.767
                  80                 540                   0             63.6541             2.84091              66.495
                  80                 550                   0             64.7372             2.84091             67.5781
                  80                 560                   0             65.3764             2.84091             68.2173
                  80                 570                   0             66.1044             2.84091             68.9453
                  80                 580                   0             68.2173             2.27273             70.4901
                  80                 590                   0             68.6257             2.27273             70.8984
                  80                 600                   0             69.5135             2.27273             71.7862
                  80                 610                   0             69.7976             2.27273             72.0703
                  80                 620                   0             70.5788             2.27273             72.8516
                  80                 630                   0              71.218             2.27273             73.4908
                  80                 640                   0             71.7507             2.27273             74.0234
                  80                 650                   0             72.1413             2.27273             74.4141
                  80                 660                   0             73.9169             2.27273             76.1896
                  80                 670                   0             75.7457             2.27273             78.0185
                  80                 680                   0             76.7401             2.27273             79.0128
                  80                 690                   0             76.9886             2.27273             79.2614
                  80                 700                   0             78.0717             2.27273             80.3445
                  80                 710                   0             79.1903             2.27273             81.4631
                  80                 720                   0             81.0902             2.27273             83.3629
                  80                 730                   0               80.38             2.27273             82.6527
                  80                 740                   0             81.8004             2.27273             84.0732
                  80                 750                   0             82.2443             2.27273              84.517
                  80                 760                   0             82.3331             2.27273             84.6058
                  80                 770                   0             82.4041             2.27273             84.6768
                  80                 780                   0             82.4751             2.27273             84.7479
                  80                 790                   0             82.5639             2.27273             84.8366
                  80                 800                   0             79.7763             6.81818             86.5945
                  80                 810                   0             80.9659             6.81818             87.7841
                  80                 820                   0             81.1967             6.81818             88.0149
                  80                 830                   0             83.6825             6.81818             90.5007
                  80                 840                   0             83.7536             6.81818             90.5717
                  80                 850                   0             83.8246             6.81818             90.6428
                  80                 860                   0             83.8423             6.81818             90.6605
                  80                 870                   0             83.8778             6.81818              90.696
                  80                 880                   0             83.9311             6.81818             90.7493
                  80                 890                   0             84.0732             6.81818             90.8913
                  80                 900                   0              84.517             6.81818             91.3352
                  80                 910                   0              84.517             6.81818             91.3352
                  80                 920                   0             84.6591             6.81818             91.4773
                  80                 930                   0             84.6591             6.81818             91.4773
                  80                 940                   0             84.6768             6.81818              91.495
                  80                 950                   0             84.9077             6.81818             91.7259
                  80                 960                   0             84.9077             6.81818             91.7259
                  80                 970                   0             84.9787             6.81818             91.7969
                  80                 980                   0             85.0675             6.81818             91.8857
                  80                 990                   0             85.0675             6.81818             91.8857
                  80                1000                   0             85.1918             6.81818             92.0099
