                  10                   0                   0                   0             97.7273             97.7273
                  10                  10                   0                   0             97.7273             97.7273
                  10                  20                   0                   0             97.7273             97.7273
                  10                  30                   0                   0             97.1591             97.1591
                  10                  40                   0                   0             94.3182             94.3182
                  10                  50                   0                   0             94.3182             94.3182
                  10                  60                   0                   0               93.75               93.75
                  10                  70                   0                   0             94.8864             94.8864
                  10                  80                   0                   0             92.0455             92.0455
                  10                  90                   0                   0             86.3636             86.3636
                  10                 100                   0                   0             85.7955             85.7955
                  10                 110                   0                   0             80.6818             80.6818
                  10                 120                   0                   0             77.2727             77.2727
                  10                 130                   0                   0             74.4318             74.4318
                  10                 140                   0                   0             67.0455             67.0455
                  10                 150                   0                   0             61.3636             61.3636
                  10                 160                   0             0.12429             53.4091             53.5334
                  10                 170                   0             0.12429             47.7273             47.8516
                  10                 180                   0            0.142045             43.1818             43.3239
                  10                 190                   0            0.266335             40.9091             41.1754
                  10                 200                   0            0.213068             40.9091             41.1222
                  10                 210                   0            0.230824             35.7955             36.0263
                  10                 220                   0            0.337358             32.9545             33.2919
                  10                 230                   0            0.355114             30.1136             30.4688
                  10                 240                   0            0.550426             28.9773             29.5277
                  10                 250                   0             0.53267             26.1364              26.669
                  10                 260                   0            0.674716             25.5682             26.2429
                  10                 270                   0             1.75781             26.7045             28.4624
                  10                 280                   0             2.05966             24.4318             26.4915
                  10                 290                   0             2.36151             28.4091             30.7706
                  10                 300                   0             2.39702             27.2727             29.6697
                  10                 310                   0             2.69886             23.8636             26.5625
                  10                 320                   0             3.03622             19.8864             22.9226
                  10                 330                   0             2.91193             19.3182             22.2301
                  10                 340                   0             3.05398             16.4773             19.5312
                  10                 350                   0             3.37358             16.4773             19.8509
                  10                 360                   0             3.62216             15.3409             18.9631
                  10                 370                   0             3.92401             17.0455             20.9695
                  10                 380                   0             4.19034             18.1818             22.3722
                  10                 390                   0             4.24361             17.6136             21.8572
                  10                 400                   0             4.47443             14.2045              18.679
                  10                 410                   0             4.58097             13.6364             18.2173
                  10                 420                   0              5.1669             16.4773             21.6442
                  10                 430                   0             5.20241             16.4773             21.6797
                  10                 440                   0             5.69957             13.6364             19.3359
                  10                 450                   0             6.16122             11.9318              18.093
                  10                 460                   0             7.26207             15.3409              22.603
                  10                 470                   0             6.74716             10.2273             16.9744
                  10                 480                   0             7.24432             10.2273             17.4716
                  10                 490                   0             7.77699             14.2045             21.9815
                  10                 500                   0             7.90128             13.6364             21.5376
                  10                 510                   0             8.25639             13.6364             21.8928
                  10                 520                   0             8.61151             13.6364             22.2479
                  10                 530                   0             9.71236             16.4773             26.1896
                  10                 540                   0             10.2273             16.4773             26.7045
                  10                 550                   0             10.4403             15.9091             26.3494
                  10                 560                   0             11.3459             22.1591              33.505
                  10                 570                   0             12.4645             18.1818             30.6463
                  10                 580                   0             12.4467             16.4773              28.924
                  10                 590                   0             12.5533             16.4773             29.0305
                  10                 600                   0             14.5597             15.3409             29.9006
                  10                 610                   0             14.7905             13.0682             27.8587
                  10                 620                   0             15.5007                12.5             28.0007
                  10                 630                   0             15.9268                12.5             28.4268
                  10                 640                   0             16.2464                12.5             28.7464
                  10                 650                   0             17.0277             14.7727             31.8004
                  10                 660                   0             17.2053             14.7727              31.978
                  10                 670                   0             14.5952             14.7727             29.3679
                  10                 680                   0             15.1634             14.7727             29.9361
                  10                 690                   0             17.2053             14.2045             31.4098
                  10                 700                   0             17.4361             14.2045             31.6406
                  10                 710                   0             17.5781             14.2045             31.7827
                  10                 720                   0             18.1641             9.09091              27.255
                  10                 730                   0             20.2237             9.09091             29.3146
                  10                 740                   0             20.5611             9.09091              29.652
                  10                 750                   0             20.5788             9.09091             29.6697
                  10                 760                   0              21.875             13.6364             35.5114
                  10                 770                   0             22.1768             13.6364             35.8132
                  10                 780                   0             23.0646             13.6364              36.701
                  10                 790                   0             23.1001             13.6364             36.7365
                  10                 800                   0             24.6449             13.6364             38.2812
                  10                 810                   0             25.4972             13.6364             39.1335
                  10                 820                   0             24.7692             15.9091             40.6783
                  10                 830                   0             24.7159             15.9091              40.625
                  10                 840                   0             24.9645             15.9091             40.8736
                  10                 850                   0             25.0888             15.9091             40.9979
                  10                 860                   0             26.2784             15.9091             42.1875
                  10                 870                   0             26.8821             15.9091             42.7912
                  10                 880                   0             25.8168             15.3409             41.1577
                  10                 890                   0             29.6697             14.2045             43.8743
                  10                 900                   0              30.522             13.6364             44.1584
                  10                 910                   0              30.522             13.6364             44.1584
                  10                 920                   0              32.049             13.6364             45.6854
                  10                 930                   0             34.1264             13.6364             47.7628
                  10                 940                   0             34.2507             13.6364             47.8871
                  10                 950                   0             35.4048             13.0682              48.473
                  10                 960                   0             37.9439             13.6364             51.5803
                  10                 970                   0             39.0092             13.6364             52.6456
                  10                 980                   0             38.1925             17.6136             55.8061
                  10                 990                   0             39.2756             17.6136             56.8892
                  10                1000                   0             39.3821             17.6136             56.9957
