                 100                   0                   0             6.87145             32.3864             39.2578
                 100                  10                   0             7.26207             32.9545             40.2166
                 100                  20                   0             7.88352             35.2273             43.1108
                 100                  30                   0              8.7358             33.5227             42.2585
                 100                  40                   0             8.80682             33.5227             42.3295
                 100                  50                   0             9.26847             31.8182             41.0866
                 100                  60                   0             10.2095             28.4091             38.6186
                 100                  70                   0             10.7599             26.7045             37.4645
                 100                  80                   0             11.1861             23.2955             34.4815
                 100                  90                   0             13.8849             23.8636             37.7486
                 100                 100                   0             14.1335             23.2955              37.429
                 100                 110                   0             15.2166             23.2955             38.5121
                 100                 120                   0             15.8736             24.4318             40.3054
                 100                 130                   0             16.8857               18.75             35.6357
                 100                 140                   0             17.3295             18.1818             35.5114
                 100                 150                   0             18.2173             17.6136              35.831
                 100                 160                   0             18.9986             17.6136             36.6122
                 100                 170                   0             19.7798             16.4773             36.2571
                 100                 180                   0             20.5256             16.4773             37.0028
                 100                 190                   0             21.2003             15.9091             37.1094
                 100                 200                   0             22.6207             15.9091             38.5298
                 100                 210                   0             25.2663             15.9091             41.1754
                 100                 220                   0             26.2429             15.3409             41.5838
                 100                 230                   0             27.8232             15.3409             43.1641
                 100                 240                   0             30.2557             13.6364              43.892
                 100                 250                   0             32.4929             13.6364             46.1293
                 100                 260                   0             34.5526             13.6364             48.1889
                 100                 270                   0             35.4936             13.6364               49.13
                 100                 280                   0             36.5234             13.6364             50.1598
                 100                 290                   0             37.9439             13.6364             51.5803
                 100                 300                   0             38.7251             13.0682             51.7933
                 100                 310                   0             39.6484             11.3636             51.0121
                 100                 320                   0             43.2173             9.65909             52.8764
                 100                 330                   0             45.1349             9.65909              54.794
                 100                 340                   0             46.7507             9.65909             56.4098
                 100                 350                   0             48.8814             9.65909             58.5405
                 100                 360                   0             51.0653             9.65909             60.7244
                 100                 370                   0             51.9531             9.09091              61.044
                 100                 380                   0             52.8054             8.52273             61.3281
                 100                 390                   0             54.1193             8.52273              62.642
                 100                 400                   0             55.8949             8.52273             64.4176
                 100                 410                   0             56.7827             9.09091             65.8736
                 100                 420                   0             58.2919             7.95455             66.2464
                 100                 430                   0             58.8246             7.38636             66.2109
                 100                 440                   0             60.4759             7.38636             67.8622
                 100                 450                   0             61.5412             6.81818             68.3594
                 100                 460                   0             62.2159                6.25             68.4659
                 100                 470                   0             67.2585             3.97727             71.2358
                 100                 480                   0             68.3771             3.97727             72.3544
                 100                 490                   0             69.3537             3.97727              73.331
                 100                 500                   0             69.7798             3.97727             73.7571
                 100                 510                   0             71.3956             2.84091             74.2365
                 100                 520                   0              72.532             2.27273             74.8047
                 100                 530                   0             74.3075             3.40909             77.7166
                 100                 540                   0              75.142             3.40909             78.5511
                 100                 550                   0             75.4084             3.40909             78.8175
                 100                 560                   0             75.3551             3.40909             78.7642
                 100                 570                   0             75.6037             3.40909             79.0128
                 100                 580                   0             76.1186             3.40909             79.5277
                 100                 590                   0             76.6158             3.40909             80.0249
                 100                 600                   0              78.782             1.70455             80.4865
                 100                 610                   0             79.9716             1.70455             81.6761
                 100                 620                   0             80.5575             1.70455             82.2621
                 100                 630                   0             83.0256             1.70455             84.7301
                 100                 640                   0             84.1619             1.70455             85.8665
                 100                 650                   0             84.8189             1.70455             86.5234
                 100                 660                   0             85.1385             1.70455              86.843
                 100                 670                   0             85.2805             1.70455             86.9851
                 100                 680                   0             85.6001             1.70455             87.3047
                 100                 690                   0             82.8303                6.25             89.0803
                 100                 700                   0             81.9602                6.25             88.2102
                 100                 710                   0             83.9666                6.25             90.2166
                 100                 720                   0             84.0732                6.25             90.3232
                 100                 730                   0             84.1619                6.25             90.4119
                 100                 740                   0             84.3217                6.25             90.5717
                 100                 750                   0             84.4993                6.25             90.7493
                 100                 760                   0             84.5526                6.25             90.8026
                 100                 770                   0             84.6413                6.25             90.8913
                 100                 780                   0             84.7656                6.25             91.0156
                 100                 790                   0             84.9077                6.25             91.1577
                 100                 800                   0             84.9432                6.25             91.1932
                 100                 810                   0             85.2983                6.25             91.5483
                 100                 820                   0             87.5888                6.25             93.8388
                 100                 830                   0             87.6598                6.25             93.9098
                 100                 840                   0             87.6598                6.25             93.9098
                 100                 850                   0             87.6598                6.25             93.9098
                 100                 860                   0             87.6776                6.25             93.9276
                 100                 870                   0             87.6776                6.25             93.9276
                 100                 880                   0             87.7308                6.25             93.9808
                 100                 890                   0             87.7486                6.25             93.9986
                 100                 900                   0             87.7663                6.25             94.0163
                 100                 910                   0             87.7663                6.25             94.0163
                 100                 920                   0             87.8196                6.25             94.0696
                 100                 930                   0             87.8374                6.25             94.0874
                 100                 940                   0             88.1214                6.25             94.3714
                 100                 950                   0             88.2635                6.25             94.5135
                 100                 960                   0             88.2635                6.25             94.5135
                 100                 970                   0             88.7429             5.68182             94.4247
                 100                 980                   0             88.7962             5.68182              94.478
                 100                 990                   0             88.8139             5.68182             94.4957
                 100                1000                   0             88.8139             5.68182             94.4957
