                   0                   0                   0                   0                 100                 100
                   0                  10                   0                   0                 100                 100
                   0                  20                   0                   0                 100                 100
                   0                  30                   0                   0                 100                 100
                   0                  40                   0                   0                 100                 100
                   0                  50                   0                   0                 100                 100
                   0                  60                   0                   0                 100                 100
                   0                  70                   0                   0                 100                 100
                   0                  80                   0                   0                 100                 100
                   0                  90                   0                   0                 100                 100
                   0                 100                   0                   0                 100                 100
                   0                 110                   0                   0                 100                 100
                   0                 120                   0                   0                 100                 100
                   0                 130                   0                   0                 100                 100
                   0                 140                   0                   0             99.4318             99.4318
                   0                 150                   0                   0             99.4318             99.4318
                   0                 160                   0                   0             98.8636             98.8636
                   0                 170                   0                   0             98.8636             98.8636
                   0                 180                   0                   0             97.7273             97.7273
                   0                 190                   0                   0             97.1591             97.1591
                   0                 200                   0                   0             93.1818             93.1818
                   0                 210                   0             0.12429             85.2273             85.3516
                   0                 220                   0            0.106534             78.4091             78.5156
                   0                 230                   0            0.106534             69.8864             69.9929
                   0                 240                   0            0.106534             63.6364             63.7429
                   0                 250                   0            0.443892             54.5455             54.9893
                   0                 260                   0            0.479403             52.8409             53.3203
                   0                 270                   0            0.550426             51.1364             51.6868
                   0                 280                   0            0.603693             49.4318             50.0355
                   0                 290                   0            0.727983             45.4545             46.1825
                   0                 300                   0            0.941051             42.6136             43.5547
                   0                 310                   0            0.994318                37.5             38.4943
                   0                 320                   0             1.10085             34.6591             35.7599
                   0                 330                   0              1.5625             38.6364             40.1989
                   0                 340                   0             1.61577             35.2273              36.843
                   0                 350                   0             1.66903             35.2273             36.8963
                   0                 360                   0              1.8821                37.5             39.3821
                   0                 370                   0             1.89986             35.7955             37.6953
                   0                 380                   0             1.95312             32.9545             34.9077
                   0                 390                   0             2.00639             32.9545             34.9609
                   0                 400                   0             2.02415             29.5455             31.5696
                   0                 410                   0              2.0419             27.8409             29.8828
                   0                 420                   0             2.05966             27.2727             29.3324
                   0                 430                   0             2.32599             26.1364             28.4624
                   0                 440                   0             2.34375             26.1364             28.4801
                   0                 450                   0             2.34375             21.0227             23.3665
                   0                 460                   0             2.73438             19.8864             22.6207
                   0                 470                   0             2.91193               18.75             21.6619
                   0                 480                   0             2.82315             17.6136             20.4368
                   0                 490                   0             3.08949             16.4773             19.5668
                   0                 500                   0             3.37358             15.3409             18.7145
                   0                 510                   0             3.55114             15.3409              18.892
                   0                 520                   0             3.74645             14.2045              17.951
                   0                 530                   0             3.81747             14.2045              18.022
                   0                 540                   0             4.03054             11.9318             15.9624
                   0                 550                   0             4.11932             11.9318             16.0511
                   0                 560                   0             5.37997             14.2045             19.5845
                   0                 570                   0             5.41548             14.7727             20.1882
                   0                 580                   0             5.82386             14.2045             20.0284
                   0                 590                   0             5.85938             13.6364             19.4957
                   0                 600                   0             8.22088             15.3409             23.5618
                   0                 610                   0             8.36293             15.3409             23.7038
                   0                 620                   0             8.87784             14.2045             23.0824
                   0                 630                   0             8.84233             21.5909             30.4332
                   0                 640                   0             9.17969             21.0227             30.2024
                   0                 650                   0             9.23295             20.4545             29.6875
                   0                 660                   0             9.28622             19.3182             28.6044
                   0                 670                   0             9.39276             19.3182             28.7109
                   0                 680                   0             9.42827               18.75             28.1783
                   0                 690                   0             10.3161             14.2045             24.5206
                   0                 700                   0             10.4759             14.2045             24.6804
                   0                 710                   0             10.8842             11.9318             22.8161
                   0                 720                   0             11.0263             11.9318             22.9581
                   0                 730                   0             11.2038             11.9318             23.1357
                   0                 740                   0             12.7486             17.6136             30.3622
                   0                 750                   0             13.3878             17.0455             30.4332
                   0                 760                   0             13.5476             17.0455              30.593
                   0                 770                   0             13.6009             17.0455             30.6463
                   0                 780                   0             14.1158             17.0455             31.1612
                   0                 790                   0              15.696             10.2273             25.9233
                   0                 800                   0             17.1875             14.2045              31.392
                   0                 810                   0             18.0398             14.2045             32.2443
                   0                 820                   0             18.0398             14.2045             32.2443
                   0                 830                   0             18.4659             14.2045             32.6705
                   0                 840                   0             19.5845             14.2045             33.7891
                   0                 850                   0             20.0817             14.2045             34.2862
                   0                 860                   0             21.2536             14.2045             35.4581
                   0                 870                   0             22.8338             14.2045             37.0384
                   0                 880                   0             23.3665             14.2045              37.571
                   0                 890                   0              23.402             14.2045             37.6065
                   0                 900                   0             23.4375             14.2045              37.642
                   0                 910                   0              23.544             14.2045             37.7486
                   0                 920                   0             23.6328             13.0682              36.701
                   0                 930                   0             23.8104             13.0682             36.8786
                   0                 940                   0             24.1477             13.0682             37.2159
                   0                 950                   0             24.6626             13.0682             37.7308
                   0                 960                   0             26.0476             13.0682             39.1158
                   0                 970                   0             28.4091             13.6364             42.0455
                   0                 980                   0              28.853             13.6364             42.4893
                   0                 990                   0             29.5632             13.6364             43.1996
                   0                1000                   0             29.8118             13.6364             43.4482
