                  55                   0                   0             81.0902                12.5
                  55                  10                   0             83.1676             11.9318
                  55                  20                   0             83.6115             11.9318
                  55                  30                   0             83.9666             11.9318
                  55                  40                   0             84.1797             11.9318
                  55                  50                   0             84.3395             11.9318
                  55                  60                   0             84.5526             11.9318
                  55                  70                   0             84.7834             11.9318
                  55                  80                   0             85.0142             11.9318
                  55                  90                   0             85.0852             11.9318
                  55                 100                   0             85.3516             11.9318
                  55                 110                   0             85.6712             11.9318
                  55                 120                   0             85.8487             11.3636
                  55                 130                   0             86.4347             9.65909
                  55                 140                   0             86.7898             9.09091
                  55                 150                   0             87.4822             7.38636
                  55                 160                   0             88.2457             6.81818
                  55                 170                   0             89.6129                6.25
                  55                 180                   0             90.4474             5.11364
                  55                 190                   0             90.9979             3.40909
                  55                 200                   0             91.6548             3.40909
                  55                 210                   0             92.1875             3.40909
                  55                 220                   0              92.951             3.40909
                  55                 230                   0             93.1108             3.40909
                  55                 240                   0             93.9098             3.40909
                  55                 250                   0             94.1584             3.40909
                  55                 260                   0             94.3537             3.40909
                  55                 270                   0             94.4957             3.40909
                  55                 280                   0             94.8153             3.40909
                  55                 290                   0             94.8153             3.40909
                  55                 300                   0             94.8686             3.40909
                  55                 310                   0             95.0639             3.40909
                  55                 320                   0             95.0994             3.40909
                  55                 330                   0             95.1349             2.84091
                  55                 340                   0             95.1349             2.84091
                  55                 350                   0             95.1349             2.84091
                  55                 360                   0             95.1349             2.84091
                  55                 370                   0             95.2947             2.84091
                  55                 380                   0             95.2947             2.84091
                  55                 390                   0             95.2947             2.84091
                  55                 400                   0             95.2947             2.84091
                  55                 410                   0             95.3835             2.27273
                  55                 420                   0             95.3835             2.27273
                  55                 430                   0             95.3835             2.27273
                  55                 440                   0             95.3835             2.27273
                  55                 450                   0             95.6499             2.27273
                  55                 460                   0             95.7741             2.27273
                  55                 470                   0             95.8097             2.27273
                  55                 480                   0             95.8097             2.27273
                  55                 490                   0             95.8274             2.27273
                  55                 500                   0             95.8274             2.27273
                  55                 510                   0             95.8629             2.27273
                  55                 520                   0             95.8984             2.27273
                  55                 530                   0             95.9339             2.27273
                  55                 540                   0             96.4134             2.27273
                  55                 550                   0             96.4134             2.27273
                  55                 560                   0             96.4134             2.27273
                  55                 570                   0             96.4134             2.27273
                  55                 580                   0             96.4134             2.27273
                  55                 590                   0             96.4134             2.27273
                  55                 600                   0             96.4134             2.27273
                  55                 610                   0             96.4134             2.27273
                  55                 620                   0             96.4134             2.27273
                  55                 630                   0             96.4134             2.27273
                  55                 640                   0             96.5909             2.27273
                  55                 650                   0             96.5909             2.27273
                  55                 660                   0             96.5909             2.27273
                  55                 670                   0             96.5909             2.27273
                  55                 680                   0             96.5909             2.27273
                  55                 690                   0             96.5909             2.27273
                  55                 700                   0             96.5909             2.27273
                  55                 710                   0             96.5909             2.27273
                  55                 720                   0             96.5909             2.27273
                  55                 730                   0             96.5909             2.27273
                  55                 740                   0             96.5909             2.27273
                  55                 750                   0             96.5909             2.27273
                  55                 760                   0             96.5909             2.27273
                  55                 770                   0             96.5909             2.27273
                  55                 780                   0             96.5909             2.27273
                  55                 790                   0             96.5909             2.27273
                  55                 800                   0             96.5909             2.27273
                  55                 810                   0             96.5909             2.27273
                  55                 820                   0             96.5909             2.27273
                  55                 830                   0             96.5909             2.27273
                  55                 840                   0             96.5909             2.27273
                  55                 850                   0             96.5909             2.27273
                  55                 860                   0             96.5909             2.27273
                  55                 870                   0             96.5909             2.27273
                  55                 880                   0             96.5909             2.27273
                  55                 890                   0             96.5909             2.27273
                  55                 900                   0             96.5909             2.27273
                  55                 910                   0             96.5909             2.27273
                  55                 920                   0             96.5909             2.27273
                  55                 930                   0             96.5909             2.27273
                  55                 940                   0             96.5909             2.27273
                  55                 950                   0             96.5909             2.27273
                  55                 960                   0             96.5909             2.27273
                  55                 970                   0             96.5909             2.27273
                  55                 980                   0             96.5909             2.27273
                  55                 990                   0             96.5909             2.27273
                  55                1000                   0             96.5909             2.27273
