                  10                   0                   0             42.9155             32.9545
                  10                  10                   0             45.1349             30.1136
                  10                  20                   0             46.1825             28.9773
                  10                  30                   0             47.1058             28.9773
                  10                  40                   0             48.0291             28.4091
                  10                  50                   0             48.9347             27.8409
                  10                  60                   0             49.1122             30.6818
                  10                  70                   0             49.9645             28.9773
                  10                  80                   0             50.8523             28.9773
                  10                  90                   0             51.8643             27.2727
                  10                 100                   0             52.8587             26.7045
                  10                 110                   0             53.8885             25.5682
                  10                 120                   0             54.7585                  25
                  10                 130                   0             55.8416             24.4318
                  10                 140                   0             56.5518             23.2955
                  10                 150                   0             57.4574             23.2955
                  10                 160                   0             58.0966             23.2955
                  10                 170                   0             58.8778             23.2955
                  10                 180                   0             59.6946             23.2955
                  10                 190                   0             60.5114             22.1591
                  10                 200                   0             61.2216             19.3182
                  10                 210                   0             62.2514               18.75
                  10                 220                   0             63.3878               18.75
                  10                 230                   0             64.2223               18.75
                  10                 240                   0             64.8615               18.75
                  10                 250                   0             65.6428               18.75
                  10                 260                   0             67.4716               18.75
                  10                 270                   0             68.3416               18.75
                  10                 280                   0             69.1406               18.75
                  10                 290                   0             70.2415               18.75
                  10                 300                   0             70.4901               18.75
                  10                 310                   0             71.5909               18.75
                  10                 320                   0             72.2124               18.75
                  10                 330                   0             72.6207             18.1818
                  10                 340                   0             73.1001             18.1818
                  10                 350                   0             73.2955             18.1818
                  10                 360                   0             73.6506             18.1818
                  10                 370                   0             74.0589             17.0455
                  10                 380                   0             74.2365             17.0455
                  10                 390                   0             74.6626             16.4773
                  10                 400                   0             74.8757             16.4773
                  10                 410                   0             75.2486             15.9091
                  10                 420                   0             75.4616             14.2045
                  10                 430                   0             76.8643             14.2045
                  10                 440                   0             78.3381             14.2045
                  10                 450                   0             78.7109             14.2045
                  10                 460                   0              78.924             14.2045
                  10                 470                   0             79.6875             14.2045
                  10                 480                   0              81.392             14.2045
                  10                 490                   0               82.12             14.2045
                  10                 500                   0             82.4396             14.2045
                  10                 510                   0             82.8835             14.2045
                  10                 520                   0             83.3629             13.6364
                  10                 530                   0             83.7003             13.6364
                  10                 540                   0             83.9134             13.6364
                  10                 550                   0             84.0554             13.6364
                  10                 560                   0              84.233             13.6364
                  10                 570                   0             84.2507             13.6364
                  10                 580                   0             84.3217             13.6364
                  10                 590                   0             84.3395             13.6364
                  10                 600                   0             84.5348             13.6364
                  10                 610                   0             84.7656             13.6364
                  10                 620                   0             84.7656             13.6364
                  10                 630                   0             84.8011             13.6364
                  10                 640                   0             84.8011             13.6364
                  10                 650                   0             84.9254             13.0682
                  10                 660                   0             85.0142             13.0682
                  10                 670                   0             87.8018             5.68182
                  10                 680                   0             87.8374             5.68182
                  10                 690                   0             88.0859             5.68182
                  10                 700                   0              88.228             5.68182
                  10                 710                   0             88.3345             5.68182
                  10                 720                   0             88.4411             5.68182
                  10                 730                   0             88.5831             5.68182
                  10                 740                   0             88.6364             5.68182
                  10                 750                   0             88.7251             5.68182
                  10                 760                   0             88.7429             5.68182
                  10                 770                   0             88.8672             5.68182
                  10                 780                   0             88.9205             5.11364
                  10                 790                   0             89.0092             5.11364
                  10                 800                   0             89.0447             5.11364
                  10                 810                   0             89.1335             5.11364
                  10                 820                   0              89.169             5.11364
                  10                 830                   0             89.1868             5.11364
                  10                 840                   0             89.3111             5.11364
                  10                 850                   0             89.5241             5.11364
                  10                 860                   0             89.5952             5.11364
                  10                 870                   0             89.5952             5.11364
                  10                 880                   0             89.7905             5.11364
                  10                 890                   0             89.7905             5.11364
                  10                 900                   0             89.8082             5.11364
                  10                 910                   0             91.6371             3.40909
                  10                 920                   0             91.6548             3.40909
                  10                 930                   0             92.0277             3.40909
                  10                 940                   0             92.0455             3.40909
                  10                 950                   0             92.0455             3.40909
                  10                 960                   0             92.0632             3.40909
                  10                 970                   0             92.0632             3.40909
                  10                 980                   0              92.081             3.40909
                  10                 990                   0              92.081             3.40909
                  10                1000                   0             92.1165             3.40909
