                  85                   0                   0              85.902             11.9318
                  85                  10                   0             94.1406             2.27273
                  85                  20                   0             94.1584             2.27273
                  85                  30                   0             94.1761             2.27273
                  85                  40                   0             94.2472             2.27273
                  85                  50                   0             94.2649             2.27273
                  85                  60                   0             94.2827             2.27273
                  85                  70                   0             94.3359             2.27273
                  85                  80                   0             94.4957             2.27273
                  85                  90                   0             94.5668             2.27273
                  85                 100                   0             94.6911             2.27273
                  85                 110                   0             94.7443             2.27273
                  85                 120                   0             95.0639             2.27273
                  85                 130                   0             95.3125             2.27273
                  85                 140                   0             95.7564             2.27273
                  85                 150                   0             95.8097             2.27273
                  85                 160                   0             95.8452             2.27273
                  85                 170                   0             95.8807             2.27273
                  85                 180                   0             95.9162             2.27273
                  85                 190                   0              96.076             2.27273
                  85                 200                   0             96.1293             2.27273
                  85                 210                   0             96.2536             2.27273
                  85                 220                   0             96.2536             2.27273
                  85                 230                   0             96.3068             2.27273
                  85                 240                   0             96.3068             2.27273
                  85                 250                   0             96.3068             2.27273
                  85                 260                   0             96.3068             2.27273
                  85                 270                   0             96.9638             2.27273
                  85                 280                   0             96.9638             2.27273
                  85                 290                   0             96.9638             2.27273
                  85                 300                   0             96.9638             2.27273
                  85                 310                   0             97.9226             2.27273
                  85                 320                   0             97.9581             2.27273
                  85                 330                   0             97.9759             2.27273
                  85                 340                   0             97.9759             2.27273
                  85                 350                   0             97.9759             2.27273
                  85                 360                   0             97.9759             2.27273
                  85                 370                   0             97.9759             2.27273
                  85                 380                   0             97.9759             2.27273
                  85                 390                   0             97.9759             2.27273
                  85                 400                   0             97.9759             2.27273
                  85                 410                   0             97.9759             2.27273
                  85                 420                   0             97.9759             2.27273
                  85                 430                   0             97.9759             2.27273
                  85                 440                   0             97.9759             2.27273
                  85                 450                   0             97.9759             2.27273
                  85                 460                   0             97.9759             2.27273
                  85                 470                   0             97.9759             2.27273
                  85                 480                   0             97.9759             2.27273
                  85                 490                   0             97.9936             2.27273
                  85                 500                   0             97.9936             2.27273
                  85                 510                   0             97.9936             2.27273
                  85                 520                   0             97.9936             2.27273
                  85                 530                   0             97.9936             2.27273
                  85                 540                   0             97.9936             2.27273
                  85                 550                   0             98.6683             2.27273
                  85                 560                   0             98.6683             2.27273
                  85                 570                   0             98.6683             2.27273
                  85                 580                   0             98.6683             2.27273
                  85                 590                   0             98.6683             2.27273
                  85                 600                   0             98.6683             2.27273
                  85                 610                   0             98.6683             2.27273
                  85                 620                   0             98.6683             2.27273
                  85                 630                   0             98.6683             2.27273
                  85                 640                   0             98.6683             2.27273
                  85                 650                   0             98.6683             2.27273
                  85                 660                   0             98.6683             2.27273
                  85                 670                   0             98.6683             2.27273
                  85                 680                   0             98.6683             2.27273
                  85                 690                   0             98.6683             2.27273
                  85                 700                   0             98.6683             2.27273
                  85                 710                   0             98.6683             2.27273
                  85                 720                   0             98.6683             2.27273
                  85                 730                   0             98.6683             2.27273
                  85                 740                   0             98.6683             2.27273
                  85                 750                   0             98.6683             2.27273
                  85                 760                   0             98.6683             2.27273
                  85                 770                   0             98.6683             2.27273
                  85                 780                   0             98.6683             2.27273
                  85                 790                   0             98.6683             2.27273
                  85                 800                   0             98.6683             2.27273
                  85                 810                   0             98.6683             2.27273
                  85                 820                   0             98.6683             2.27273
                  85                 830                   0             98.6683             2.27273
                  85                 840                   0             98.6683             2.27273
                  85                 850                   0             98.6683             2.27273
                  85                 860                   0             98.6683             2.27273
                  85                 870                   0             98.6683             2.27273
                  85                 880                   0             98.6683             2.27273
                  85                 890                   0             98.6683             2.27273
                  85                 900                   0             98.6683             2.27273
                  85                 910                   0             98.6683             2.27273
                  85                 920                   0             98.6683             2.27273
                  85                 930                   0             98.6683             2.27273
                  85                 940                   0             98.6683             2.27273
                  85                 950                   0             98.6683             2.27273
                  85                 960                   0             98.6683             2.27273
                  85                 970                   0             98.6683             2.27273
                  85                 980                   0             98.6683             2.27273
                  85                 990                   0             98.6683             2.27273
                  85                1000                   0             98.6683             2.27273
