                   0                   0                   0                   0                 100
                   0                  10                   0            0.923295                 100
                   0                  20                   0            0.799006                 100
                   0                  30                   0            0.799006             99.4318
                   0                  40                   0            0.870028             99.4318
                   0                  50                   0            0.799006                 100
                   0                  60                   0            0.834517                 100
                   0                  70                   0            0.870028             99.4318
                   0                  80                   0             1.11861             98.8636
                   0                  90                   0             1.17188             99.4318
                   0                 100                   0             1.26065             96.5909
                   0                 110                   0             1.33168             96.5909
                   0                 120                   0             1.36719             96.5909
                   0                 130                   0              1.7223             97.7273
                   0                 140                   0             1.89986             97.1591
                   0                 150                   0             2.02415             97.1591
                   0                 160                   0             2.25497             96.0227
                   0                 170                   0             2.39702             95.4545
                   0                 180                   0             2.55682             91.4773
                   0                 190                   0             2.76989             90.9091
                   0                 200                   0             2.84091             90.3409
                   0                 210                   0             2.98295             90.3409
                   0                 220                   0             3.01847             90.3409
                   0                 230                   0             5.98366             86.9318
                   0                 240                   0             6.12571             86.3636
                   0                 250                   0             6.39205             86.3636
                   0                 260                   0             6.44531             85.7955
                   0                 270                   0             6.48082             85.2273
                   0                 280                   0             6.48082             84.6591
                   0                 290                   0             6.55185             84.0909
                   0                 300                   0             6.90696             84.0909
                   0                 310                   0             7.12003             83.5227
                   0                 320                   0             7.84801             83.5227
                   0                 330                   0             8.22088             83.5227
                   0                 340                   0             8.78906             82.9545
                   0                 350                   0             9.46378             81.8182
                   0                 360                   0             9.78338               81.25
                   0                 370                   0             10.2095               81.25
                   0                 380                   0             10.9553             78.4091
                   0                 390                   0             11.3104             76.7045
                   0                 400                   0             11.0795             74.4318
                   0                 410                   0              12.358             73.2955
                   0                 420                   0             9.94318             76.1364
                   0                 430                   0             9.76562             76.7045
                   0                 440                   0             10.7955                  75
                   0                 450                   0             11.5945             73.2955
                   0                 460                   0             11.7188             73.2955
                   0                 470                   0             12.2692             73.2955
                   0                 480                   0             13.5476             69.3182
                   0                 490                   0             15.1278             67.6136
                   0                 500                   0             16.3175             63.0682
                   0                 510                   0             16.7081             61.9318
                   0                 520                   0             17.9688             61.3636
                   0                 530                   0               18.75             59.6591
                   0                 540                   0             21.5732             57.3864
                   0                 550                   0             22.4609               56.25
                   0                 560                   0             25.1776             51.7045
                   0                 570                   0             25.5149             51.7045
                   0                 580                   0             27.6989             49.4318
                   0                 590                   0             28.6222             49.4318
                   0                 600                   0             29.2614             48.2955
                   0                 610                   0             30.1491             46.5909
                   0                 620                   0             31.3565             46.5909
                   0                 630                   0              32.848             45.4545
                   0                 640                   0             33.2564             45.4545
                   0                 650                   0             34.1974             44.3182
                   0                 660                   0             35.6001             42.6136
                   0                 670                   0             36.4524             42.0455
                   0                 680                   0             36.7898             42.0455
                   0                 690                   0             37.9972             42.0455
                   0                 700                   0             38.7251             41.4773
                   0                 710                   0             39.6662             40.9091
                   0                 720                   0             41.9389             40.9091
                   0                 730                   0             44.1761             40.9091
                   0                 740                   0             44.7443             40.9091
                   0                 750                   0             44.9574             40.9091
                   0                 760                   0             46.8395             40.9091
                   0                 770                   0             47.3899             40.9091
                   0                 780                   0             48.0646             40.9091
                   0                 790                   0             48.2955             40.9091
                   0                 800                   0             48.4908             40.9091
                   0                 810                   0             48.8104             40.9091
                   0                 820                   0             48.9347             40.9091
                   0                 830                   0             49.0234             40.9091
                   0                 840                   0             51.1364             38.6364
                   0                 850                   0              52.255             38.6364
                   0                 860                   0             52.4858             38.6364
                   0                 870                   0             52.8942             38.6364
                   0                 880                   0             53.0007             38.6364
                   0                 890                   0             53.0185             38.6364
                   0                 900                   0              53.054             38.6364
                   0                 910                   0             53.2138             38.6364
                   0                 920                   0             53.5334             38.6364
                   0                 930                   0             53.6222             38.6364
                   0                 940                   0             53.7642             38.6364
                   0                 950                   0             53.7642             38.6364
                   0                 960                   0             53.9773             38.6364
                   0                 970                   0             55.2202             36.3636
                   0                 980                   0             55.6108             36.3636
                   0                 990                   0             55.9304             36.3636
                   0                1000                   0              56.179             36.3636
