                  30                   0                   0             72.2479             17.0455
                  30                  10                   0              74.343             16.4773
                  30                  20                   0             74.6626             15.9091
                  30                  30                   0             75.1776             15.3409
                  30                  40                   0             75.7102             14.7727
                  30                  50                   0             76.0298             14.7727
                  30                  60                   0             76.4382             14.7727
                  30                  70                   0             77.0419             14.7727
                  30                  80                   0             77.4148             14.7727
                  30                  90                   0             78.1072             14.7727
                  30                 100                   0             78.4979             14.7727
                  30                 110                   0             78.7464             14.7727
                  30                 120                   0             78.9418             14.2045
                  30                 130                   0             79.0838             13.6364
                  30                 140                   0             79.2969             13.6364
                  30                 150                   0             79.4567             15.9091
                  30                 160                   0             79.5455             15.3409
                  30                 170                   0             79.8473             14.7727
                  30                 180                   0             80.1491             14.7727
                  30                 190                   0               80.38             14.7727
                  30                 200                   0             80.6286             14.2045
                  30                 210                   0             81.0724             13.6364
                  30                 220                   0             81.4453             13.6364
                  30                 230                   0             82.4929             13.0682
                  30                 240                   0             83.7891             8.52273
                  30                 250                   0             86.1861             7.95455
                  30                 260                   0             87.8018             4.54545
                  30                 270                   0             88.5121             3.40909
                  30                 280                   0              88.956             3.40909
                  30                 290                   0             89.2223             3.40909
                  30                 300                   0             89.3111             3.40909
                  30                 310                   0             89.4886             3.40909
                  30                 320                   0             90.2344             3.40909
                  30                 330                   0             91.3175             3.40909
                  30                 340                   0             92.1165             3.40909
                  30                 350                   0             93.1286             3.40909
                  30                 360                   0             93.1818             3.40909
                  30                 370                   0             93.4126             3.40909
                  30                 380                   0             93.6435             3.40909
                  30                 390                   0               93.75             3.40909
                  30                 400                   0             94.1761             3.40909
                  30                 410                   0             94.2294             3.40909
                  30                 420                   0             94.2827             2.84091
                  30                 430                   0             94.2827             2.84091
                  30                 440                   0             94.3182             2.84091
                  30                 450                   0             94.3182             2.84091
                  30                 460                   0             94.3537             2.84091
                  30                 470                   0             94.4247             2.84091
                  30                 480                   0             94.5312             2.84091
                  30                 490                   0             94.5845             2.84091
                  30                 500                   0             94.6911             2.84091
                  30                 510                   0             94.6911             2.84091
                  30                 520                   0             94.7088             2.84091
                  30                 530                   0             94.7266             2.84091
                  30                 540                   0             94.8864             2.27273
                  30                 550                   0             94.8864             2.27273
                  30                 560                   0             95.0107             2.27273
                  30                 570                   0             95.1527             2.27273
                  30                 580                   0             95.5078             2.27273
                  30                 590                   0             95.5966             2.27273
                  30                 600                   0             95.7919             2.27273
                  30                 610                   0             95.8274             2.27273
                  30                 620                   0             95.8629             2.27273
                  30                 630                   0             95.8984             2.27273
                  30                 640                   0             95.9339             2.27273
                  30                 650                   0             95.9339             2.27273
                  30                 660                   0             95.9517             2.27273
                  30                 670                   0             95.9517             2.27273
                  30                 680                   0             95.9517             2.27273
                  30                 690                   0             95.9517             2.27273
                  30                 700                   0             95.9872             2.27273
                  30                 710                   0             96.0405             2.27273
                  30                 720                   0             96.0405             2.27273
                  30                 730                   0             96.0405             2.27273
                  30                 740                   0             96.0405             2.27273
                  30                 750                   0             96.4134             2.27273
                  30                 760                   0             96.4134             2.27273
                  30                 770                   0             96.4134             2.27273
                  30                 780                   0             96.4134             2.27273
                  30                 790                   0             96.4134             2.27273
                  30                 800                   0             96.4134             2.27273
                  30                 810                   0             96.4134             2.27273
                  30                 820                   0             96.4134             2.27273
                  30                 830                   0             96.4134             2.27273
                  30                 840                   0             96.4134             2.27273
                  30                 850                   0             96.4134             2.27273
                  30                 860                   0             96.4134             2.27273
                  30                 870                   0             96.4134             2.27273
                  30                 880                   0             96.4134             2.27273
                  30                 890                   0             96.4134             2.27273
                  30                 900                   0             96.4134             2.27273
                  30                 910                   0             96.4134             2.27273
                  30                 920                   0             96.4134             2.27273
                  30                 930                   0             96.4134             2.27273
                  30                 940                   0             96.4134             2.27273
                  30                 950                   0             96.4134             2.27273
                  30                 960                   0             96.4134             2.27273
                  30                 970                   0             96.4134             2.27273
                  30                 980                   0             96.4134             2.27273
                  30                 990                   0             96.4134             2.27273
                  30                1000                   0             96.4134             2.27273
