                 100                   0                   0             90.2876             5.11364
                 100                  10                   0             94.3182             2.27273
                 100                  20                   0             94.3892             2.27273
                 100                  30                   0              94.478             2.27273
                 100                  40                   0              94.549             2.27273
                 100                  50                   0             94.6555             2.27273
                 100                  60                   0             94.6911             2.27273
                 100                  70                   0             94.9041             2.27273
                 100                  80                   0              95.277             2.27273
                 100                  90                   0             95.3303             2.27273
                 100                 100                   0             95.7031             2.27273
                 100                 110                   0             95.7919             2.27273
                 100                 120                   0             95.8807             2.27273
                 100                 130                   0             96.2358             2.27273
                 100                 140                   0             96.9638             2.27273
                 100                 150                   0             96.9638             2.27273
                 100                 160                   0             96.9638             2.27273
                 100                 170                   0             96.9638             2.27273
                 100                 180                   0             96.9638             2.27273
                 100                 190                   0             96.9638             2.27273
                 100                 200                   0             96.9638             2.27273
                 100                 210                   0             96.9638             2.27273
                 100                 220                   0             96.9638             2.27273
                 100                 230                   0             96.9638             2.27273
                 100                 240                   0             96.9815             2.27273
                 100                 250                   0             96.9815             2.27273
                 100                 260                   0             96.9815             2.27273
                 100                 270                   0             97.9226             2.27273
                 100                 280                   0             97.9226             2.27273
                 100                 290                   0             97.9581             2.27273
                 100                 300                   0             97.9581             2.27273
                 100                 310                   0             97.9759             2.27273
                 100                 320                   0             97.9759             2.27273
                 100                 330                   0             97.9759             2.27273
                 100                 340                   0             97.9759             2.27273
                 100                 350                   0             97.9759             2.27273
                 100                 360                   0             97.9759             2.27273
                 100                 370                   0             97.9759             2.27273
                 100                 380                   0             97.9759             2.27273
                 100                 390                   0             97.9759             2.27273
                 100                 400                   0             97.9759             2.27273
                 100                 410                   0             97.9759             2.27273
                 100                 420                   0             97.9759             2.27273
                 100                 430                   0             97.9759             2.27273
                 100                 440                   0             97.9759             2.27273
                 100                 450                   0             97.9936             2.27273
                 100                 460                   0             97.9936             2.27273
                 100                 470                   0             97.9936             2.27273
                 100                 480                   0             97.9936             2.27273
                 100                 490                   0             98.5263             2.27273
                 100                 500                   0              98.544             2.27273
                 100                 510                   0              98.544             2.27273
                 100                 520                   0             98.6683             2.27273
                 100                 530                   0             98.6683             2.27273
                 100                 540                   0             98.6683             2.27273
                 100                 550                   0             98.6683             2.27273
                 100                 560                   0             98.6683             2.27273
                 100                 570                   0             98.6683             2.27273
                 100                 580                   0             98.6683             2.27273
                 100                 590                   0             98.6683             2.27273
                 100                 600                   0             98.6683             2.27273
                 100                 610                   0             98.6683             2.27273
                 100                 620                   0             98.6683             2.27273
                 100                 630                   0             98.6683             2.27273
                 100                 640                   0             98.6683             2.27273
                 100                 650                   0             98.6683             2.27273
                 100                 660                   0             98.6683             2.27273
                 100                 670                   0             98.6683             2.27273
                 100                 680                   0             98.6683             2.27273
                 100                 690                   0             98.6683             2.27273
                 100                 700                   0             98.6683             2.27273
                 100                 710                   0             98.6683             2.27273
                 100                 720                   0             98.6683             2.27273
                 100                 730                   0             98.6683             2.27273
                 100                 740                   0             98.6683             2.27273
                 100                 750                   0             98.6683             2.27273
                 100                 760                   0             98.6683             2.27273
                 100                 770                   0             98.6683             2.27273
                 100                 780                   0             98.6683             2.27273
                 100                 790                   0             98.6683             2.27273
                 100                 800                   0             98.6683             2.27273
                 100                 810                   0             98.6683             2.27273
                 100                 820                   0             98.6683             2.27273
                 100                 830                   0             98.6683             2.27273
                 100                 840                   0             98.6683             2.27273
                 100                 850                   0             98.6683             2.27273
                 100                 860                   0             98.6683             2.27273
                 100                 870                   0             98.6683             2.27273
                 100                 880                   0             98.6683             2.27273
                 100                 890                   0             98.6683             2.27273
                 100                 900                   0             98.6683             2.27273
                 100                 910                   0             98.6683             2.27273
                 100                 920                   0             98.6683             2.27273
                 100                 930                   0             98.6683             2.27273
                 100                 940                   0             98.6683             2.27273
                 100                 950                   0             98.6683             2.27273
                 100                 960                   0             98.6683             2.27273
                 100                 970                   0             98.6683             2.27273
                 100                 980                   0             98.6683             2.27273
                 100                 990                   0             98.6683             2.27273
                 100                1000                   0             98.6683             2.27273
