                  50                   0                   0             80.2024             13.0682
                  50                  10                   0              81.978                12.5
                  50                  20                   0             82.2976                12.5
                  50                  30                   0             82.5284             11.9318
                  50                  40                   0             82.9901             11.9318
                  50                  50                   0             83.4517             11.9318
                  50                  60                   0             83.7358             11.9318
                  50                  70                   0             84.0199             11.9318
                  50                  80                   0             84.2685             11.9318
                  50                  90                   0             84.4283             11.9318
                  50                 100                   0             84.5348             11.9318
                  50                 110                   0             84.7834             11.9318
                  50                 120                   0             84.8899             11.9318
                  50                 130                   0             85.2805             11.9318
                  50                 140                   0             85.5469             11.9318
                  50                 150                   0             86.1151             10.2273
                  50                 160                   0             86.6122             8.52273
                  50                 170                   0             87.1804             7.38636
                  50                 180                   0             88.4588             6.81818
                  50                 190                   0             89.7372             5.11364
                  50                 200                   0             90.2344             5.11364
                  50                 210                   0             90.4652             3.40909
                  50                 220                   0             91.2997             3.40909
                  50                 230                   0             91.8146             3.40909
                  50                 240                   0              92.223             3.40909
                  50                 250                   0             92.7379             3.40909
                  50                 260                   0             93.6435             3.40909
                  50                 270                   0             93.9631             3.40909
                  50                 280                   0             94.3359             3.40909
                  50                 290                   0             94.4957             3.40909
                  50                 300                   0             94.6911             3.40909
                  50                 310                   0             94.8331             3.40909
                  50                 320                   0             94.8686             3.40909
                  50                 330                   0             95.0639             3.40909
                  50                 340                   0             95.0817             3.40909
                  50                 350                   0             95.1349             2.84091
                  50                 360                   0             95.1349             2.84091
                  50                 370                   0             95.1349             2.84091
                  50                 380                   0             95.1349             2.84091
                  50                 390                   0             95.2947             2.84091
                  50                 400                   0             95.2947             2.84091
                  50                 410                   0             95.2947             2.84091
                  50                 420                   0             95.2947             2.84091
                  50                 430                   0             95.2947             2.84091
                  50                 440                   0             95.3835             2.27273
                  50                 450                   0             95.3835             2.27273
                  50                 460                   0             95.3835             2.27273
                  50                 470                   0             95.3835             2.27273
                  50                 480                   0             95.6676             2.27273
                  50                 490                   0             95.7741             2.27273
                  50                 500                   0             95.8097             2.27273
                  50                 510                   0             95.8097             2.27273
                  50                 520                   0             95.8274             2.27273
                  50                 530                   0             95.8274             2.27273
                  50                 540                   0             95.8629             2.27273
                  50                 550                   0             95.9162             2.27273
                  50                 560                   0             95.9517             2.27273
                  50                 570                   0             96.0405             2.27273
                  50                 580                   0             96.4134             2.27273
                  50                 590                   0             96.4134             2.27273
                  50                 600                   0             96.4134             2.27273
                  50                 610                   0             96.4134             2.27273
                  50                 620                   0             96.4134             2.27273
                  50                 630                   0             96.4134             2.27273
                  50                 640                   0             96.4134             2.27273
                  50                 650                   0             96.4134             2.27273
                  50                 660                   0             96.4134             2.27273
                  50                 670                   0             96.4134             2.27273
                  50                 680                   0             96.4134             2.27273
                  50                 690                   0             96.4134             2.27273
                  50                 700                   0             96.4134             2.27273
                  50                 710                   0             96.4134             2.27273
                  50                 720                   0             96.4134             2.27273
                  50                 730                   0             96.4134             2.27273
                  50                 740                   0             96.4134             2.27273
                  50                 750                   0             96.4134             2.27273
                  50                 760                   0             96.4134             2.27273
                  50                 770                   0             96.4134             2.27273
                  50                 780                   0             96.4134             2.27273
                  50                 790                   0             96.5909             2.27273
                  50                 800                   0             96.5909             2.27273
                  50                 810                   0             96.5909             2.27273
                  50                 820                   0             96.5909             2.27273
                  50                 830                   0             96.5909             2.27273
                  50                 840                   0             96.5909             2.27273
                  50                 850                   0             96.5909             2.27273
                  50                 860                   0             96.5909             2.27273
                  50                 870                   0             96.5909             2.27273
                  50                 880                   0             96.5909             2.27273
                  50                 890                   0             96.5909             2.27273
                  50                 900                   0             96.5909             2.27273
                  50                 910                   0             96.5909             2.27273
                  50                 920                   0             96.5909             2.27273
                  50                 930                   0             96.5909             2.27273
                  50                 940                   0             96.5909             2.27273
                  50                 950                   0             96.5909             2.27273
                  50                 960                   0             96.5909             2.27273
                  50                 970                   0             96.5909             2.27273
                  50                 980                   0             96.5909             2.27273
                  50                 990                   0             96.5909             2.27273
                  50                1000                   0             96.5909             2.27273
