                  35                   0                   0             75.3906             15.9091
                  35                  10                   0             76.9176             14.7727
                  35                  20                   0             77.4148             14.7727
                  35                  30                   0             77.7521             14.7727
                  35                  40                   0             78.1783             14.7727
                  35                  50                   0             78.6222             14.7727
                  35                  60                   0             78.7997             14.7727
                  35                  70                   0              78.995             14.2045
                  35                  80                   0             79.4744             13.6364
                  35                  90                   0             79.5632             13.6364
                  35                 100                   0             79.7408             13.6364
                  35                 110                   0             79.9006             13.6364
                  35                 120                   0             80.0959             13.0682
                  35                 130                   0               80.38             14.7727
                  35                 140                   0             80.6108             14.7727
                  35                 150                   0             80.8594             14.2045
                  35                 160                   0             81.1435             13.0682
                  35                 170                   0             81.4631             13.0682
                  35                 180                   0             82.7947                12.5
                  35                 190                   0             83.1854             11.9318
                  35                 200                   0             83.4339             11.9318
                  35                 210                   0             84.4283             11.3636
                  35                 220                   0             84.8366             10.7955
                  35                 230                   0             88.1037             6.81818
                  35                 240                   0             89.5597             5.11364
                  35                 250                   0             89.6662             3.97727
                  35                 260                   0             90.0923             3.40909
                  35                 270                   0              90.625             3.40909
                  35                 280                   0              90.696             3.40909
                  35                 290                   0             91.0866             3.40909
                  35                 300                   0             91.5483             3.40909
                  35                 310                   0              92.294             3.40909
                  35                 320                   0             92.4538             3.40909
                  35                 330                   0             93.1996             3.40909
                  35                 340                   0             93.5192             3.40909
                  35                 350                   0             93.7145             3.40909
                  35                 360                   0             93.7678             3.40909
                  35                 370                   0             94.0163             3.40909
                  35                 380                   0             94.0163             3.40909
                  35                 390                   0             94.3004             3.40909
                  35                 400                   0             94.3714             3.40909
                  35                 410                   0             94.4957             2.84091
                  35                 420                   0             94.5312             2.84091
                  35                 430                   0             94.5312             2.84091
                  35                 440                   0             94.5312             2.84091
                  35                 450                   0             94.5668             2.84091
                  35                 460                   0             94.6733             2.84091
                  35                 470                   0             94.7976             2.84091
                  35                 480                   0             94.8331             2.84091
                  35                 490                   0             94.9396             2.84091
                  35                 500                   0             94.9929             2.84091
                  35                 510                   0             95.1882             2.84091
                  35                 520                   0             95.3835             2.27273
                  35                 530                   0             95.3835             2.27273
                  35                 540                   0             95.3835             2.27273
                  35                 550                   0             95.4901             2.27273
                  35                 560                   0             95.7741             2.27273
                  35                 570                   0             95.7741             2.27273
                  35                 580                   0             95.8097             2.27273
                  35                 590                   0             95.8274             2.27273
                  35                 600                   0             95.8629             2.27273
                  35                 610                   0             95.8984             2.27273
                  35                 620                   0             95.9162             2.27273
                  35                 630                   0             95.9517             2.27273
                  35                 640                   0             95.9517             2.27273
                  35                 650                   0             95.9517             2.27273
                  35                 660                   0             95.9517             2.27273
                  35                 670                   0             96.0405             2.27273
                  35                 680                   0             96.0405             2.27273
                  35                 690                   0             96.0405             2.27273
                  35                 700                   0             96.0405             2.27273
                  35                 710                   0             96.4134             2.27273
                  35                 720                   0             96.4134             2.27273
                  35                 730                   0             96.4134             2.27273
                  35                 740                   0             96.4134             2.27273
                  35                 750                   0             96.4134             2.27273
                  35                 760                   0             96.4134             2.27273
                  35                 770                   0             96.4134             2.27273
                  35                 780                   0             96.4134             2.27273
                  35                 790                   0             96.4134             2.27273
                  35                 800                   0             96.4134             2.27273
                  35                 810                   0             96.4134             2.27273
                  35                 820                   0             96.4134             2.27273
                  35                 830                   0             96.4134             2.27273
                  35                 840                   0             96.4134             2.27273
                  35                 850                   0             96.4134             2.27273
                  35                 860                   0             96.4134             2.27273
                  35                 870                   0             96.4134             2.27273
                  35                 880                   0             96.4134             2.27273
                  35                 890                   0             96.4134             2.27273
                  35                 900                   0             96.4134             2.27273
                  35                 910                   0             96.4134             2.27273
                  35                 920                   0             96.4134             2.27273
                  35                 930                   0             96.4134             2.27273
                  35                 940                   0             96.4134             2.27273
                  35                 950                   0             96.4134             2.27273
                  35                 960                   0             96.4134             2.27273
                  35                 970                   0             96.4134             2.27273
                  35                 980                   0             96.4134             2.27273
                  35                 990                   0             96.4134             2.27273
                  35                1000                   0             96.4134             2.27273
