                  15                   0                   0             54.8651             22.7273
                  15                  10                   0             56.6229             21.0227
                  15                  20                   0              57.706             20.4545
                  15                  30                   0             57.9013                  25
                  15                  40                   0             58.8956             24.4318
                  15                  50                   0             59.4815             23.2955
                  15                  60                   0             60.6001             22.1591
                  15                  70                   0             61.3104             22.1591
                  15                  80                   0             62.2692             22.1591
                  15                  90                   0             63.1214             22.1591
                  15                 100                   0             64.1158             22.1591
                  15                 110                   0             64.7372             22.1591
                  15                 120                   0             65.4119             19.3182
                  15                 130                   0             66.4595               18.75
                  15                 140                   0             67.3473             18.1818
                  15                 150                   0             68.1108             18.1818
                  15                 160                   0               68.75             18.1818
                  15                 170                   0              69.407             18.1818
                  15                 180                   0             69.9751             17.6136
                  15                 190                   0             70.6143               18.75
                  15                 200                   0             71.3778             18.1818
                  15                 210                   0              71.946             18.1818
                  15                 220                   0             72.3899             18.1818
                  15                 230                   0             73.0291             18.1818
                  15                 240                   0             73.2244             18.1818
                  15                 250                   0             73.6151             18.1818
                  15                 260                   0             74.0057             18.1818
                  15                 270                   0              74.343             18.1818
                  15                 280                   0             74.6271             17.0455
                  15                 290                   0             74.7869             16.4773
                  15                 300                   0             75.1065             16.4773
                  15                 310                   0             75.2841             16.4773
                  15                 320                   0              76.598             16.4773
                  15                 330                   0             76.7578             16.4773
                  15                 340                   0             77.1307             15.9091
                  15                 350                   0             77.3438             15.9091
                  15                 360                   0             77.9297             14.7727
                  15                 370                   0             78.4091             14.7727
                  15                 380                   0             78.7464             14.7727
                  15                 390                   0             79.3324             13.6364
                  15                 400                   0             79.7408             13.6364
                  15                 410                   0             80.9659             13.6364
                  15                 420                   0             82.0845             13.6364
                  15                 430                   0             82.6527             13.6364
                  15                 440                   0             83.7536             13.6364
                  15                 450                   0             83.9311             13.6364
                  15                 460                   0             85.7599             8.52273
                  15                 470                   0              85.831             8.52273
                  15                 480                   0              85.902             8.52273
                  15                 490                   0             86.0263             8.52273
                  15                 500                   0             86.2926             8.52273
                  15                 510                   0             86.3636             7.95455
                  15                 520                   0             86.4347             7.95455
                  15                 530                   0             87.5178                6.25
                  15                 540                   0             87.8374                6.25
                  15                 550                   0             88.1392                6.25
                  15                 560                   0             88.1747                6.25
                  15                 570                   0             88.2457                6.25
                  15                 580                   0             88.4943                6.25
                  15                 590                   0             88.5121                6.25
                  15                 600                   0             88.6364             5.68182
                  15                 610                   0             88.6541             5.68182
                  15                 620                   0             90.4119             3.97727
                  15                 630                   0              90.483             3.97727
                  15                 640                   0             90.5895             3.97727
                  15                 650                   0             90.6605             3.97727
                  15                 660                   0             90.8736             3.97727
                  15                 670                   0             90.9624             3.97727
                  15                 680                   0             90.9979             3.40909
                  15                 690                   0             91.1399             3.40909
                  15                 700                   0             91.1932             3.40909
                  15                 710                   0             91.2464             3.40909
                  15                 720                   0             91.2464             3.40909
                  15                 730                   0             91.2997             3.40909
                  15                 740                   0             91.4773             3.40909
                  15                 750                   0             91.5483             3.40909
                  15                 760                   0             91.6371             3.40909
                  15                 770                   0             91.6548             3.40909
                  15                 780                   0             91.7259             3.40909
                  15                 790                   0             91.7259             3.40909
                  15                 800                   0             91.7614             3.40909
                  15                 810                   0             91.8146             3.40909
                  15                 820                   0             93.0398             3.40909
                  15                 830                   0             93.0398             3.40909
                  15                 840                   0             93.0398             3.40909
                  15                 850                   0             93.5724             3.40909
                  15                 860                   0             93.6435             3.40909
                  15                 870                   0             93.6612             3.40909
                  15                 880                   0              93.679             3.40909
                  15                 890                   0             94.0696             3.40909
                  15                 900                   0             94.0696             3.40909
                  15                 910                   0             94.0696             3.40909
                  15                 920                   0             94.2649             3.40909
                  15                 930                   0             94.3359             3.40909
                  15                 940                   0             94.3359             3.40909
                  15                 950                   0             94.3714             3.40909
                  15                 960                   0             94.3714             3.40909
                  15                 970                   0              94.407             3.40909
                  15                 980                   0             94.4425             3.40909
                  15                 990                   0             94.4602             3.40909
                  15                1000                   0              94.478             3.40909
