                  40                   0                   0             77.3793             14.7727
                  40                  10                   0             78.9418             14.7727
                  40                  20                   0             79.1726             14.7727
                  40                  30                   0             79.4212             14.7727
                  40                  40                   0             79.6875             14.2045
                  40                  50                   0             79.9006             14.2045
                  40                  60                   0             80.8949             13.6364
                  40                  70                   0             81.3388             13.0682
                  40                  80                   0             81.7472             13.0682
                  40                  90                   0             82.3686             13.0682
                  40                 100                   0             82.7237                12.5
                  40                 110                   0             83.2031                12.5
                  40                 120                   0             83.4872             11.9318
                  40                 130                   0             83.7713             11.9318
                  40                 140                   0             83.8423             11.9318
                  40                 150                   0             84.0732             11.9318
                  40                 160                   0             84.0732             11.9318
                  40                 170                   0             84.2152             11.9318
                  40                 180                   0             84.5703             11.9318
                  40                 190                   0             85.4226             11.9318
                  40                 200                   0             86.7188             7.38636
                  40                 210                   0             88.1037             6.81818
                  40                 220                   0             89.7372             5.11364
                  40                 230                   0             89.9148             5.11364
                  40                 240                   0             90.0746             3.97727
                  40                 250                   0             90.2699             3.40909
                  40                 260                   0             90.8913             3.40909
                  40                 270                   0             91.7969             3.40909
                  40                 280                   0             92.0632             3.40909
                  40                 290                   0              92.294             3.40909
                  40                 300                   0             93.0753             3.40909
                  40                 310                   0             93.2351             3.40909
                  40                 320                   0             93.5902             3.40909
                  40                 330                   0             93.8565             3.40909
                  40                 340                   0             93.9453             3.40909
                  40                 350                   0             94.2294             3.40909
                  40                 360                   0             94.2294             3.40909
                  40                 370                   0             94.4602             3.40909
                  40                 380                   0             94.5135             3.40909
                  40                 390                   0             94.6023             2.84091
                  40                 400                   0             94.6378             2.84091
                  40                 410                   0             94.7798             2.84091
                  40                 420                   0             94.8509             2.84091
                  40                 430                   0             95.0994             2.84091
                  40                 440                   0             95.1705             2.84091
                  40                 450                   0             95.2947             2.84091
                  40                 460                   0             95.2947             2.84091
                  40                 470                   0             95.2947             2.84091
                  40                 480                   0             95.2947             2.84091
                  40                 490                   0             95.2947             2.84091
                  40                 500                   0             95.3835             2.27273
                  40                 510                   0             95.3835             2.27273
                  40                 520                   0             95.3835             2.27273
                  40                 530                   0             95.6676             2.27273
                  40                 540                   0             95.7741             2.27273
                  40                 550                   0             95.8097             2.27273
                  40                 560                   0             95.8097             2.27273
                  40                 570                   0             95.8274             2.27273
                  40                 580                   0             95.8629             2.27273
                  40                 590                   0             95.8984             2.27273
                  40                 600                   0             95.9162             2.27273
                  40                 610                   0             95.9517             2.27273
                  40                 620                   0             95.9517             2.27273
                  40                 630                   0             95.9517             2.27273
                  40                 640                   0             96.0405             2.27273
                  40                 650                   0             96.0405             2.27273
                  40                 660                   0             96.0405             2.27273
                  40                 670                   0             96.4134             2.27273
                  40                 680                   0             96.4134             2.27273
                  40                 690                   0             96.4134             2.27273
                  40                 700                   0             96.4134             2.27273
                  40                 710                   0             96.4134             2.27273
                  40                 720                   0             96.4134             2.27273
                  40                 730                   0             96.4134             2.27273
                  40                 740                   0             96.4134             2.27273
                  40                 750                   0             96.4134             2.27273
                  40                 760                   0             96.4134             2.27273
                  40                 770                   0             96.4134             2.27273
                  40                 780                   0             96.4134             2.27273
                  40                 790                   0             96.4134             2.27273
                  40                 800                   0             96.4134             2.27273
                  40                 810                   0             96.4134             2.27273
                  40                 820                   0             96.4134             2.27273
                  40                 830                   0             96.4134             2.27273
                  40                 840                   0             96.4134             2.27273
                  40                 850                   0             96.4134             2.27273
                  40                 860                   0             96.4134             2.27273
                  40                 870                   0             96.4134             2.27273
                  40                 880                   0             96.4134             2.27273
                  40                 890                   0             96.4134             2.27273
                  40                 900                   0             96.4134             2.27273
                  40                 910                   0             96.4134             2.27273
                  40                 920                   0             96.4134             2.27273
                  40                 930                   0             96.4134             2.27273
                  40                 940                   0             96.4134             2.27273
                  40                 950                   0             96.4134             2.27273
                  40                 960                   0             96.4134             2.27273
                  40                 970                   0             96.4134             2.27273
                  40                 980                   0             96.4134             2.27273
                  40                 990                   0             96.4134             2.27273
                  40                1000                   0             96.4134             2.27273
