                  70                   0                   0             38.3523             3.97727             42.3295
                  70                  10                   0             39.4354             2.84091             42.2763
                  70                  20                   0             40.2344             2.84091             43.0753
                  70                  30                   0              40.696             2.84091             43.5369
                  70                  40                   0             40.9624             2.84091             43.8033
                  70                  50                   0              41.424             2.84091             44.2649
                  70                  60                   0             40.3764             6.81818             47.1946
                  70                  70                   0             40.8203             6.81818             47.6385
                  70                  80                   0             41.0689             6.81818             47.8871
                  70                  90                   0             41.5661                6.25             47.8161
                  70                 100                   0             41.8857                6.25             48.1357
                  70                 110                   0             42.6669             5.68182             48.3487
                  70                 120                   0             43.2173             5.68182             48.8991
                  70                 130                   0             43.9631             5.68182             49.6449
                  70                 140                   0             44.6733             5.68182             50.3551
                  70                 150                   0              45.206             5.68182             50.8878
                  70                 160                   0             45.4368             5.68182             51.1186
                  70                 170                   0             45.8452             5.68182              51.527
                  70                 180                   0              46.147             5.68182             51.8288
                  70                 190                   0             46.4311             5.68182             52.1129
                  70                 200                   0             48.5263             1.70455             50.2308
                  70                 210                   0             48.6506             1.13636             49.7869
                  70                 220                   0             48.8104            0.568182             49.3786
                  70                 230                   0             49.2543            0.568182             49.8224
                  70                 240                   0             49.5028            0.568182              50.071
                  70                 250                   0             49.6982            0.568182             50.2663
                  70                 260                   0             49.9822            0.568182             50.5504
                  70                 270                   0             51.3672            0.568182             51.9354
                  70                 280                   0              52.326            0.568182             52.8942
                  70                 290                   0             52.8054            0.568182             53.3736
                  70                 300                   0             53.1605            0.568182             53.7287
                  70                 310                   0             53.5156            0.568182             54.0838
                  70                 320                   0             54.0128                   0             54.0128
                  70                 330                   0             54.8473                   0             54.8473
                  70                 340                   0             56.6584                   0             56.6584
                  70                 350                   0             57.4929                   0             57.4929
                  70                 360                   0             58.0611                   0             58.0611
                  70                 370                   0             58.8956                   0             58.8956
                  70                 380                   0             60.7599                   0             60.7599
                  70                 390                   0             62.0739                   0             62.0739
                  70                 400                   0             62.9261                   0             62.9261
                  70                 410                   0             64.4531                   0             64.4531
                  70                 420                   0             65.8026                   0             65.8026
                  70                 430                   0              67.294                   0              67.294
                  70                 440                   0             68.6257                   0             68.6257
                  70                 450                   0             71.0938                   0             71.0938
                  70                 460                   0             72.1413                   0             72.1413
                  70                 470                   0             73.1357                   0             73.1357
                  70                 480                   0             74.1122                   0             74.1122
                  70                 490                   0             75.0888                   0             75.0888
                  70                 500                   0             76.2251                   0             76.2251
                  70                 510                   0             77.8409                   0             77.8409
                  70                 520                   0             79.6875                   0             79.6875
                  70                 530                   0             80.3977                   0             80.3977
                  70                 540                   0             82.0135                   0             82.0135
                  70                 550                   0              83.718                   0              83.718
                  70                 560                   0             84.1087                   0             84.1087
                  70                 570                   0             84.8189                   0             84.8189
                  70                 580                   0             85.3516                   0             85.3516
                  70                 590                   0             85.8665                   0             85.8665
                  70                 600                   0             86.3991                   0             86.3991
                  70                 610                   0             86.5412                   0             86.5412
                  70                 620                   0             86.8608                   0             86.8608
                  70                 630                   0             87.0206                   0             87.0206
                  70                 640                   0             87.6243                   0             87.6243
                  70                 650                   0              87.642                   0              87.642
                  70                 660                   0             87.8018                   0             87.8018
                  70                 670                   0             87.8196                   0             87.8196
                  70                 680                   0             88.3878                   0             88.3878
                  70                 690                   0             88.6719                   0             88.6719
                  70                 700                   0             88.7607                   0             88.7607
                  70                 710                   0             88.8317                   0             88.8317
                  70                 720                   0              88.956                   0              88.956
                  70                 730                   0              89.169                   0              89.169
                  70                 740                   0             89.2401                   0             89.2401
                  70                 750                   0             89.3821                   0             89.3821
                  70                 760                   0             89.3999                   0             89.3999
                  70                 770                   0             89.5952                   0             89.5952
                  70                 780                   0             89.8082                   0             89.8082
                  70                 790                   0             90.4652                   0             90.4652
                  70                 800                   0             90.7138                   0             90.7138
                  70                 810                   0             92.4183                   0             92.4183
                  70                 820                   0             92.8089                   0             92.8089
                  70                 830                   0             92.8977                   0             92.8977
                  70                 840                   0             93.0575                   0             93.0575
                  70                 850                   0             93.1818                   0             93.1818
                  70                 860                   0             93.2884                   0             93.2884
                  70                 870                   0             93.3771                   0             93.3771
                  70                 880                   0             93.7145                   0             93.7145
                  70                 890                   0             93.7855                   0             93.7855
                  70                 900                   0             93.9986                   0             93.9986
                  70                 910                   0             94.8509                   0             94.8509
                  70                 920                   0             94.8686                   0             94.8686
                  70                 930                   0             94.9751                   0             94.9751
                  70                 940                   0             94.9751                   0             94.9751
                  70                 950                   0             95.0462                   0             95.0462
                  70                 960                   0             95.1172                   0             95.1172
                  70                 970                   0             95.4723                   0             95.4723
                  70                 980                   0             95.6143                   0             95.6143
                  70                 990                   0             95.7386                   0             95.7386
                  70                1000                   0             95.7741                   0             95.7741
