                  75                   0                   0             40.1811             3.97727             44.1584
                  75                  10                   0             40.9446             2.84091             43.7855
                  75                  20                   0             41.4595             2.84091             44.3004
                  75                  30                   0             41.6193             2.84091             44.4602
                  75                  40                   0             41.9567             2.84091             44.7976
                  75                  50                   0             41.0156             6.81818             47.8338
                  75                  60                   0             41.2464             6.81818             48.0646
                  75                  70                   0             41.6548             6.81818              48.473
                  75                  80                   0             42.1342                6.25             48.3842
                  75                  90                   0               42.88                6.25               49.13
                  75                 100                   0             44.0341             5.68182             49.7159
                  75                 110                   0             46.2536             1.70455             47.9581
                  75                 120                   0             46.6797             1.70455             48.3842
                  75                 130                   0             47.1413             1.70455             48.8459
                  75                 140                   0             47.4609             1.70455             49.1655
                  75                 150                   0             48.0824             1.70455             49.7869
                  75                 160                   0             48.4197             1.70455             50.1243
                  75                 170                   0              48.544             1.70455             50.2486
                  75                 180                   0             48.7749             1.70455             50.4794
                  75                 190                   0              49.201             1.70455             50.9055
                  75                 200                   0             49.6982             1.70455             51.4027
                  75                 210                   0             50.1243             1.13636             51.2607
                  75                 220                   0             50.7635            0.568182             51.3317
                  75                 230                   0               50.87            0.568182             51.4382
                  75                 240                   0             51.3317            0.568182             51.8999
                  75                 250                   0             52.3615            0.568182             52.9297
                  75                 260                   0             52.8232            0.568182             53.3913
                  75                 270                   0             53.6577            0.568182             54.2259
                  75                 280                   0             54.2791            0.568182             54.8473
                  75                 290                   0             54.7585            0.568182             55.3267
                  75                 300                   0             55.7351            0.568182             56.3033
                  75                 310                   0             57.0312            0.568182             57.5994
                  75                 320                   0             57.5994                   0             57.5994
                  75                 330                   0             58.3452                   0             58.3452
                  75                 340                   0             59.3217                   0             59.3217
                  75                 350                   0             60.6001                   0             60.6001
                  75                 360                   0             62.0384                   0             62.0384
                  75                 370                   0             63.6186                   0             63.6186
                  75                 380                   0             64.8082                   0             64.8082
                  75                 390                   0             66.9567                   0             66.9567
                  75                 400                   0             69.3004                   0             69.3004
                  75                 410                   0             71.0227                   0             71.0227
                  75                 420                   0             72.2301                   0             72.2301
                  75                 430                   0             73.7216                   0             73.7216
                  75                 440                   0             74.5916                   0             74.5916
                  75                 450                   0             75.2663                   0             75.2663
                  75                 460                   0             76.0121                   0             76.0121
                  75                 470                   0             77.0952                   0             77.0952
                  75                 480                   0             78.7109                   0             78.7109
                  75                 490                   0             79.0128                   0             79.0128
                  75                 500                   0             80.6996                   0             80.6996
                  75                 510                   0             81.3388                   0             81.3388
                  75                 520                   0             82.4751                   0             82.4751
                  75                 530                   0             83.9134                   0             83.9134
                  75                 540                   0             84.1797                   0             84.1797
                  75                 550                   0             84.9254                   0             84.9254
                  75                 560                   0             85.5291                   0             85.5291
                  75                 570                   0             86.0085                   0             86.0085
                  75                 580                   0             86.2926                   0             86.2926
                  75                 590                   0             86.5589                   0             86.5589
                  75                 600                   0             87.1626                   0             87.1626
                  75                 610                   0             87.2159                   0             87.2159
                  75                 620                   0             87.7131                   0             87.7131
                  75                 630                   0             87.9616                   0             87.9616
                  75                 640                   0             87.9794                   0             87.9794
                  75                 650                   0             88.5121                   0             88.5121
                  75                 660                   0             88.8494                   0             88.8494
                  75                 670                   0              88.956                   0              88.956
                  75                 680                   0             89.0625                   0             89.0625
                  75                 690                   0             89.2223                   0             89.2223
                  75                 700                   0             89.3466                   0             89.3466
                  75                 710                   0             89.5064                   0             89.5064
                  75                 720                   0             89.5952                   0             89.5952
                  75                 730                   0             89.7905                   0             89.7905
                  75                 740                   0             90.0213                   0             90.0213
                  75                 750                   0             90.2166                   0             90.2166
                  75                 760                   0             90.2699                   0             90.2699
                  75                 770                   0             90.3409                   0             90.3409
                  75                 780                   0             90.3409                   0             90.3409
                  75                 790                   0             91.1932                   0             91.1932
                  75                 800                   0             91.6193                   0             91.6193
                  75                 810                   0             93.4837                   0             93.4837
                  75                 820                   0             93.5369                   0             93.5369
                  75                 830                   0              93.821                   0              93.821
                  75                 840                   0             93.9098                   0             93.9098
                  75                 850                   0             93.9276                   0             93.9276
                  75                 860                   0             94.0518                   0             94.0518
                  75                 870                   0             94.1584                   0             94.1584
                  75                 880                   0             94.2116                   0             94.2116
                  75                 890                   0             94.2116                   0             94.2116
                  75                 900                   0             95.0107                   0             95.0107
                  75                 910                   0             95.0817                   0             95.0817
                  75                 920                   0              95.348                   0              95.348
                  75                 930                   0             95.4901                   0             95.4901
                  75                 940                   0             95.6143                   0             95.6143
                  75                 950                   0             95.7031                   0             95.7031
                  75                 960                   0             95.7741                   0             95.7741
                  75                 970                   0             95.8274                   0             95.8274
                  75                 980                   0             95.9695                   0             95.9695
                  75                 990                   0             96.0227                   0             96.0227
                  75                1000                   0             96.0938                   0             96.0938
