                   5                   0                   0             2.92969             36.9318             39.8615
                   5                  10                   0               3.125             33.5227             36.6477
                   5                  20                   0             3.16051             32.3864             35.5469
                   5                  30                   0             3.24929             32.3864             35.6357
                   5                  40                   0             3.40909             31.8182             35.2273
                   5                  50                   0             3.51562               31.25             34.7656
                   5                  60                   0             3.67543               31.25             34.9254
                   5                  70                   0             3.87074             29.5455             33.4162
                   5                  80                   0             4.10156             27.8409             31.9425
                   5                  90                   0             4.26136             27.2727             31.5341
                   5                 100                   0             4.33239             23.8636              28.196
                   5                 110                   0             4.47443             21.5909             26.0653
                   5                 120                   0             4.63423             19.3182             23.9524
                   5                 130                   0             4.77628               18.75             23.5263
                   5                 140                   0             5.04261             21.5909             26.6335
                   5                 150                   0             5.23793             19.8864             25.1243
                   5                 160                   0             5.46875               18.75             24.2188
                   5                 170                   0             5.59304             18.1818             23.7749
                   5                 180                   0             5.71733               18.75             24.4673
                   5                 190                   0             6.03693             14.7727             20.8097
                   5                 200                   0              6.0902             14.7727             20.8629
                   5                 210                   0             6.32102             13.6364             19.9574
                   5                 220                   0             6.30327             14.2045             20.5078
                   5                 230                   0              6.4098             13.6364             20.0462
                   5                 240                   0             6.71165             13.6364              20.348
                   5                 250                   0             6.94247             13.6364             20.5788
                   5                 260                   0             7.06676             13.6364             20.7031
                   5                 270                   0             7.10227             13.6364             20.7386
                   5                 280                   0              7.1733             13.6364             20.8097
                   5                 290                   0             7.29759             13.6364             20.9339
                   5                 300                   0             7.51065             13.6364              21.147
                   5                 310                   0             8.50497                12.5              21.005
                   5                 320                   0              8.8956                12.5             21.3956
                   5                 330                   0             9.19744             11.9318             21.1293
                   5                 340                   0             9.41051             11.9318             21.3423
                   5                 350                   0              9.8544             11.9318             21.7862
                   5                 360                   0             10.1385             11.9318             22.0703
                   5                 370                   0             11.6477             7.95455             19.6023
                   5                 380                   0             11.8608             7.95455             19.8153
                   5                 390                   0              12.358             7.38636             19.7443
                   5                 400                   0             12.6776             7.38636             20.0639
                   5                 410                   0             13.1037             7.38636             20.4901
                   5                 420                   0             13.5298             7.38636             20.9162
                   5                 430                   0             14.4709             7.38636             21.8572
                   5                 440                   0             15.0036             7.38636             22.3899
                   5                 450                   0             15.6072                6.25             21.8572
                   5                 460                   0             15.8736                6.25             22.1236
                   5                 470                   0             16.6726                6.25             22.9226
                   5                 480                   0              17.081                6.25              23.331
                   5                 490                   0             18.8388                6.25             25.0888
                   5                 500                   0             19.3359                6.25             25.5859
                   5                 510                   0             20.3125                6.25             26.5625
                   5                 520                   0             21.4311                6.25             27.6811
                   5                 530                   0             22.1236                6.25             28.3736
                   5                 540                   0             22.5497                6.25             28.7997
                   5                 550                   0             23.6683                6.25             29.9183
                   5                 560                   0             24.0234                6.25             30.2734
                   5                 570                   0             24.7514                6.25             31.0014
                   5                 580                   0             25.4616                6.25             31.7116
                   5                 590                   0              25.799                6.25              32.049
                   5                 600                   0             26.2607                6.25             32.5107
                   5                 610                   0             26.8643                6.25             33.1143
                   5                 620                   0             27.3438                6.25             33.5938
                   5                 630                   0             29.7763                6.25             36.0263
                   5                 640                   0             30.9126             5.68182             36.5945
                   5                 650                   0             32.5994             5.68182             38.2812
                   5                 660                   0             33.2031             5.68182             38.8849
                   5                 670                   0             33.7536             5.68182             39.4354
                   5                 680                   0             34.2685             5.68182             39.9503
                   5                 690                   0             34.2862             5.68182              39.968
                   5                 700                   0              35.032             5.68182             40.7138
                   5                 710                   0             36.2393             1.13636             37.3757
                   5                 720                   0             36.3281             1.13636             37.4645
                   5                 730                   0              36.701             1.13636             37.8374
                   5                 740                   0             37.3935             1.13636             38.5298
                   5                 750                   0              37.429             1.13636             38.5653
                   5                 760                   0             37.6776             1.13636             38.8139
                   5                 770                   0             38.6009             1.13636             39.7372
                   5                 780                   0             40.5185             1.13636             41.6548
                   5                 790                   0             42.4716             1.13636              43.608
                   5                 800                   0             43.6967             1.13636             44.8331
                   5                 810                   0             45.6499             1.13636             46.7862
                   5                 820                   0             48.0291             1.13636             49.1655
                   5                 830                   0             48.3842             1.13636             49.5206
                   5                 840                   0             48.9169             1.13636             50.0533
                   5                 850                   0             51.1719             1.13636             52.3082
                   5                 860                   0             51.6158             1.13636             52.7521
                   5                 870                   0             51.9709             1.13636             53.1072
                   5                 880                   0             52.5568             1.13636             53.6932
                   5                 890                   0             53.3203             1.13636             54.4567
                   5                 900                   0             53.5156             1.13636              54.652
                   5                 910                   0             53.7642             1.13636             54.9006
                   5                 920                   0             54.4212             1.13636             55.5575
                   5                 930                   0             55.5043             1.13636             56.6406
                   5                 940                   0             56.8714             1.13636             58.0078
                   5                 950                   0             57.0668             1.13636             58.2031
                   5                 960                   0             57.2798             1.13636             58.4162
                   5                 970                   0             58.5405             1.13636             59.6768
                   5                 980                   0             58.8068             1.13636             59.9432
                   5                 990                   0             59.0376             1.13636              60.174
                   5                1000                   0             59.2862             1.13636             60.4226
