                  85                   0                   0             42.5426             3.97727             46.5199
                  85                  10                   0             42.6314             2.84091             45.4723
                  85                  20                   0              43.022             2.84091             45.8629
                  85                  30                   0             43.6257             2.84091             46.4666
                  85                  40                   0             44.0696             2.84091             46.9105
                  85                  50                   0             44.9041             2.84091              47.745
                  85                  60                   0             46.4134             2.27273             48.6861
                  85                  70                   0             47.0881             2.27273             49.3608
                  85                  80                   0             47.4787             1.70455             49.1832
                  85                  90                   0             47.7628             1.70455             49.4673
                  85                 100                   0             48.7038             1.70455             50.4084
                  85                 110                   0              49.343             1.70455             51.0476
                  85                 120                   0              50.071             1.70455             51.7756
                  85                 130                   0             50.3551             1.70455             52.0597
                  85                 140                   0             50.5504             1.70455              52.255
                  85                 150                   0              50.728             1.70455             52.4325
                  85                 160                   0             51.1364             1.70455             52.8409
                  85                 170                   0             51.2962             1.70455             53.0007
                  85                 180                   0              51.456             1.70455             53.1605
                  85                 190                   0             51.9531             1.70455             53.6577
                  85                 200                   0              52.468             1.13636             53.6044
                  85                 210                   0             52.7344            0.568182             53.3026
                  85                 220                   0             53.3558            0.568182              53.924
                  85                 230                   0             54.0128            0.568182              54.581
                  85                 240                   0             55.1847            0.568182             55.7528
                  85                 250                   0             56.4631            0.568182             57.0312
                  85                 260                   0             57.3509            0.568182              57.919
                  85                 270                   0             57.7947            0.568182             58.3629
                  85                 280                   0             58.0433            0.568182             58.6115
                  85                 290                   0             59.0732            0.568182             59.6413
                  85                 300                   0             60.7777            0.568182             61.3459
                  85                 310                   0             63.3168                   0             63.3168
                  85                 320                   0              64.968                   0              64.968
                  85                 330                   0             67.5604                   0             67.5604
                  85                 340                   0             69.0518                   0             69.0518
                  85                 350                   0             70.0817                   0             70.0817
                  85                 360                   0             71.4311                   0             71.4311
                  85                 370                   0             72.7095                   0             72.7095
                  85                 380                   0             74.0945                   0             74.0945
                  85                 390                   0                  75                   0                  75
                  85                 400                   0             76.2074                   0             76.2074
                  85                 410                   0             76.6868                   0             76.6868
                  85                 420                   0             77.2017                   0             77.2017
                  85                 430                   0             78.2848                   0             78.2848
                  85                 440                   0             78.4801                   0             78.4801
                  85                 450                   0             78.8352                   0             78.8352
                  85                 460                   0             79.9716                   0             79.9716
                  85                 470                   0             80.2734                   0             80.2734
                  85                 480                   0             81.6584                   0             81.6584
                  85                 490                   0             83.4162                   0             83.4162
                  85                 500                   0             84.5881                   0             84.5881
                  85                 510                   0             84.8366                   0             84.8366
                  85                 520                   0              85.245                   0              85.245
                  85                 530                   0             86.2216                   0             86.2216
                  85                 540                   0             86.6832                   0             86.6832
                  85                 550                   0             86.8963                   0             86.8963
                  85                 560                   0                87.5                   0                87.5
                  85                 570                   0             87.6598                   0             87.6598
                  85                 580                   0             88.0504                   0             88.0504
                  85                 590                   0             88.3345                   0             88.3345
                  85                 600                   0             88.6186                   0             88.6186
                  85                 610                   0             89.0803                   0             89.0803
                  85                 620                   0             89.1868                   0             89.1868
                  85                 630                   0             89.7017                   0             89.7017
                  85                 640                   0             89.8793                   0             89.8793
                  85                 650                   0             90.0568                   0             90.0568
                  85                 660                   0             90.1101                   0             90.1101
                  85                 670                   0             90.1634                   0             90.1634
                  85                 680                   0             90.2876                   0             90.2876
                  85                 690                   0             90.6605                   0             90.6605
                  85                 700                   0             90.8558                   0             90.8558
                  85                 710                   0             90.9446                   0             90.9446
                  85                 720                   0             90.9979                   0             90.9979
                  85                 730                   0             91.2997                   0             91.2997
                  85                 740                   0             91.3707                   0             91.3707
                  85                 750                   0             91.4595                   0             91.4595
                  85                 760                   0             91.7259                   0             91.7259
                  85                 770                   0             92.0632                   0             92.0632
                  85                 780                   0             92.6669                   0             92.6669
                  85                 790                   0             92.7734                   0             92.7734
                  85                 800                   0             94.4425                   0             94.4425
                  85                 810                   0             94.4602                   0             94.4602
                  85                 820                   0              94.549                   0              94.549
                  85                 830                   0             94.5668                   0             94.5668
                  85                 840                   0             94.5668                   0             94.5668
                  85                 850                   0             94.6023                   0             94.6023
                  85                 860                   0             95.4368                   0             95.4368
                  85                 870                   0             95.5433                   0             95.5433
                  85                 880                   0             95.5966                   0             95.5966
                  85                 890                   0             95.5966                   0             95.5966
                  85                 900                   0             95.7209                   0             95.7209
                  85                 910                   0             95.9339                   0             95.9339
                  85                 920                   0             95.9339                   0             95.9339
                  85                 930                   0             95.9517                   0             95.9517
                  85                 940                   0             95.9517                   0             95.9517
                  85                 950                   0             95.9517                   0             95.9517
                  85                 960                   0             95.9872                   0             95.9872
                  85                 970                   0             96.1825                   0             96.1825
                  85                 980                   0             96.2003                   0             96.2003
                  85                 990                   0             96.2891                   0             96.2891
                  85                1000                   0             96.2891                   0             96.2891
