                  90                   0                   0             43.6612             2.84091             46.5021
                  90                  10                   0             44.0518             2.84091             46.8928
                  90                  20                   0             44.4602             2.84091             47.3011
                  90                  30                   0             45.0817             2.84091             47.9226
                  90                  40                   0             46.4489             2.84091             49.2898
                  90                  50                   0             47.1768             2.27273             49.4496
                  90                  60                   0             47.5852             2.27273              49.858
                  90                  70                   0             48.2777             2.27273             50.5504
                  90                  80                   0             49.0767             1.70455             50.7812
                  90                  90                   0             49.5916             1.70455             51.2962
                  90                 100                   0             50.1065             1.70455             51.8111
                  90                 110                   0             50.2841             1.70455             51.9886
                  90                 120                   0             50.5504             1.70455              52.255
                  90                 130                   0             50.7102             1.70455             52.4148
                  90                 140                   0             51.1719             1.70455             52.8764
                  90                 150                   0             51.2962             1.70455             53.0007
                  90                 160                   0             51.4205             1.70455              53.125
                  90                 170                   0             51.9709             1.70455             53.6754
                  90                 180                   0             52.4148             1.70455             54.1193
                  90                 190                   0             53.0185             1.13636             54.1548
                  90                 200                   0             53.5156             1.13636              54.652
                  90                 210                   0             54.6165            0.568182             55.1847
                  90                 220                   0             55.6286            0.568182             56.1967
                  90                 230                   0             56.5518            0.568182               57.12
                  90                 240                   0             56.8892            0.568182             57.4574
                  90                 250                   0             57.8658            0.568182             58.4339
                  90                 260                   0             58.5938            0.568182             59.1619
                  90                 270                   0             59.8189            0.568182             60.3871
                  90                 280                   0             62.3402            0.568182             62.9084
                  90                 290                   0             65.4119            0.568182             65.9801
                  90                 300                   0             67.2763            0.568182             67.8445
                  90                 310                   0              68.892                   0              68.892
                  90                 320                   0             70.0107                   0             70.0107
                  90                 330                   0              71.076                   0              71.076
                  90                 340                   0             71.9815                   0             71.9815
                  90                 350                   0             72.9581                   0             72.9581
                  90                 360                   0             73.6151                   0             73.6151
                  90                 370                   0             74.2898                   0             74.2898
                  90                 380                   0             75.9943                   0             75.9943
                  90                 390                   0              76.456                   0              76.456
                  90                 400                   0             76.9531                   0             76.9531
                  90                 410                   0             78.2138                   0             78.2138
                  90                 420                   0             78.3558                   0             78.3558
                  90                 430                   0             78.8352                   0             78.8352
                  90                 440                   0             79.8295                   0             79.8295
                  90                 450                   0             80.4155                   0             80.4155
                  90                 460                   0             81.4986                   0             81.4986
                  90                 470                   0             83.0966                   0             83.0966
                  90                 480                   0             84.6591                   0             84.6591
                  90                 490                   0             85.3871                   0             85.3871
                  90                 500                   0             85.9375                   0             85.9375
                  90                 510                   0             86.3104                   0             86.3104
                  90                 520                   0             87.3402                   0             87.3402
                  90                 530                   0             87.6243                   0             87.6243
                  90                 540                   0             88.0504                   0             88.0504
                  90                 550                   0              88.157                   0              88.157
                  90                 560                   0             88.3878                   0             88.3878
                  90                 570                   0             88.8139                   0             88.8139
                  90                 580                   0              89.098                   0              89.098
                  90                 590                   0             89.3111                   0             89.3111
                  90                 600                   0             89.4709                   0             89.4709
                  90                 610                   0             89.5597                   0             89.5597
                  90                 620                   0             90.1811                   0             90.1811
                  90                 630                   0             90.1989                   0             90.1989
                  90                 640                   0             90.4119                   0             90.4119
                  90                 650                   0             90.5007                   0             90.5007
                  90                 660                   0              90.696                   0              90.696
                  90                 670                   0             90.8381                   0             90.8381
                  90                 680                   0             91.3352                   0             91.3352
                  90                 690                   0             91.3707                   0             91.3707
                  90                 700                   0              91.424                   0              91.424
                  90                 710                   0              91.495                   0              91.495
                  90                 720                   0             91.5483                   0             91.5483
                  90                 730                   0             91.5483                   0             91.5483
                  90                 740                   0             91.7259                   0             91.7259
                  90                 750                   0              92.081                   0              92.081
                  90                 760                   0             92.1165                   0             92.1165
                  90                 770                   0             92.2053                   0             92.2053
                  90                 780                   0             92.9155                   0             92.9155
                  90                 790                   0             92.9332                   0             92.9332
                  90                 800                   0             94.5668                   0             94.5668
                  90                 810                   0             94.5668                   0             94.5668
                  90                 820                   0             94.6023                   0             94.6023
                  90                 830                   0             94.6378                   0             94.6378
                  90                 840                   0             94.7976                   0             94.7976
                  90                 850                   0             95.5611                   0             95.5611
                  90                 860                   0             95.5788                   0             95.5788
                  90                 870                   0             95.6676                   0             95.6676
                  90                 880                   0             95.8452                   0             95.8452
                  90                 890                   0             95.9339                   0             95.9339
                  90                 900                   0             95.9339                   0             95.9339
                  90                 910                   0             95.9872                   0             95.9872
                  90                 920                   0             95.9872                   0             95.9872
                  90                 930                   0              96.005                   0              96.005
                  90                 940                   0              96.005                   0              96.005
                  90                 950                   0             96.0227                   0             96.0227
                  90                 960                   0             96.0938                   0             96.0938
                  90                 970                   0             96.2358                   0             96.2358
                  90                 980                   0             96.2713                   0             96.2713
                  90                 990                   0             96.4134                   0             96.4134
                  90                1000                   0             96.4311                   0             96.4311
