                   0                   0                   0                   0                 100                 100
                   5                   0                   0             2.92969             36.9318             39.8615
                  10                   0                   0             6.55185             22.7273             29.2791
                  15                   0                   0             10.5291             16.4773             27.0064
                  20                   0                   0             14.0092             15.3409             29.3501
                  25                   0                   0             16.8679             14.7727             31.6406
                  30                   0                   0             19.6911             14.2045             33.8956
                  35                   0                   0             22.8338                12.5             35.3338
                  40                   0                   0             25.6747             11.9318             37.6065
                  45                   0                   0             28.1428             11.3636             39.5064
                  50                   0                   0             30.2557             9.65909             39.9148
                  55                   0                   0             32.2266             9.65909             41.8857
                  60                   0                   0             34.1442             8.52273             42.6669
                  65                   0                   0             36.4347             5.11364             41.5483
                  70                   0                   0             38.3523             3.97727             42.3295
                  75                   0                   0             40.1811             3.97727             44.1584
                  80                   0                   0              41.495             3.97727             45.4723
                  85                   0                   0             42.5426             3.97727             46.5199
                  90                   0                   0             43.6612             2.84091             46.5021
                  95                   0                   0             44.4247             2.84091             47.2656
                 100                   0                   0             46.5199             2.84091             49.3608
                  

