                  85                   0                   0             9.30398             36.9318             46.2358
                  85                  10                   0             9.81889             32.9545             42.7734
                  85                  20                   0             10.4759             23.8636             34.3395
                  85                  30                   0             11.2749             25.5682              36.843
                  85                  40                   0             12.1449               31.25             43.3949
                  85                  50                   0             12.6065             28.4091             41.0156
                  85                  60                   0             12.0916             30.1136             42.2053
                  85                  70                   0              12.358             30.6818             43.0398
                  85                  80                   0             14.1868             26.7045             40.8913
                  85                  90                   0             14.6839             28.4091              43.093
                  85                 100                   0             15.2521             24.4318             39.6839
                  85                 110                   0             16.4062             21.5909             37.9972
                  85                 120                   0             17.2763             21.0227              38.299
                  85                 130                   0             17.8267             19.8864             37.7131
                  85                 140                   0             18.4837             17.6136             36.0973
                  85                 150                   0             19.0341             14.7727             33.8068
                  85                 160                   0             18.6257             15.3409             33.9666
                  85                 170                   0              20.206             14.7727             34.9787
                  85                 180                   0             20.5966             14.7727             35.3693
                  85                 190                   0             22.0348             14.7727             36.8075
                  85                 200                   0             22.2301             14.7727             37.0028
                  85                 210                   0             23.1534             13.6364             36.7898
                  85                 220                   0             23.7216             13.6364              37.358
                  85                 230                   0             24.7159             13.6364             38.3523
                  85                 240                   0             25.2486             13.6364             38.8849
                  85                 250                   0               25.87             13.6364             39.5064
                  85                 260                   0             26.4027             13.0682             39.4709
                  85                 270                   0             28.3026             7.38636             35.6889
                  85                 280                   0              31.321             7.38636             38.7074
                  85                 290                   0             32.3331             7.38636             39.7195
                  85                 300                   0             34.4283             8.52273              42.951
                  85                 310                   0             36.2038             7.95455             44.1584
                  85                 320                   0             37.2337             7.95455             45.1882
                  85                 330                   0             38.1392             7.95455             46.0938
                  85                 340                   0              39.098             7.95455             47.0526
                  85                 350                   0             41.0334             7.38636             48.4197
                  85                 360                   0             40.0213             11.9318             51.9531
                  85                 370                   0             44.2472             7.38636             51.6335
                  85                 380                   0             46.0938             7.38636             53.4801
                  85                 390                   0             47.3189             6.81818             54.1371
                  85                 400                   0             48.8814             6.81818             55.6996
                  85                 410                   0             49.5916             6.81818             56.4098
                  85                 420                   0             50.6392             5.68182              56.321
                  85                 430                   0             52.4325             5.68182             58.1143
                  85                 440                   0             55.2912             5.68182              60.973
                  85                 450                   0             57.8303             5.68182             63.5121
                  85                 460                   0              57.049             5.68182             62.7308
                  85                 470                   0             58.7891             5.68182             64.4709
                  85                 480                   0             59.8722             5.11364             64.9858
                  85                 490                   0             62.6776             3.97727             66.6548
                  85                 500                   0              64.169             3.97727             68.1463
                  85                 510                   0             65.3764             3.97727             69.3537
                  85                 520                   0             66.1932             3.97727             70.1705
                  85                 530                   0             68.6435             3.40909             72.0526
                  85                 540                   0             70.0284             3.40909             73.4375
                  85                 550                   0             73.8104             2.84091             76.6513
                  85                 560                   0             74.5028             2.84091             77.3438
                  85                 570                   0             75.0178             2.84091             77.8587
                  85                 580                   0             75.3196             2.84091             78.1605
                  85                 590                   0             75.5149             2.27273             77.7876
                  85                 600                   0             76.0653             1.70455             77.7699
                  85                 610                   0             76.3494             1.70455              78.054
                  85                 620                   0             76.7578             1.70455             78.4624
                  85                 630                   0             77.7699             1.70455             79.4744
                  85                 640                   0             78.2138             1.70455             79.9183
                  85                 650                   0             78.3913             1.70455             80.0959
                  85                 660                   0             78.6577             1.13636              79.794
                  85                 670                   0             78.9773             1.13636             80.1136
                  85                 680                   0             79.4744             1.13636             80.6108
                  85                 690                   0             79.7585             1.13636             80.8949
                  85                 700                   0             80.1136             1.13636               81.25
                  85                 710                   0             80.2202             1.13636             81.3565
                  85                 720                   0             83.0433             1.13636             84.1797
                  85                 730                   0             83.4339             1.13636             84.5703
                  85                 740                   0              80.593             5.68182             86.2749
                  85                 750                   0             80.6996             5.68182             86.3814
                  85                 760                   0             80.8771             5.68182             86.5589
                  85                 770                   0             81.0724             5.68182             86.7543
                  85                 780                   0             81.7827             5.68182             87.4645
                  85                 790                   0             81.8537             5.68182             87.5355
                  85                 800                   0             81.8537             5.68182             87.5355
                  85                 810                   0             81.8892             5.68182              87.571
                  85                 820                   0             81.9957             5.68182             87.6776
                  85                 830                   0             81.6939             5.68182             87.3757
                  85                 840                   0             81.7472             5.68182              87.429
                  85                 850                   0             81.8004             5.68182             87.4822
                  85                 860                   0             81.8714             5.68182             87.5533
                  85                 870                   0             82.0668             5.68182             87.7486
                  85                 880                   0             82.0845             5.68182             87.7663
                  85                 890                   0             82.2266             5.68182             87.9084
                  85                 900                   0             82.5817             5.68182             88.2635
                  85                 910                   0             82.9901             5.68182             88.6719
                  85                 920                   0             83.0433             5.68182             88.7251
                  85                 930                   0             83.0966             5.68182             88.7784
                  85                 940                   0             83.0966             5.68182             88.7784
                  85                 950                   0             83.1321             5.68182             88.8139
                  85                 960                   0             83.1321             5.68182             88.8139
                  85                 970                   0             83.2031             5.68182             88.8849
                  85                 980                   0             83.2564             5.68182             88.9382
                  85                 990                   0             83.2564             5.68182             88.9382
                  85                1000                   0             83.2741             5.68182              88.956
