                   0                   0                   0                   0                 100                 100
                   0                  10                   0                   0                 100                 100
                   0                  20                   0                   0                 100                 100
                   0                  30                   0                   0                 100                 100
                   0                  40                   0                   0                 100                 100
                   0                  50                   0                   0                 100                 100
                   0                  60                   0                   0                 100                 100
                   0                  70                   0                   0                 100                 100
                   0                  80                   0                   0                 100                 100
                   0                  90                   0                   0                 100                 100
                   0                 100                   0                   0                 100                 100
                   0                 110                   0                   0                 100                 100
                   0                 120                   0                   0                 100                 100
                   0                 130                   0                   0                 100                 100
                   0                 140                   0                   0             99.4318             99.4318
                   0                 150                   0                   0             98.8636             98.8636
                   0                 160                   0                   0             98.2955             98.2955
                   0                 170                   0                   0             98.2955             98.2955
                   0                 180                   0                   0             96.5909             96.5909
                   0                 190                   0            0.053267             90.3409             90.3942
                   0                 200                   0             0.12429             86.3636             86.4879
                   0                 210                   0             0.12429             83.5227              83.647
                   0                 220                   0            0.177557             77.2727             77.4503
                   0                 230                   0            0.408381             59.6591             60.0675
                   0                 240                   0            0.497159             51.7045             52.2017
                   0                 250                   0            0.479403             45.4545             45.9339
                   0                 260                   0            0.514915               43.75             44.2649
                   0                 270                   0            0.585938             41.4773             42.0632
                   0                 280                   0            0.692472             39.7727             40.4652
                   0                 290                   0             1.54474             48.2955             49.8402
                   0                 300                   0             1.59801             44.3182             45.9162
                   0                 310                   0             1.63352             39.7727             41.4062
                   0                 320                   0             1.65128             36.9318             38.5831
                   0                 330                   0             1.86435             31.8182             33.6825
                   0                 340                   0             1.97088             27.2727             29.2436
                   0                 350                   0             2.05966             29.5455             31.6051
                   0                 360                   0             2.25497             26.7045             28.9595
                   0                 370                   0             2.27273             25.5682             27.8409
                   0                 380                   0             2.41477             19.8864             22.3011
                   0                 390                   0             2.41477             19.8864             22.3011
                   0                 400                   0              2.4858             21.0227             23.5085
                   0                 410                   0             2.59233             19.3182             21.9105
                   0                 420                   0             2.73438             18.1818             20.9162
                   0                 430                   0             3.39134             17.6136              21.005
                   0                 440                   0             3.92401             15.9091             19.8331
                   0                 450                   0              4.6875             18.1818             22.8693
                   0                 460                   0             5.13139             17.6136              22.745
                   0                 470                   0             5.50426             17.6136             23.1179
                   0                 480                   0             5.66406             17.0455             22.7095
                   0                 490                   0             6.14347             17.0455             23.1889
                   0                 500                   0             6.23224             15.9091             22.1413
                   0                 510                   0             6.39205             15.9091             22.3011
                   0                 520                   0             7.24432             25.5682             32.8125
                   0                 530                   0             6.94247             14.7727             21.7152
                   0                 540                   0             7.13778             17.0455             24.1832
                   0                 550                   0              7.4929             16.4773             23.9702
                   0                 560                   0             8.16761             16.4773             24.6449
                   0                 570                   0             11.7543               18.75             30.5043
                   0                 580                   0             12.4467             15.3409             27.7876
                   0                 590                   0             13.2102             15.3409             28.5511
                   0                 600                   0             12.0916             14.7727             26.8643
                   0                 610                   0             12.0384             14.2045             26.2429
                   0                 620                   0              11.701             19.8864             31.5874
                   0                 630                   0             12.4822             19.3182             31.8004
                   0                 640                   0             13.8672               18.75             32.6172
                   0                 650                   0             12.3047             20.4545             32.7592
                   0                 660                   0             12.2337             19.8864               32.12
                   0                 670                   0             14.5952             22.1591             36.7543
                   0                 680                   0             16.7614             22.7273             39.4886
                   0                 690                   0             17.5781             22.1591             39.7372
                   0                 700                   0             15.3942             19.3182             34.7124
                   0                 710                   0              16.424             19.3182             35.7422
                   0                 720                   0             16.7969             19.3182             36.1151
                   0                 730                   0             17.6314             17.6136              35.245
                   0                 740                   0             17.7734             17.0455             34.8189
                   0                 750                   0             17.9332             17.0455             34.9787
                   0                 760                   0              18.022             17.0455             35.0675
                   0                 770                   0              18.093             17.0455             35.1385
                   0                 780                   0             21.5909             14.7727             36.3636
                   0                 790                   0             21.6974             14.7727             36.4702
                   0                 800                   0             22.2301             14.7727             37.0028
                   0                 810                   0             22.5675             14.2045              36.772
                   0                 820                   0             22.6207             14.2045             36.8253
                   0                 830                   0              24.201             14.2045             38.4055
                   0                 840                   0             24.5206             14.2045             38.7251
                   0                 850                   0             25.8168             13.0682             38.8849
                   0                 860                   0             26.0298             13.0682              39.098
                   0                 870                   0             25.2486             13.0682             38.3168
                   0                 880                   0             25.2663                12.5             37.7663
                   0                 890                   0             25.3906             11.9318             37.3224
                   0                 900                   0             25.4261             14.2045             39.6307
                   0                 910                   0             27.1484             9.09091             36.2393
                   0                 920                   0             28.0717             9.09091             37.1626
                   0                 930                   0             28.1428             9.09091             37.2337
                   0                 940                   0             28.2315             8.52273             36.7543
                   0                 950                   0             29.4567             8.52273             37.9794
                   0                 960                   0             32.7592             7.38636             40.1456
                   0                 970                   0             35.4403             7.38636             42.8267
                   0                 980                   0             35.6001             7.38636             42.9865
                   0                 990                   0             38.4411             7.38636             45.8274
                   0                1000                   0             38.1392             7.38636             45.5256
