                  80                   0                   0              8.4517             38.6364             47.0881
                  80                  10                   0              9.2152             35.2273             44.4425
                  80                  20                   0             9.83665             26.7045             36.5412
                  80                  30                   0             9.87216             28.4091             38.2812
                  80                  40                   0             10.2273             27.2727                37.5
                  80                  50                   0             10.9375             27.8409             38.7784
                  80                  60                   0              11.772             32.3864             44.1584
                  80                  70                   0               11.63             27.2727             38.9027
                  80                  80                   0             12.7841             28.9773             41.7614
                  80                  90                   0              12.642                  25              37.642
                  80                 100                   0             12.7841             28.9773             41.7614
                  80                 110                   0             13.2457             28.4091             41.6548
                  80                 120                   0             15.0213             22.1591             37.1804
                  80                 130                   0             16.5305             20.4545             36.9851
                  80                 140                   0             17.0277             18.1818             35.2095
                  80                 150                   0             17.8622             15.9091             33.7713
                  80                 160                   0             18.5547             14.7727             33.3274
                  80                 170                   0             19.0696             14.2045             33.2741
                  80                 180                   0              19.478             14.2045             33.6825
                  80                 190                   0             19.7443             14.7727              34.517
                  80                 200                   0              21.076             14.7727             35.8487
                  80                 210                   0             21.3246             13.6364             34.9609
                  80                 220                   0             22.4077             13.6364              36.044
                  80                 230                   0             22.8516             13.6364             36.4879
                  80                 240                   0             23.8814             13.6364             37.5178
                  80                 250                   0             24.5384             13.6364             38.1747
                  80                 260                   0              25.071             13.0682             38.1392
                  80                 270                   0             25.8523             13.0682             38.9205
                  80                 280                   0             26.3494             11.9318             38.2812
                  80                 290                   0             27.8764             11.9318             39.8082
                  80                 300                   0             29.7408             11.9318             41.6726
                  80                 310                   0             31.7116             11.9318             43.6435
                  80                 320                   0             33.3097                12.5             45.8097
                  80                 330                   0             33.9311                12.5             46.4311
                  80                 340                   0             36.1151             7.95455             44.0696
                  80                 350                   0             38.8317             7.95455             46.7862
                  80                 360                   0             39.8615             7.95455             47.8161
                  80                 370                   0             41.4773             7.38636             48.8636
                  80                 380                   0             42.6314             7.38636             50.0178
                  80                 390                   0              44.407             7.38636             51.7933
                  80                 400                   0             46.3778             7.38636             53.7642
                  80                 410                   0             48.4197             6.81818             55.2379
                  80                 420                   0             49.5028             6.81818              56.321
                  80                 430                   0             50.4084             6.81818             57.2266
                  80                 440                   0             51.3672             5.68182              57.049
                  80                 450                   0             52.7521             5.68182             58.4339
                  80                 460                   0             55.2202             5.68182              60.902
                  80                 470                   0             54.1548             5.68182             59.8366
                  80                 480                   0             55.3622             5.68182              61.044
                  80                 490                   0             57.1555             5.11364             62.2692
                  80                 500                   0             58.8601             3.97727             62.8374
                  80                 510                   0             61.5767             3.97727              65.554
                  80                 520                   0             63.8672             3.97727             67.8445
                  80                 530                   0             64.5241             3.97727             68.5014
                  80                 540                   0              65.554             3.40909             68.9631
                  80                 550                   0             67.7734             3.40909             71.1825
                  80                 560                   0              70.277             2.84091             73.1179
                  80                 570                   0             71.0582             2.84091             73.8991
                  80                 580                   0             72.1058             2.84091             74.9467
                  80                 590                   0             72.3899             2.84091             75.2308
                  80                 600                   0             72.8516             2.27273             75.1243
                  80                 610                   0             73.8459             1.70455             75.5504
                  80                 620                   0             74.4141             1.70455             76.1186
                  80                 630                   0             74.6271             1.70455             76.3317
                  80                 640                   0             74.9112             1.70455             76.6158
                  80                 650                   0             75.1598             1.70455             76.8643
                  80                 660                   0              75.728             1.70455             77.4325
                  80                 670                   0             76.1009             1.13636             77.2372
                  80                 680                   0             76.2074             1.13636             77.3438
                  80                 690                   0             77.6634             1.13636             78.7997
                  80                 700                   0             77.8587             1.13636              78.995
                  80                 710                   0             78.0362             1.13636             79.1726
                  80                 720                   0             78.3026             1.13636             79.4389
                  80                 730                   0             78.5689             1.13636             79.7053
                  80                 740                   0             78.6399             1.13636             79.7763
                  80                 750                   0             78.7997             1.13636             79.9361
                  80                 760                   0             78.8707             1.13636             80.0071
                  80                 770                   0             78.9418             1.13636             80.0781
                  80                 780                   0             80.2202             1.13636             81.3565
                  80                 790                   0             81.4631             1.13636             82.5994
                  80                 800                   0             79.2436             5.68182             84.9254
                  80                 810                   0             79.2791             5.68182             84.9609
                  80                 820                   0             79.3146             5.68182             84.9964
                  80                 830                   0             79.3501             5.68182              85.032
                  80                 840                   0             79.3679             5.68182             85.0497
                  80                 850                   0             79.5277             5.68182             85.2095
                  80                 860                   0              79.581             5.68182             85.2628
                  80                 870                   0              79.581             5.68182             85.2628
                  80                 880                   0             79.6342             5.68182             85.3161
                  80                 890                   0             79.8118             5.68182             85.4936
                  80                 900                   0             81.6051             5.68182             87.2869
                  80                 910                   0             82.6882             5.68182               88.37
                  80                 920                   0             82.6882             5.68182               88.37
                  80                 930                   0             83.1854             5.68182             88.8672
                  80                 940                   0             83.1854             5.68182             88.8672
                  80                 950                   0             83.2386             5.68182             88.9205
                  80                 960                   0             83.2386             5.68182             88.9205
                  80                 970                   0             83.2386             5.68182             88.9205
                  80                 980                   0             83.2919             5.68182             88.9737
                  80                 990                   0             83.3097             5.68182             88.9915
                  80                1000                   0             83.3629             5.68182             89.0447
