                  60                   0                   0             3.72869             42.0455             45.7741
                  60                  10                   0             4.17259             40.3409             44.5135
                  60                  20                   0             4.54545             40.3409             44.8864
                  60                  30                   0             5.34446             33.5227             38.8672
                  60                  40                   0             5.85938             29.5455             35.4048
                  60                  50                   0                6.25             40.3409             46.5909
                  60                  60                   0             7.19105             29.5455             36.7365
                  60                  70                   0             7.70597             28.9773             36.6832
                  60                  80                   0             8.30966             28.9773             37.2869
                  60                  90                   0             9.03764             27.8409             36.8786
                  60                 100                   0             9.60582             24.4318             34.0376
                  60                 110                   0             10.4759             26.1364             36.6122
                  60                 120                   0              11.701             24.4318             36.1328
                  60                 130                   0             12.2337             26.7045             38.9382
                  60                 140                   0             12.1271             22.7273             34.8544
                  60                 150                   0             13.1747             16.4773              29.652
                  60                 160                   0             13.4055             14.2045             27.6101
                  60                 170                   0             13.5298             14.7727             28.3026
                  60                 180                   0             14.3288             14.2045             28.5334
                  60                 190                   0             14.7905             13.0682             27.8587
                  60                 200                   0             15.2876             13.0682             28.3558
                  60                 210                   0              15.696             13.0682             28.7642
                  60                 220                   0             16.4418             11.3636             27.8054
                  60                 230                   0             17.6136             11.3636             28.9773
                  60                 240                   0             18.5369             10.7955             29.3324
                  60                 250                   0             18.5547             10.7955             29.3501
                  60                 260                   0             19.6555             10.2273             29.8828
                  60                 270                   0              20.206                12.5              32.706
                  60                 280                   0             20.7031                12.5             33.2031
                  60                 290                   0             21.1293                12.5             33.6293
                  60                 300                   0              21.804                12.5              34.304
                  60                 310                   0             22.0348                12.5             34.5348
                  60                 320                   0             23.2777                12.5             35.7777
                  60                 330                   0                  25             11.9318             36.9318
                  60                 340                   0             25.4794             11.9318             37.4112
                  60                 350                   0             25.8345             11.9318             37.7663
                  60                 360                   0             27.0064             11.3636               38.37
                  60                 370                   0             27.6989             11.9318             39.6307
                  60                 380                   0             28.8707             11.3636             40.2344
                  60                 390                   0             30.0071             10.2273             40.2344
                  60                 400                   0             31.1257             10.2273              41.353
                  60                 410                   0             31.7827             11.3636             43.1463
                  60                 420                   0             32.4574             10.7955             43.2528
                  60                 430                   0             33.0433             10.7955             43.8388
                  60                 440                   0              34.446             10.7955             45.2415
                  60                 450                   0             36.3814             10.7955             47.1768
                  60                 460                   0             38.1925             10.7955             48.9879
                  60                 470                   0             38.8317             10.7955             49.6271
                  60                 480                   0             40.2166             10.7955             51.0121
                  60                 490                   0             41.8857             10.7955             52.6811
                  60                 500                   0             45.0817             10.7955             55.8771
                  60                 510                   0             47.5675             9.65909             57.2266
                  60                 520                   0             48.1712             9.09091             57.2621
                  60                 530                   0             49.2543             8.52273              57.777
                  60                 540                   0             51.2607             3.97727             55.2379
                  60                 550                   0             52.3793             3.97727             56.3565
                  60                 560                   0             54.0483             3.97727             58.0256
                  60                 570                   0             54.5632             3.97727             58.5405
                  60                 580                   0             55.5043             3.40909             58.9134
                  60                 590                   0             57.1378             2.84091             59.9787
                  60                 600                   0             58.5227             3.40909             61.9318
                  60                 610                   0             59.0554             3.40909             62.4645
                  60                 620                   0              59.304             2.84091             62.1449
                  60                 630                   0             62.1094             2.84091             64.9503
                  60                 640                   0             62.9439             2.84091             65.7848
                  60                 650                   0             63.2635             1.70455              64.968
                  60                 660                   0             64.4886             1.70455             66.1932
                  60                 670                   0             64.7017             1.70455             66.4062
                  60                 680                   0             65.3587             1.70455             67.0632
                  60                 690                   0             66.0156             1.13636              67.152
                  60                 700                   0             66.4773             1.13636             67.6136
                  60                 710                   0             66.7436             1.13636               67.88
                  60                 720                   0             66.9212             1.13636             68.0575
                  60                 730                   0             67.0632             1.13636             68.1996
                  60                 740                   0             67.2053             1.13636             68.3416
                  60                 750                   0             67.3118             1.13636             68.4482
                  60                 760                   0             66.8146             1.13636              67.951
                  60                 770                   0             67.0277             1.13636             68.1641
                  60                 780                   0             68.2884             1.13636             69.4247
                  60                 790                   0             68.4659             1.13636             69.6023
                  60                 800                   0             70.7209             1.13636             71.8572
                  60                 810                   0             70.8807             1.13636              72.017
                  60                 820                   0             71.0227             1.13636             72.1591
                  60                 830                   0              71.218             1.13636             72.3544
                  60                 840                   0             72.4254             1.13636             73.5618
                  60                 850                   0             72.4609             1.13636             73.5973
                  60                 860                   0             73.7749             1.13636             74.9112
                  60                 870                   0             73.8281             1.13636             74.9645
                  60                 880                   0              74.929             1.13636             76.0653
                  60                 890                   0             75.9943             1.13636             77.1307
                  60                 900                   0             76.0653             1.13636             77.2017
                  60                 910                   0             76.5625             1.13636             77.6989
                  60                 920                   0             76.5803             1.13636             77.7166
                  60                 930                   0             77.6811             1.13636             78.8175
                  60                 940                   0             77.6989             1.13636             78.8352
                  60                 950                   0             77.8054             1.13636             78.9418
                  60                 960                   0             78.3381             1.13636             79.4744
                  60                 970                   0             78.3381             1.13636             79.4744
                  60                 980                   0             78.3381             1.13636             79.4744
                  60                 990                   0             78.3736             1.13636             79.5099
                  60                1000                   0             78.8352             1.13636             79.9716
