                  50                   0                   0             1.74006             46.5909              48.331
                  50                  10                   0              2.0419             45.4545             47.4964
                  50                  20                   0             2.29048             42.6136             44.9041
                  50                  30                   0             2.68111             39.7727             42.4538
                  50                  40                   0             3.24929             43.1818             46.4311
                  50                  50                   0             3.58665             38.6364              42.223
                  50                  60                   0             3.88849             31.8182             35.7067
                  50                  70                   0             4.26136             31.8182             36.0795
                  50                  80                   0              5.1669             30.1136             35.2805
                  50                  90                   0             5.75284             27.2727             33.0256
                  50                 100                   0             6.69389             27.2727             33.9666
                  50                 110                   0             6.97798             28.9773             35.9553
                  50                 120                   0             7.52841             27.2727             34.8011
                  50                 130                   0              8.4517             24.4318             32.8835
                  50                 140                   0             9.10866             22.7273             31.8359
                  50                 150                   0              9.0554             21.5909             30.6463
                  50                 160                   0             10.1207             21.5909             31.7116
                  50                 170                   0              11.044             16.4773             27.5213
                  50                 180                   0             11.3636             14.7727             26.1364
                  50                 190                   0             11.7188             14.2045             25.9233
                  50                 200                   0             12.2159             13.6364             25.8523
                  50                 210                   0             12.7308             13.0682              25.799
                  50                 220                   0              13.299                12.5              25.799
                  50                 230                   0             13.6719                12.5             26.1719
                  50                 240                   0              14.169                12.5              26.669
                  50                 250                   0             15.5185             11.9318             27.4503
                  50                 260                   0             15.8736             11.3636             27.2372
                  50                 270                   0             15.9268             11.3636             27.2905
                  50                 280                   0             16.8324             10.7955             27.6278
                  50                 290                   0             17.8267             10.7955             28.6222
                  50                 300                   0             18.4482             10.7955             29.2436
                  50                 310                   0             18.7678             10.7955             29.5632
                  50                 320                   0             19.1229             10.7955             29.9183
                  50                 330                   0              20.206             10.7955             31.0014
                  50                 340                   0             21.4489             10.7955             32.2443
                  50                 350                   0             22.8693             10.2273             33.0966
                  50                 360                   0             23.9879             9.09091             33.0788
                  50                 370                   0             24.5384             11.3636              35.902
                  50                 380                   0             25.3018             11.3636             36.6655
                  50                 390                   0             26.1009             10.7955             36.8963
                  50                 400                   0             27.1307             11.9318             39.0625
                  50                 410                   0             27.8942             11.3636             39.2578
                  50                 420                   0             29.2614             10.7955             40.0568
                  50                 430                   0             30.9126             10.2273             41.1399
                  50                 440                   0             30.8416             10.7955             41.6371
                  50                 450                   0             32.7947             10.7955             43.5902
                  50                 460                   0             33.3807             10.7955             44.1761
                  50                 470                   0             34.6058             10.7955             45.4013
                  50                 480                   0             35.4226             10.7955              46.218
                  50                 490                   0             36.6122             10.7955             47.4077
                  50                 500                   0             38.1747             10.7955             48.9702
                  50                 510                   0             39.6662             10.7955             50.4616
                  50                 520                   0             40.5007             10.7955             51.2962
                  50                 530                   0             41.3352             10.2273             51.5625
                  50                 540                   0             43.0043             7.95455             50.9588
                  50                 550                   0             43.7678             7.95455             51.7223
                  50                 560                   0             45.7564             8.52273             54.2791
                  50                 570                   0             46.4134             8.52273             54.9361
                  50                 580                   0             46.8217             8.52273             55.3445
                  50                 590                   0             48.5618             7.38636             55.9482
                  50                 600                   0             51.2074             7.95455             59.1619
                  50                 610                   0             54.3501             7.38636             61.7365
                  50                 620                   0              53.782             7.38636             61.1683
                  50                 630                   0             54.5632             6.81818             61.3814
                  50                 640                   0             55.0781             6.81818             61.8963
                  50                 650                   0             56.7649             6.81818             63.5831
                  50                 660                   0             59.9787             6.81818             66.7969
                  50                 670                   0             61.0973             6.81818             67.9155
                  50                 680                   0             61.5589                6.25             67.8089
                  50                 690                   0             62.0739                6.25             68.3239
                  50                 700                   0             62.8551             5.68182             68.5369
                  50                 710                   0             63.6009             5.68182             69.2827
                  50                 720                   0             63.8317             5.68182             69.5135
                  50                 730                   0             64.0447             5.68182             69.7266
                  50                 740                   0             64.3288             5.68182             70.0107
                  50                 750                   0             64.4354             5.68182             70.1172
                  50                 760                   0             64.6129             5.68182             70.2947
                  50                 770                   0             64.6839             5.68182             70.3658
                  50                 780                   0             64.9325             5.68182             70.6143
                  50                 790                   0             65.3942             5.68182              71.076
                  50                 800                   0             65.5185             5.68182             71.2003
                  50                 810                   0             65.2699             5.68182             70.9517
                  50                 820                   0              67.223             1.13636             68.3594
                  50                 830                   0             67.1875             1.13636             68.3239
                  50                 840                   0             67.4183             1.13636             68.5547
                  50                 850                   0             67.4361             1.13636             68.5724
                  50                 860                   0             67.8267             1.13636             68.9631
                  50                 870                   0             67.8622             1.13636             68.9986
                  50                 880                   0               67.88             1.13636             69.0163
                  50                 890                   0             68.0575             1.13636             69.1939
                  50                 900                   0             68.1818             1.13636             69.3182
                  50                 910                   0             68.2528             1.13636             69.3892
                  50                 920                   0             69.3714             1.13636             70.5078
                  50                 930                   0             69.3892             1.13636             70.5256
                  50                 940                   0             70.5256             1.13636             71.6619
                  50                 950                   0              71.005             1.13636             72.1413
                  50                 960                   0             72.0703             1.13636             73.2067
                  50                 970                   0             72.0703             1.13636             73.2067
                  50                 980                   0             72.0703             1.13636             73.2067
                  50                 990                   0             72.0703             1.13636             73.2067
                  50                1000                   0             72.1413             1.13636             73.2777
