                  75                   0                   0             7.35085             30.6818             38.0327
                  75                  10                   0             8.34517             28.4091             36.7543
                  75                  20                   0             8.94886             34.6591              43.608
                  75                  30                   0               9.375             27.2727             36.6477
                  75                  40                   0             9.33949             28.4091             37.7486
                  75                  50                   0             9.94318             28.4091             38.3523
                  75                  60                   0             10.4581             30.6818             41.1399
                  75                  70                   0             11.1506             34.6591             45.8097
                  75                  80                   0             12.0561             27.8409              39.897
                  75                  90                   0             12.0739             28.4091              40.483
                  75                 100                   0             12.5888             25.5682              38.157
                  75                 110                   0             12.9261             22.1591             35.0852
                  75                 120                   0             12.9084             29.5455             42.4538
                  75                 130                   0             14.4886             20.4545             34.9432
                  75                 140                   0             15.1989             17.6136             32.8125
                  75                 150                   0             16.7969             16.4773             33.2741
                  75                 160                   0              17.081             15.3409             32.4219
                  75                 170                   0             17.5426             14.7727             32.3153
                  75                 180                   0             18.1463             14.2045             32.3509
                  75                 190                   0             18.4659             14.2045             32.6705
                  75                 200                   0             19.1406             14.7727             33.9134
                  75                 210                   0             20.5078             13.6364             34.1442
                  75                 220                   0             21.1648             13.6364             34.8011
                  75                 230                   0             21.7152             13.6364             35.3516
                  75                 240                   0             22.2834             13.6364             35.9197
                  75                 250                   0             23.1534             13.6364             36.7898
                  75                 260                   0             23.7571             13.0682             36.8253
                  75                 270                   0             24.0767             13.0682             37.1449
                  75                 280                   0             24.6626             13.0682             37.7308
                  75                 290                   0             25.5682             11.9318                37.5
                  75                 300                   0              26.527             11.9318             38.4588
                  75                 310                   0             27.6989             11.9318             39.6307
                  75                 320                   0             29.2791             11.9318             41.2109
                  75                 330                   0             30.5398                12.5             43.0398
                  75                 340                   0             32.6172                12.5             45.1172
                  75                 350                   0             34.2862                12.5             46.7862
                  75                 360                   0             35.4226             7.95455             43.3771
                  75                 370                   0             37.7308             7.95455             45.6854
                  75                 380                   0              40.767             7.38636             48.1534
                  75                 390                   0             42.6136             7.38636                  50
                  75                 400                   0             44.0874             7.38636             51.4737
                  75                 410                   0             45.8097             7.38636              53.196
                  75                 420                   0             47.1413             6.81818             53.9595
                  75                 430                   0             48.7393             6.81818             55.5575
                  75                 440                   0             49.7514             6.81818             56.5696
                  75                 450                   0             51.1719             5.68182             56.8537
                  75                 460                   0              52.255             5.68182             57.9368
                  75                 470                   0              53.853             5.68182             59.5348
                  75                 480                   0             52.6634             5.68182             58.3452
                  75                 490                   0             55.1669             5.68182             60.8487
                  75                 500                   0             56.4986             4.54545              61.044
                  75                 510                   0             56.9957             4.54545             61.5412
                  75                 520                   0             58.2919             3.97727             62.2692
                  75                 530                   0             59.2862             3.97727             63.2635
                  75                 540                   0             60.4581             3.97727             64.4354
                  75                 550                   0             62.1271             3.40909             65.5362
                  75                 560                   0             64.3999             2.84091             67.2408
                  75                 570                   0             65.6072             2.84091             68.4482
                  75                 580                   0             68.8388             2.84091             71.6797
                  75                 590                   0             69.2294             2.84091             72.0703
                  75                 600                   0             70.5256             2.27273             72.7983
                  75                 610                   0             71.7152             2.27273             73.9879
                  75                 620                   0             72.0703             1.70455             73.7749
                  75                 630                   0             72.3011             1.70455             74.0057
                  75                 640                   0              73.544             1.70455             75.2486
                  75                 650                   0             73.7216             1.70455             75.4261
                  75                 660                   0             74.3075             1.70455             76.0121
                  75                 670                   0             74.6626             1.13636              75.799
                  75                 680                   0              75.071             1.13636             76.2074
                  75                 690                   0             74.4318             1.13636             75.5682
                  75                 700                   0             74.8224             1.13636             75.9588
                  75                 710                   0             75.1065             1.13636             76.2429
                  75                 720                   0             75.2131             1.13636             76.3494
                  75                 730                   0             76.2429             1.13636             77.3793
                  75                 740                   0             76.5803             1.13636             77.7166
                  75                 750                   0             76.6513             1.13636             77.7876
                  75                 760                   0              76.669             1.13636             77.8054
                  75                 770                   0             77.7344             1.13636             78.8707
                  75                 780                   0             77.8409             1.13636             78.9773
                  75                 790                   0             77.2017             1.13636             78.3381
                  75                 800                   0             78.5156             1.13636              79.652
                  75                 810                   0             79.1903             1.13636             80.3267
                  75                 820                   0             79.2081             1.13636             80.3445
                  75                 830                   0             79.2791             1.13636             80.4155
                  75                 840                   0             80.3267             1.13636             81.4631
                  75                 850                   0             80.5398             1.13636             81.6761
                  75                 860                   0             80.5753             1.13636             81.7116
                  75                 870                   0             80.8061             1.13636             81.9425
                  75                 880                   0             78.0717             5.68182             83.7536
                  75                 890                   0             78.0717             5.68182             83.7536
                  75                 900                   0             78.0895             5.68182             83.7713
                  75                 910                   0             78.2848             5.68182             83.9666
                  75                 920                   0             78.5334             5.68182             84.2152
                  75                 930                   0             79.3146             5.68182             84.9964
                  75                 940                   0             79.7585             5.68182             85.4403
                  75                 950                   0             80.5575             5.68182             86.2393
                  75                 960                   0              80.593             5.68182             86.2749
                  75                 970                   0             80.6463             5.68182             86.3281
                  75                 980                   0             80.6463             5.68182             86.3281
                  75                 990                   0             80.6108             5.68182             86.2926
                  75                1000                   0             80.6641             5.68182             86.3459
