                  30                   0                   0            0.142045             66.4773             66.6193
                  30                  10                   0             0.24858             63.6364             63.8849
                  30                  20                   0            0.284091             60.2273             60.5114
                  30                  30                   0            0.319602             53.9773             54.2969
                  30                  40                   0            0.319602             52.8409             53.1605
                  30                  50                   0            0.319602                  50             50.3196
                  30                  60                   0            0.426136             50.5682             50.9943
                  30                  70                   0            0.426136             48.2955             48.7216
                  30                  80                   0            0.585938             47.1591              47.745
                  30                  90                   0            0.692472             42.6136             43.3061
                  30                 100                   0             1.04759             41.4773             42.5249
                  30                 110                   0             1.26065             33.5227             34.7834
                  30                 120                   0             1.86435             31.8182             33.6825
                  30                 130                   0             2.05966             30.1136             32.1733
                  30                 140                   0              2.6456             27.8409             30.4865
                  30                 150                   0              3.2848             20.4545             23.7393
                  30                 160                   0             3.79972             19.8864             23.6861
                  30                 170                   0             3.39134             24.4318             27.8232
                  30                 180                   0             4.58097             26.1364             30.7173
                  30                 190                   0             4.77628             23.8636             28.6399
                  30                 200                   0                6.25             19.3182             25.5682
                  30                 210                   0             6.65838             19.8864             26.5447
                  30                 220                   0             7.61719             13.6364             21.2536
                  30                 230                   0             8.00781             13.0682              21.076
                  30                 240                   0             7.59943             15.9091             23.5085
                  30                 250                   0             8.59375             15.3409             23.9347
                  30                 260                   0             9.03764             15.3409             24.3786
                  30                 270                   0             9.90767             15.3409             25.2486
                  30                 280                   0             10.2095             13.6364             23.8459
                  30                 290                   0             10.4936             13.6364               24.13
                  30                 300                   0             11.2571             13.0682             24.3253
                  30                 310                   0             11.5767                12.5             24.0767
                  30                 320                   0             11.8608                12.5             24.3608
                  30                 330                   0             12.1804                12.5             24.6804
                  30                 340                   0             12.9972             11.9318              24.929
                  30                 350                   0             13.4588             13.0682              26.527
                  30                 360                   0             13.9205             13.0682             26.9886
                  30                 370                   0             13.4588             14.2045             27.6634
                  30                 380                   0             13.7607             13.6364              27.397
                  30                 390                   0              14.968             10.7955             25.7635
                  30                 400                   0             17.3473             10.7955             28.1428
                  30                 410                   0             18.6612             10.7955             29.4567
                  30                 420                   0             19.4425             10.2273             29.6697
                  30                 430                   0             19.7621             10.2273             29.9893
                  30                 440                   0             19.7621             9.09091              28.853
                  30                 450                   0              21.733             9.09091             30.8239
                  30                 460                   0             22.4787             9.09091             31.5696
                  30                 470                   0             23.9702             8.52273             32.4929
                  30                 480                   0             25.4261             10.2273             35.6534
                  30                 490                   0             25.4261             8.52273             33.9489
                  30                 500                   0             26.0121             8.52273             34.5348
                  30                 510                   0             26.3139             7.38636             33.7003
                  30                 520                   0             26.8821             7.38636             34.2685
                  30                 530                   0             27.9297             7.38636             35.3161
                  30                 540                   0             30.6818             8.52273             39.2045
                  30                 550                   0              32.706             8.52273             41.2287
                  30                 560                   0             33.8423             6.81818             40.6605
                  30                 570                   0             35.6712                6.25             41.9212
                  30                 580                   0             36.6832                6.25             42.9332
                  30                 590                   0             37.9439             5.11364             43.0575
                  30                 600                   0             37.8018             9.09091             46.8928
                  30                 610                   0             38.3168             9.09091             47.4077
                  30                 620                   0             40.3232             9.09091             49.4141
                  30                 630                   0              42.081             8.52273             50.6037
                  30                 640                   0             43.9453             9.65909             53.6044
                  30                 650                   0             44.6555             8.52273             53.1783
                  30                 660                   0             45.1349             8.52273             53.6577
                  30                 670                   0             47.7805             7.95455             55.7351
                  30                 680                   0             48.4375             7.95455              56.392
                  30                 690                   0              48.331             9.65909             57.9901
                  30                 700                   0               49.13             9.65909             58.7891
                  30                 710                   0             47.0348             9.65909             56.6939
                  30                 720                   0             48.9879             6.81818             55.8061
                  30                 730                   0             49.5384             6.81818             56.3565
                  30                 740                   0             50.4439             6.81818             57.2621
                  30                 750                   0             52.3438             6.81818             59.1619
                  30                 760                   0             52.8764             6.81818             59.6946
                  30                 770                   0             53.0717             6.81818             59.8899
                  30                 780                   0             53.3203             6.81818             60.1385
                  30                 790                   0             53.6932             6.81818             60.5114
                  30                 800                   0             54.9006             5.68182             60.5824
                  30                 810                   0             54.9538             5.68182             60.6357
                  30                 820                   0             56.0724             5.68182             61.7543
                  30                 830                   0             56.1967             5.68182             61.8786
                  30                 840                   0             56.8714             5.68182             62.5533
                  30                 850                   0             57.4574             5.68182             63.1392
                  30                 860                   0             58.6825             5.68182             64.3643
                  30                 870                   0             61.3814             5.68182             67.0632
                  30                 880                   0             61.4524             5.68182             67.1342
                  30                 890                   0             62.4645             5.68182             68.1463
                  30                 900                   0             63.5831             5.68182             69.2649
                  30                 910                   0             64.0092             5.68182             69.6911
                  30                 920                   0              64.027             5.68182             69.7088
                  30                 930                   0             64.1158             5.68182             69.7976
                  30                 940                   0              64.169             5.68182             69.8509
                  30                 950                   0             64.3288             5.68182             70.0107
                  30                 960                   0             64.0447             5.68182             69.7266
                  30                 970                   0              64.098             5.68182             69.7798
                  30                 980                   0             64.1513             5.68182             69.8331
                  30                 990                   0             66.5838             5.68182             72.2656
                  30                1000                   0             66.5838             5.68182             72.2656
