                  15                   0                   0                   0             92.0455             92.0455
                  15                  10                   0                   0             89.7727             89.7727
                  15                  20                   0                   0             89.2045             89.2045
                  15                  30                   0                   0             88.0682             88.0682
                  15                  40                   0                   0             84.6591             84.6591
                  15                  50                   0                   0             83.5227             83.5227
                  15                  60                   0            0.053267             79.5455             79.5987
                  15                  70                   0                   0             74.4318             74.4318
                  15                  80                   0           0.0355114                  75             75.0355
                  15                  90                   0           0.0710227             69.3182             69.3892
                  15                 100                   0           0.0887784             67.0455             67.1342
                  15                 110                   0            0.106534             59.0909             59.1974
                  15                 120                   0            0.106534               56.25             56.3565
                  15                 130                   0            0.106534                  50             50.1065
                  15                 140                   0             0.24858             47.1591             47.4077
                  15                 150                   0            0.408381             41.4773             41.8857
                  15                 160                   0            0.514915             32.9545             33.4695
                  15                 170                   0            0.710227             29.5455             30.2557
                  15                 180                   0            0.692472             27.8409             28.5334
                  15                 190                   0             1.10085                  25             26.1009
                  15                 200                   0             1.20739             24.4318             25.6392
                  15                 210                   0             2.05966             23.8636             25.9233
                  15                 220                   0             2.36151             26.7045             29.0661
                  15                 230                   0             2.59233             23.8636              26.456
                  15                 240                   0              3.4446             18.1818             21.6264
                  15                 250                   0             3.67543             13.6364             17.3118
                  15                 260                   0             3.97727                12.5             16.4773
                  15                 270                   0             4.40341             10.7955             15.1989
                  15                 280                   0             4.77628             15.3409             20.1172
                  15                 290                   0             4.90057             14.2045             19.1051
                  15                 300                   0              5.1669             14.2045             19.3714
                  15                 310                   0             4.50994             17.6136             22.1236
                  15                 320                   0             5.69957             13.0682             18.7678
                  15                 330                   0             6.19673             14.2045             20.4013
                  15                 340                   0             6.55185             13.0682               19.62
                  15                 350                   0             6.76491             13.0682             19.8331
                  15                 360                   0             7.13778             13.0682              20.206
                  15                 370                   0             6.65838             15.9091             22.5675
                  15                 380                   0             6.94247             15.9091             22.8516
                  15                 390                   0             8.39844             11.9318             20.3303
                  15                 400                   0             8.94886             10.2273             19.1761
                  15                 410                   0             9.33949             10.2273             19.5668
                  15                 420                   0             10.1207             10.7955             20.9162
                  15                 430                   0             10.5824             10.7955             21.3778
                  15                 440                   0             11.2571             9.09091              20.348
                  15                 450                   0             12.9084             11.9318             24.8402
                  15                 460                   0              13.157             10.7955             23.9524
                  15                 470                   0             13.7074             10.2273             23.9347
                  15                 480                   0             16.2464             9.65909             25.9055
                  15                 490                   0             17.6314             10.2273             27.8587
                  15                 500                   0             18.2173             10.2273             28.4446
                  15                 510                   0              18.821             10.2273             29.0483
                  15                 520                   0             19.1939             9.65909              28.853
                  15                 530                   0             19.6911             9.09091              28.782
                  15                 540                   0             18.3771             11.3636             29.7408
                  15                 550                   0             18.7145             10.7955             29.5099
                  15                 560                   0             19.9929             9.65909              29.652
                  15                 570                   0             21.9993             9.65909             31.6584
                  15                 580                   0             22.4077             9.09091             31.4986
                  15                 590                   0             21.6264             8.52273             30.1491
                  15                 600                   0             23.4197             8.52273             31.9425
                  15                 610                   0             23.8459             8.52273             32.3686
                  15                 620                   0             22.3366             10.7955             33.1321
                  15                 630                   0             22.6385             10.7955             33.4339
                  15                 640                   0             25.7635                12.5             38.2635
                  15                 650                   0             26.9886             7.95455             34.9432
                  15                 660                   0             27.1662             7.95455             35.1207
                  15                 670                   0             27.2017             7.95455             35.1562
                  15                 680                   0             26.3139             7.95455             34.2685
                  15                 690                   0             28.3381             2.84091              31.179
                  15                 700                   0             28.5511             2.84091              31.392
                  15                 710                   0             31.5163             3.40909             34.9254
                  15                 720                   0             33.7713             4.54545             38.3168
                  15                 730                   0             36.2926             4.54545             40.8381
                  15                 740                   0             34.8189             3.97727             38.7962
                  15                 750                   0             39.4531             3.97727             43.4304
                  15                 760                   0             41.0866             3.97727             45.0639
                  15                 770                   0             41.9034             2.84091             44.7443
                  15                 780                   0             42.7557             2.84091             45.5966
                  15                 790                   0             43.2173             2.84091             46.0582
                  15                 800                   0             45.0639             2.84091             47.9048
                  15                 810                   0             45.4013             2.84091             48.2422
                  15                 820                   0             45.6854             2.84091             48.5263
                  15                 830                   0             45.9162             2.84091             48.7571
                  15                 840                   0             46.2713             2.84091             49.1122
                  15                 850                   0             46.3068             7.38636             53.6932
                  15                 860                   0             46.6087             7.38636              53.995
                  15                 870                   0             47.4609             7.38636             54.8473
                  15                 880                   0             47.6562             7.38636             55.0426
                  15                 890                   0             47.7095             7.38636             55.0959
                  15                 900                   0             47.9226             7.38636             55.3089
                  15                 910                   0             47.2479             7.38636             54.6342
                  15                 920                   0             48.2422             6.81818             55.0604
                  15                 930                   0             50.0888             1.13636             51.2251
                  15                 940                   0             51.7045             3.40909             55.1136
                  15                 950                   0             53.6932             1.13636             54.8295
                  15                 960                   0             55.0959             1.13636             56.2322
                  15                 970                   0             55.1136             1.13636               56.25
                  15                 980                   0             55.3622             1.13636             56.4986
                  15                 990                   0              55.522             1.13636             56.6584
                  15                1000                   0             56.1967             3.40909             59.6058
