                  25                   0                   0            0.106534             70.4545             70.5611
                  25                  10                   0           0.0887784             69.3182              69.407
                  25                  20                   0           0.0887784             68.1818             68.2706
                  25                  30                   0             0.12429             67.6136             67.7379
                  25                  40                   0            0.301847             65.3409             65.6428
                  25                  50                   0             0.12429             64.7727              64.897
                  25                  60                   0            0.142045             61.3636             61.5057
                  25                  70                   0            0.213068             52.2727             52.4858
                  25                  80                   0            0.284091             48.8636             49.1477
                  25                  90                   0            0.301847             48.2955             48.5973
                  25                 100                   0            0.319602             48.2955             48.6151
                  25                 110                   0            0.426136             43.1818              43.608
                  25                 120                   0            0.870028             42.0455             42.9155
                  25                 130                   0             1.17188             33.5227             34.6946
                  25                 140                   0             1.13636             31.8182             32.9545
                  25                 150                   0             1.38494             28.9773             30.3622
                  25                 160                   0             1.65128             28.4091             30.0604
                  25                 170                   0             1.66903                  25              26.669
                  25                 180                   0             2.78764             27.2727             30.0604
                  25                 190                   0             3.58665             22.7273             26.3139
                  25                 200                   0             4.42116             19.3182             23.7393
                  25                 210                   0             4.63423             14.7727              19.407
                  25                 220                   0              4.8473             15.9091             20.7564
                  25                 230                   0             5.73509             15.3409              21.076
                  25                 240                   0             6.87145             13.0682             19.9396
                  25                 250                   0             7.19105             14.2045             21.3956
                  25                 260                   0             7.51065             14.2045             21.7152
                  25                 270                   0             7.68821             16.4773             24.1655
                  25                 280                   0             8.70028             11.3636             20.0639
                  25                 290                   0             9.03764             10.7955             19.8331
                  25                 300                   0             9.87216             11.9318              21.804
                  25                 310                   0              10.245             10.2273             20.4723
                  25                 320                   0             10.8132             10.2273             21.0405
                  25                 330                   0             11.2571             9.65909             20.9162
                  25                 340                   0             11.5589             9.65909              21.218
                  25                 350                   0             11.9851             9.65909             21.6442
                  25                 360                   0             12.7663             11.9318             24.6982
                  25                 370                   0              12.429             11.9318             24.3608
                  25                 380                   0             13.9027             11.9318             25.8345
                  25                 390                   0             14.2933             11.9318             26.2251
                  25                 400                   0             14.4886             14.7727             29.2614
                  25                 410                   0             15.5717             14.7727             30.3445
                  25                 420                   0              14.027             11.9318             25.9588
                  25                 430                   0             14.2223                12.5             26.7223
                  25                 440                   0             18.3416             11.3636             29.7053
                  25                 450                   0             19.5312             10.7955             30.3267
                  25                 460                   0             20.1705             10.2273             30.3977
                  25                 470                   0             20.0462             8.52273             28.5689
                  25                 480                   0             20.5078             8.52273             29.0305
                  25                 490                   0             21.4666             9.65909             31.1257
                  25                 500                   0             22.0703             7.95455             30.0249
                  25                 510                   0             23.7038             9.09091             32.7947
                  25                 520                   0               24.13             9.09091             33.2209
                  25                 530                   0             25.4972             9.09091             34.5881
                  25                 540                   0             26.1896             9.09091             35.2805
                  25                 550                   0             26.4915             8.52273             35.0142
                  25                 560                   0             26.9531             7.38636             34.3395
                  25                 570                   0             30.1314             6.81818             36.9496
                  25                 580                   0             33.0078             6.81818              39.826
                  25                 590                   0             33.8601             6.81818             40.6783
                  25                 600                   0             35.7422             5.68182              41.424
                  25                 610                   0             36.7543             5.68182             42.4361
                  25                 620                   0              38.299             5.68182             43.9808
                  25                 630                   0             40.1811             4.54545             44.7266
                  25                 640                   0             41.5128             4.54545             46.0582
                  25                 650                   0             42.3295             3.97727             46.3068
                  25                 660                   0             43.9098             4.54545             48.4553
                  25                 670                   0             43.5014             9.09091             52.5923
                  25                 680                   0             43.9986             8.52273             52.5213
                  25                 690                   0             45.5611             7.95455             53.5156
                  25                 700                   0              46.804             7.95455             54.7585
                  25                 710                   0             46.9283             7.95455             54.8828
                  25                 720                   0             47.4254             7.95455               55.38
                  25                 730                   0             48.9347             7.38636              56.321
                  25                 740                   0             49.7337             7.38636               57.12
                  25                 750                   0             48.5263             7.38636             55.9126
                  25                 760                   0             50.9943             7.38636             58.3807
                  25                 770                   0             51.8288             7.38636             59.2152
                  25                 780                   0              53.196             7.38636             60.5824
                  25                 790                   0             52.9652                6.25             59.2152
                  25                 800                   0             53.4979                6.25             59.7479
                  25                 810                   0             53.2493                6.25             59.4993
                  25                 820                   0             53.6044                6.25             59.8544
                  25                 830                   0             53.8175                6.25             60.0675
                  25                 840                   0             55.9126                6.25             62.1626
                  25                 850                   0              56.392                6.25              62.642
                  25                 860                   0             56.6051                6.25             62.8551
                  25                 870                   0             56.6584                6.25             62.9084
                  25                 880                   0             56.7472                6.25             62.9972
                  25                 890                   0              56.907                6.25              63.157
                  25                 900                   0             57.0668             5.68182             62.7486
                  25                 910                   0             57.2443             5.68182             62.9261
                  25                 920                   0              57.049             5.68182             62.7308
                  25                 930                   0             59.0021             5.68182             64.6839
                  25                 940                   0             59.0554             5.68182             64.7372
                  25                 950                   0             60.1385             5.68182             65.8203
                  25                 960                   0             60.1562             5.68182             65.8381
                  25                 970                   0             61.1151             5.68182             66.7969
                  25                 980                   0             61.6832             5.68182             67.3651
                  25                 990                   0              61.772             5.68182             67.4538
                  25                1000                   0              61.843             5.68182             67.5249
