                  30                   0                   0             19.6911             14.2045             33.8956
                  30                  10                   0              20.277             14.2045             34.4815
                  30                  20                   0             20.6854             13.0682             33.7536
                  30                  30                   0              21.147                12.5              33.647
                  30                  40                   0             21.6974             11.9318             33.6293
                  30                  50                   0             22.2301             11.3636             33.5938
                  30                  60                   0             22.7273             10.7955             33.5227
                  30                  70                   0             23.2422             10.2273             33.4695
                  30                  80                   0             23.7571             10.2273             33.9844
                  30                  90                   0             24.5739             9.65909              34.233
                  30                 100                   0             25.2841             9.65909             34.9432
                  30                 110                   0             26.2251             9.65909             35.8842
                  30                 120                   0             26.8821             9.65909             36.5412
                  30                 130                   0             27.5746             9.65909             37.2337
                  30                 140                   0             28.3026             7.95455             36.2571
                  30                 150                   0             28.8885             6.81818             35.7067
                  30                 160                   0             28.5866             10.2273             38.8139
                  30                 170                   0             28.8885             8.52273             37.4112
                  30                 180                   0             29.7763             6.81818             36.5945
                  30                 190                   0             30.1847             6.81818             37.0028
                  30                 200                   0             30.5398             6.81818              37.358
                  30                 210                   0             30.7706             6.81818             37.5888
                  30                 220                   0             32.3864             2.27273             34.6591
                  30                 230                   0             32.7592             1.70455             34.4638
                  30                 240                   0             33.2919             1.70455             34.9964
                  30                 250                   0             34.0554             1.70455             35.7599
                  30                 260                   0             34.7301             1.70455             36.4347
                  30                 270                   0             35.2805             1.70455             36.9851
                  30                 280                   0             36.2393             1.70455             37.9439
                  30                 290                   0             36.6122             1.70455             38.3168
                  30                 300                   0             38.0504             1.70455              39.755
                  30                 310                   0             39.9503             1.70455             41.6548
                  30                 320                   0             40.1989             1.13636             41.3352
                  30                 330                   0             40.9268             1.13636             42.0632
                  30                 340                   0             41.0866             1.13636              42.223
                  30                 350                   0             42.1342            0.568182             42.7024
                  30                 360                   0             43.1818            0.568182               43.75
                  30                 370                   0             43.4304            0.568182             43.9986
                  30                 380                   0             43.9276            0.568182             44.4957
                  30                 390                   0             44.3714            0.568182             44.9396
                  30                 400                   0             44.6911            0.568182             45.2592
                  30                 410                   0             44.9574            0.568182             45.5256
                  30                 420                   0              45.206            0.568182             45.7741
                  30                 430                   0              46.005            0.568182             46.5732
                  30                 440                   0             47.1413            0.568182             47.7095
                  30                 450                   0             48.3487                   0             48.3487
                  30                 460                   0             48.7216                   0             48.7216
                  30                 470                   0             48.9702                   0             48.9702
                  30                 480                   0             49.2365                   0             49.2365
                  30                 490                   0             49.4141                   0             49.4141
                  30                 500                   0             49.9645                   0             49.9645
                  30                 510                   0             51.2074                   0             51.2074
                  30                 520                   0              51.598                   0              51.598
                  30                 530                   0             51.6868                   0             51.6868
                  30                 540                   0             51.9176                   0             51.9176
                  30                 550                   0             52.0064                   0             52.0064
                  30                 560                   0             52.6456                   0             52.6456
                  30                 570                   0             52.8409                   0             52.8409
                  30                 580                   0             52.9652                   0             52.9652
                  30                 590                   0             53.5689                   0             53.5689
                  30                 600                   0             54.0128                   0             54.0128
                  30                 610                   0             54.4034                   0             54.4034
                  30                 620                   0             54.9006                   0             54.9006
                  30                 630                   0             56.0369                   0             56.0369
                  30                 640                   0             57.4929                   0             57.4929
                  30                 650                   0             58.4162                   0             58.4162
                  30                 660                   0              58.505                   0              58.505
                  30                 670                   0             60.4759                   0             60.4759
                  30                 680                   0             61.4169                   0             61.4169
                  30                 690                   0             62.5533                   0             62.5533
                  30                 700                   0             62.9794                   0             62.9794
                  30                 710                   0             64.0803                   0             64.0803
                  30                 720                   0             64.2045                   0             64.2045
                  30                 730                   0             64.3999                   0             64.3999
                  30                 740                   0             66.9389                   0             66.9389
                  30                 750                   0             67.5781                   0             67.5781
                  30                 760                   0             68.3771                   0             68.3771
                  30                 770                   0              68.608                   0              68.608
                  30                 780                   0             68.7678                   0             68.7678
                  30                 790                   0             70.4368                   0             70.4368
                  30                 800                   0             72.7628                   0             72.7628
                  30                 810                   0              73.402                   0              73.402
                  30                 820                   0             74.9822                   0             74.9822
                  30                 830                   0             76.0298                   0             76.0298
                  30                 840                   0              76.598                   0              76.598
                  30                 850                   0             77.1484                   0             77.1484
                  30                 860                   0             78.3558                   0             78.3558
                  30                 870                   0             78.6222                   0             78.6222
                  30                 880                   0             79.8828                   0             79.8828
                  30                 890                   0             79.9538                   0             79.9538
                  30                 900                   0             80.3089                   0             80.3089
                  30                 910                   0             80.7351                   0             80.7351
                  30                 920                   0             82.8835                   0             82.8835
                  30                 930                   0             83.8423                   0             83.8423
                  30                 940                   0             84.0021                   0             84.0021
                  30                 950                   0             84.0909                   0             84.0909
                  30                 960                   0             84.1619                   0             84.1619
                  30                 970                   0             84.2685                   0             84.2685
                  30                 980                   0             84.2862                   0             84.2862
                  30                 990                   0             84.6768                   0             84.6768
                  30                1000                   0             84.7301                   0             84.7301
