                 100                   0                   0             46.5199             2.84091             49.3608
                 100                  10                   0             47.9936             2.84091             50.8345
                 100                  20                   0              48.402             2.84091             51.2429
                 100                  30                   0             49.0057             2.27273             51.2784
                 100                  40                   0             49.1655             2.27273             51.4382
                 100                  50                   0             49.5384             2.27273             51.8111
                 100                  60                   0             49.9112             2.27273             52.1839
                 100                  70                   0             50.4084             1.70455             52.1129
                 100                  80                   0             50.6214             1.70455              52.326
                 100                  90                   0             50.7635             1.70455              52.468
                 100                 100                   0             50.8878             1.70455             52.5923
                 100                 110                   0             51.4205             1.70455              53.125
                 100                 120                   0             51.7933             1.70455             53.4979
                 100                 130                   0             52.1129             1.70455             53.8175
                 100                 140                   0             53.0895             1.70455              54.794
                 100                 150                   0             54.1016             1.70455             55.8061
                 100                 160                   0             55.3267             1.70455             57.0312
                 100                 170                   0             55.7884             1.70455             57.4929
                 100                 180                   0             55.9126             1.13636              57.049
                 100                 190                   0             56.6406             1.13636              57.777
                 100                 200                   0              58.505             1.13636             59.6413
                 100                 210                   0             60.6534            0.568182             61.2216
                 100                 220                   0             63.0504            0.568182             63.6186
                 100                 230                   0             66.2464            0.568182             66.8146
                 100                 240                   0             67.4183            0.568182             67.9865
                 100                 250                   0             68.4659            0.568182             69.0341
                 100                 260                   0             69.3714            0.568182             69.9396
                 100                 270                   0               69.62            0.568182             70.1882
                 100                 280                   0             69.9929            0.568182             70.5611
                 100                 290                   0             70.7031            0.568182             71.2713
                 100                 300                   0             72.5675            0.568182             73.1357
                 100                 310                   0             73.4553                   0             73.4553
                 100                 320                   0             74.3253                   0             74.3253
                 100                 330                   0             75.4439                   0             75.4439
                 100                 340                   0             76.0121                   0             76.0121
                 100                 350                   0             77.3793                   0             77.3793
                 100                 360                   0             78.4268                   0             78.4268
                 100                 370                   0             79.7053                   0             79.7053
                 100                 380                   0             80.0959                   0             80.0959
                 100                 390                   0             80.2024                   0             80.2024
                 100                 400                   0             81.1435                   0             81.1435
                 100                 410                   0             81.7827                   0             81.7827
                 100                 420                   0             82.3686                   0             82.3686
                 100                 430                   0             82.9368                   0             82.9368
                 100                 440                   0             84.8899                   0             84.8899
                 100                 450                   0              86.044                   0              86.044
                 100                 460                   0             86.3991                   0             86.3991
                 100                 470                   0             87.3224                   0             87.3224
                 100                 480                   0             87.9084                   0             87.9084
                 100                 490                   0             88.0504                   0             88.0504
                 100                 500                   0             88.1925                   0             88.1925
                 100                 510                   0             88.4233                   0             88.4233
                 100                 520                   0             88.6186                   0             88.6186
                 100                 530                   0             88.9205                   0             88.9205
                 100                 540                   0             89.0625                   0             89.0625
                 100                 550                   0             89.2045                   0             89.2045
                 100                 560                   0             89.5597                   0             89.5597
                 100                 570                   0             89.7195                   0             89.7195
                 100                 580                   0             90.2166                   0             90.2166
                 100                 590                   0             90.3232                   0             90.3232
                 100                 600                   0             90.8381                   0             90.8381
                 100                 610                   0             91.0689                   0             91.0689
                 100                 620                   0             91.1399                   0             91.1399
                 100                 630                   0             91.1932                   0             91.1932
                 100                 640                   0             91.2109                   0             91.2109
                 100                 650                   0              91.353                   0              91.353
                 100                 660                   0             91.7614                   0             91.7614
                 100                 670                   0             91.7791                   0             91.7791
                 100                 680                   0             91.8324                   0             91.8324
                 100                 690                   0             92.0632                   0             92.0632
                 100                 700                   0              92.152                   0              92.152
                 100                 710                   0             92.1875                   0             92.1875
                 100                 720                   0              92.223                   0              92.223
                 100                 730                   0             92.2585                   0             92.2585
                 100                 740                   0             92.3473                   0             92.3473
                 100                 750                   0             92.3828                   0             92.3828
                 100                 760                   0             92.5426                   0             92.5426
                 100                 770                   0             92.5604                   0             92.5604
                 100                 780                   0             93.2706                   0             93.2706
                 100                 790                   0             93.2884                   0             93.2884
                 100                 800                   0             94.8509                   0             94.8509
                 100                 810                   0             94.9219                   0             94.9219
                 100                 820                   0             95.7741                   0             95.7741
                 100                 830                   0             95.8097                   0             95.8097
                 100                 840                   0             95.9162                   0             95.9162
                 100                 850                   0             95.9339                   0             95.9339
                 100                 860                   0             96.0227                   0             96.0227
                 100                 870                   0             96.0227                   0             96.0227
                 100                 880                   0             96.0227                   0             96.0227
                 100                 890                   0             96.0405                   0             96.0405
                 100                 900                   0              96.076                   0              96.076
                 100                 910                   0              96.076                   0              96.076
                 100                 920                   0             96.0938                   0             96.0938
                 100                 930                   0             96.1293                   0             96.1293
                 100                 940                   0              96.218                   0              96.218
                 100                 950                   0             96.2713                   0             96.2713
                 100                 960                   0             96.4134                   0             96.4134
                 100                 970                   0             96.4134                   0             96.4134
                 100                 980                   0             96.4844                   0             96.4844
                 100                 990                   0             96.4844                   0             96.4844
                 100                1000                   0             96.4844                   0             96.4844
