                  80                   0                   0              41.495             3.97727             45.4723
                  80                  10                   0             41.9744             2.84091             44.8153
                  80                  20                   0              42.294             2.84091             45.1349
                  80                  30                   0             42.5781             2.84091              45.419
                  80                  40                   0             42.8445             2.84091             45.6854
                  80                  50                   0             43.2351             2.84091              46.076
                  80                  60                   0             44.0341             2.84091              46.875
                  80                  70                   0             45.1705             2.27273             47.4432
                  80                  80                   0              46.218             2.27273             48.4908
                  80                  90                   0             46.5199             1.70455             48.2244
                  80                 100                   0             46.9815             1.70455             48.6861
                  80                 110                   0             47.3011             1.70455             49.0057
                  80                 120                   0             47.7983             1.70455             49.5028
                  80                 130                   0             48.4197             1.70455             50.1243
                  80                 140                   0             49.1477             1.70455             50.8523
                  80                 150                   0             49.5384             1.70455             51.2429
                  80                 160                   0                  50             1.70455             51.7045
                  80                 170                   0             50.4794             1.70455             52.1839
                  80                 180                   0             51.0831             1.70455             52.7876
                  80                 190                   0             51.2784             1.70455              52.983
                  80                 200                   0             51.5625             1.13636             52.6989
                  80                 210                   0             51.6158             1.13636             52.7521
                  80                 220                   0              52.255            0.568182             52.8232
                  80                 230                   0             52.8232            0.568182             53.3913
                  80                 240                   0             53.4624            0.568182             54.0305
                  80                 250                   0             53.9773            0.568182             54.5455
                  80                 260                   0             54.6697            0.568182             55.2379
                  80                 270                   0             56.0369            0.568182             56.6051
                  80                 280                   0             57.2621            0.568182             57.8303
                  80                 290                   0             57.4574            0.568182             58.0256
                  80                 300                   0              57.919            0.568182             58.4872
                  80                 310                   0             58.8246                   0             58.8246
                  80                 320                   0             59.9609                   0             59.9609
                  80                 330                   0             61.0973                   0             61.0973
                  80                 340                   0             62.9794                   0             62.9794
                  80                 350                   0             65.5895                   0             65.5895
                  80                 360                   0             67.0632                   0             67.0632
                  80                 370                   0             69.5135                   0             69.5135
                  80                 380                   0             71.2003                   0             71.2003
                  80                 390                   0              72.017                   0              72.017
                  80                 400                   0              72.674                   0              72.674
                  80                 410                   0              74.201                   0              74.201
                  80                 420                   0             75.6214                   0             75.6214
                  80                 430                   0             77.0064                   0             77.0064
                  80                 440                   0              77.397                   0              77.397
                  80                 450                   0             78.1072                   0             78.1072
                  80                 460                   0             78.6932                   0             78.6932
                  80                 470                   0             79.1193                   0             79.1193
                  80                 480                   0             80.1136                   0             80.1136
                  80                 490                   0             81.2855                   0             81.2855
                  80                 500                   0             81.9602                   0             81.9602
                  80                 510                   0             83.8246                   0             83.8246
                  80                 520                   0             84.5881                   0             84.5881
                  80                 530                   0             84.9609                   0             84.9609
                  80                 540                   0             85.5291                   0             85.5291
                  80                 550                   0             86.1506                   0             86.1506
                  80                 560                   0             86.3281                   0             86.3281
                  80                 570                   0              86.701                   0              86.701
                  80                 580                   0             87.1982                   0             87.1982
                  80                 590                   0             87.4112                   0             87.4112
                  80                 600                   0             87.7663                   0             87.7663
                  80                 610                   0             88.2457                   0             88.2457
                  80                 620                   0             88.3345                   0             88.3345
                  80                 630                   0             88.5121                   0             88.5121
                  80                 640                   0              89.169                   0              89.169
                  80                 650                   0             89.4886                   0             89.4886
                  80                 660                   0             89.4886                   0             89.4886
                  80                 670                   0             89.5774                   0             89.5774
                  80                 680                   0             89.6307                   0             89.6307
                  80                 690                   0             89.7372                   0             89.7372
                  80                 700                   0              89.968                   0              89.968
                  80                 710                   0             90.3409                   0             90.3409
                  80                 720                   0             90.6072                   0             90.6072
                  80                 730                   0             90.6605                   0             90.6605
                  80                 740                   0              90.696                   0              90.696
                  80                 750                   0             90.7848                   0             90.7848
                  80                 760                   0             90.8913                   0             90.8913
                  80                 770                   0             91.0156                   0             91.0156
                  80                 780                   0             91.5661                   0             91.5661
                  80                 790                   0             92.3118                   0             92.3118
                  80                 800                   0             94.0341                   0             94.0341
                  80                 810                   0             94.0874                   0             94.0874
                  80                 820                   0             94.3004                   0             94.3004
                  80                 830                   0             94.3004                   0             94.3004
                  80                 840                   0              94.407                   0              94.407
                  80                 850                   0             94.4247                   0             94.4247
                  80                 860                   0             94.4425                   0             94.4425
                  80                 870                   0             94.4602                   0             94.4602
                  80                 880                   0             95.3125                   0             95.3125
                  80                 890                   0             95.5078                   0             95.5078
                  80                 900                   0             95.5788                   0             95.5788
                  80                 910                   0             95.6321                   0             95.6321
                  80                 920                   0             95.7031                   0             95.7031
                  80                 930                   0             95.8807                   0             95.8807
                  80                 940                   0             95.9517                   0             95.9517
                  80                 950                   0             95.9517                   0             95.9517
                  80                 960                   0             95.9517                   0             95.9517
                  80                 970                   0             96.0938                   0             96.0938
                  80                 980                   0             96.0938                   0             96.0938
                  80                 990                   0             96.2003                   0             96.2003
                  80                1000                   0              96.218                   0              96.218
