                  55                   0                   0             32.2266             9.65909             41.8857
                  55                  10                   0             33.1143             8.52273             41.6371
                  55                  20                   0             33.6293             7.38636             41.0156
                  55                  30                   0              34.304             7.38636             41.6903
                  55                  40                   0             34.9787             6.81818             41.7969
                  55                  50                   0             36.1683             3.97727             40.1456
                  55                  60                   0             36.9496             3.97727             40.9268
                  55                  70                   0              37.642             3.40909             41.0511
                  55                  80                   0             38.4055             2.84091             41.2464
                  55                  90                   0             39.8615             2.84091             42.7024
                  55                 100                   0             38.9915                6.25             45.2415
                  55                 110                   0             39.3288                6.25             45.5788
                  55                 120                   0             39.5774                6.25             45.8274
                  55                 130                   0             39.7905             5.68182             45.4723
                  55                 140                   0             40.3942             5.68182              46.076
                  55                 150                   0             40.8913             5.68182             46.5732
                  55                 160                   0             41.1577             5.68182             46.8395
                  55                 170                   0              41.495             5.68182             47.1768
                  55                 180                   0             42.0987             5.68182             47.7805
                  55                 190                   0             42.7379             5.68182             48.4197
                  55                 200                   0             43.6435             5.68182             49.3253
                  55                 210                   0             44.1229             5.68182             49.8047
                  55                 220                   0             46.3778            0.568182              46.946
                  55                 230                   0             46.9105            0.568182             47.4787
                  55                 240                   0             46.9993            0.568182             47.5675
                  55                 250                   0             47.2656            0.568182             47.8338
                  55                 260                   0              47.532            0.568182             48.1001
                  55                 270                   0             47.6207            0.568182             48.1889
                  55                 280                   0             48.0114            0.568182             48.5795
                  55                 290                   0             48.2422            0.568182             48.8104
                  55                 300                   0             48.4908            0.568182             49.0589
                  55                 310                   0             48.6506            0.568182             49.2188
                  55                 320                   0             48.9169                   0             48.9169
                  55                 330                   0             49.3608                   0             49.3608
                  55                 340                   0             51.0298                   0             51.0298
                  55                 350                   0              51.598                   0              51.598
                  55                 360                   0             51.8821                   0             51.8821
                  55                 370                   0             52.0241                   0             52.0241
                  55                 380                   0             52.2905                   0             52.2905
                  55                 390                   0             52.5746                   0             52.5746
                  55                 400                   0              53.196                   0              53.196
                  55                 410                   0             53.4268                   0             53.4268
                  55                 420                   0             54.1371                   0             54.1371
                  55                 430                   0             54.8295                   0             54.8295
                  55                 440                   0             55.2912                   0             55.2912
                  55                 450                   0             55.9837                   0             55.9837
                  55                 460                   0             56.5518                   0             56.5518
                  55                 470                   0             58.3984                   0             58.3984
                  55                 480                   0             59.0909                   0             59.0909
                  55                 490                   0             60.7244                   0             60.7244
                  55                 500                   0             61.4702                   0             61.4702
                  55                 510                   0             62.6776                   0             62.6776
                  55                 520                   0             65.5185                   0             65.5185
                  55                 530                   0             66.7436                   0             66.7436
                  55                 540                   0             67.8445                   0             67.8445
                  55                 550                   0             68.8565                   0             68.8565
                  55                 560                   0             69.9574                   0             69.9574
                  55                 570                   0             71.6442                   0             71.6442
                  55                 580                   0             74.6626                   0             74.6626
                  55                 590                   0             75.3374                   0             75.3374
                  55                 600                   0             75.5327                   0             75.5327
                  55                 610                   0             75.8345                   0             75.8345
                  55                 620                   0             77.2017                   0             77.2017
                  55                 630                   0             77.8587                   0             77.8587
                  55                 640                   0              78.125                   0              78.125
                  55                 650                   0             79.0838                   0             79.0838
                  55                 660                   0             80.6818                   0             80.6818
                  55                 670                   0             82.1911                   0             82.1911
                  55                 680                   0             82.5817                   0             82.5817
                  55                 690                   0              83.576                   0              83.576
                  55                 700                   0             83.9134                   0             83.9134
                  55                 710                   0             84.9254                   0             84.9254
                  55                 720                   0             86.1151                   0             86.1151
                  55                 730                   0             86.2393                   0             86.2393
                  55                 740                   0             86.3991                   0             86.3991
                  55                 750                   0             86.6477                   0             86.6477
                  55                 760                   0             86.8253                   0             86.8253
                  55                 770                   0             87.0384                   0             87.0384
                  55                 780                   0             87.2869                   0             87.2869
                  55                 790                   0              88.956                   0              88.956
                  55                 800                   0             89.0625                   0             89.0625
                  55                 810                   0             90.7138                   0             90.7138
                  55                 820                   0             90.7493                   0             90.7493
                  55                 830                   0             90.8381                   0             90.8381
                  55                 840                   0             91.0866                   0             91.0866
                  55                 850                   0             91.0866                   0             91.0866
                  55                 860                   0             91.2287                   0             91.2287
                  55                 870                   0              91.282                   0              91.282
                  55                 880                   0              91.282                   0              91.282
                  55                 890                   0             91.2997                   0             91.2997
                  55                 900                   0             91.2997                   0             91.2997
                  55                 910                   0             91.3352                   0             91.3352
                  55                 920                   0              91.424                   0              91.424
                  55                 930                   0              91.495                   0              91.495
                  55                 940                   0             91.5128                   0             91.5128
                  55                 950                   0             91.5838                   0             91.5838
                  55                 960                   0             92.3828                   0             92.3828
                  55                 970                   0             92.4538                   0             92.4538
                  55                 980                   0             92.4893                   0             92.4893
                  55                 990                   0             92.5426                   0             92.5426
                  55                1000                   0             92.9155                   0             92.9155
