                   5                   0                   0              4.0483             38.0682             42.1165
                   5                  10                   0             4.17259             35.7955              39.968
                   5                  20                   0             4.17259             34.6591             38.8317
                   5                  30                   0             4.27912             32.3864             36.6655
                   5                  40                   0             4.35014             31.8182             36.1683
                   5                  50                   0             4.50994             30.6818             35.1918
                   5                  60                   0             4.72301             30.6818             35.4048
                   5                  70                   0             4.93608             30.1136             35.0497
                   5                  80                   0             5.06037             28.9773             34.0376
                   5                  90                   0             5.23793             28.4091              33.647
                   5                 100                   0             5.37997             27.8409             33.2209
                   5                 110                   0             5.62855             27.2727             32.9013
                   5                 120                   0             5.69957             25.5682             31.2678
                   5                 130                   0             5.85938             24.4318             30.2912
                   5                 140                   0             6.12571             24.4318             30.5575
                   5                 150                   0             6.39205             23.8636             30.2557
                   5                 160                   0              6.5696             22.1591             28.7287
                   5                 170                   0             6.74716             19.8864             26.6335
                   5                 180                   0             6.94247             19.3182             26.2607
                   5                 190                   0             7.13778             19.8864             27.0241
                   5                 200                   0             7.24432             18.1818             25.4261
                   5                 210                   0             7.51065             18.1818             25.6925
                   5                 220                   0             7.70597             18.1818             25.8878
                   5                 230                   0             8.18537             17.6136              25.799
                   5                 240                   0             8.55824             17.6136             26.1719
                   5                 250                   0             8.94886             17.6136             26.5625
                   5                 260                   0             9.28622             17.6136             26.8999
                   5                 270                   0             9.74787             17.6136             27.3615
                   5                 280                   0             10.1385             17.6136             27.7521
                   5                 290                   0             10.4759             17.6136             28.0895
                   5                 300                   0             10.8487             17.0455             27.8942
                   5                 310                   0             10.9197             16.4773              27.397
                   5                 320                   0             10.4403             15.9091             26.3494
                   5                 330                   0             10.8132             15.9091             26.7223
                   5                 340                   0             11.2038             15.9091             27.1129
                   5                 350                   0             11.4879             15.9091              27.397
                   5                 360                   0             11.9496             15.9091             27.8587
                   5                 370                   0             12.2869             15.9091              28.196
                   5                 380                   0             12.4467             15.9091             28.3558
                   5                 390                   0             12.9616             15.9091             28.8707
                   5                 400                   0             13.1214             15.9091             29.0305
                   5                 410                   0             13.7251             15.3409             29.0661
                   5                 420                   0             14.2045             14.7727             28.9773
                   5                 430                   0             14.7905             14.2045              28.995
                   5                 440                   0             15.2344             14.2045             29.4389
                   5                 450                   0             15.8913             13.6364             29.5277
                   5                 460                   0             16.0511             13.6364             29.6875
                   5                 470                   0             17.6314             11.3636              28.995
                   5                 480                   0             17.8445             11.3636             29.2081
                   5                 490                   0             17.9688             11.3636             29.3324
                   5                 500                   0             18.1996             11.3636             29.5632
                   5                 510                   0             18.4126             11.3636             29.7763
                   5                 520                   0               18.75             11.3636             30.1136
                   5                 530                   0             19.7088             10.7955             30.5043
                   5                 540                   0             20.5966             10.7955              31.392
                   5                 550                   0              21.218             10.7955             32.0135
                   5                 560                   0             22.7983             10.7955             33.5938
                   5                 570                   0             23.1179             10.7955             33.9134
                   5                 580                   0             23.3842             10.7955             34.1797
                   5                 590                   0             24.2898             10.2273              34.517
                   5                 600                   0             25.6214             10.2273             35.8487
                   5                 610                   0             26.2074             10.2273             36.4347
                   5                 620                   0             26.4382             10.2273             36.6655
                   5                 630                   0             27.6101             10.2273             37.8374
                   5                 640                   0             28.4446             10.2273             38.6719
                   5                 650                   0             28.7287             10.2273              38.956
                   5                 660                   0             28.8352             10.2273             39.0625
                   5                 670                   0             28.9773             10.2273             39.2045
                   5                 680                   0             30.2024             6.81818             37.0206
                   5                 690                   0             30.9659             6.81818             37.7841
                   5                 700                   0             31.4098             6.81818              38.228
                   5                 710                   0             31.8004                6.25             38.0504
                   5                 720                   0             32.1555                6.25             38.4055
                   5                 730                   0             32.7237             1.70455             34.4283
                   5                 740                   0             33.1321             1.70455             34.8366
                   5                 750                   0             33.2564             1.70455             34.9609
                   5                 760                   0             33.6293             1.70455             35.3338
                   5                 770                   0              34.304             1.70455             36.0085
                   5                 780                   0             35.2805             1.70455             36.9851
                   5                 790                   0             35.4226             1.70455             37.1271
                   5                 800                   0             35.4403             1.70455             37.1449
                   5                 810                   0             35.8132             1.70455             37.5178
                   5                 820                   0             36.2216             1.70455             37.9261
                   5                 830                   0             37.4112             1.70455             39.1158
                   5                 840                   0             38.0149             1.70455             39.7195
                   5                 850                   0             38.1925             1.70455              39.897
                   5                 860                   0             38.9915             1.70455              40.696
                   5                 870                   0             39.8438             1.70455             41.5483
                   5                 880                   0             40.0568             1.70455             41.7614
                   5                 890                   0             40.2166             1.70455             41.9212
                   5                 900                   0             41.3885             1.70455              43.093
                   5                 910                   0             41.4595             1.70455             43.1641
                   5                 920                   0             41.7791             1.70455             43.4837
                   5                 930                   0             42.5249             1.70455             44.2294
                   5                 940                   0             42.6136             1.70455             44.3182
                   5                 950                   0             43.2706             1.70455             44.9751
                   5                 960                   0             44.1051             1.70455             45.8097
                   5                 970                   0             45.0462             1.70455             46.7507
                   5                 980                   0             46.1115             1.70455             47.8161
                   5                 990                   0             46.4489             1.70455             48.1534
                   5                1000                   0             47.9048             1.70455             49.6094
