                  85                   0                   0             49.9645             48.2955             98.2599
                  85                  10                   0             52.7344             43.1818             95.9162
                  85                  20                   0             54.3679             38.0682             92.4361
                  85                  30                   0              54.794             38.0682             92.8622
                  85                  40                   0             55.2557             38.0682             93.3239
                  85                  50                   0             56.5696             33.5227             90.0923
                  85                  60                   0             59.8011             26.7045             86.5057
                  85                  70                   0             60.7599             26.7045             87.4645
                  85                  80                   0              64.098             21.5909             85.6889
                  85                  90                   0             69.9929             14.2045             84.1974
                  85                 100                   0             74.3253             13.6364             87.9616
                  85                 110                   0             77.9652             9.65909             87.6243
                  85                 120                   0              78.267             7.95455             86.2216
                  85                 130                   0             79.2436             5.68182             84.9254
                  85                 140                   0             80.2379             4.54545             84.7834
                  85                 150                   0             81.0547             3.97727              85.032
                  85                 160                   0              82.919             2.27273             85.1918
                  85                 170                   0             83.1854             1.70455             84.8899
                  85                 180                   0             84.0732             1.70455             85.7777
                  85                 190                   0             84.4283             1.70455             86.1328
                  85                 200                   0             85.4226             1.70455             87.1271
                  85                 210                   0             86.1683             1.70455             87.8729
                  85                 220                   0             86.4347             1.13636              87.571
                  85                 230                   0             87.6598             1.13636             88.7962
                  85                 240                   0             88.3523             1.13636             89.4886
                  85                 250                   0             88.5121             1.13636             89.6484
                  85                 260                   0             88.7074             1.13636             89.8438
                  85                 270                   0             88.7784             1.13636             89.9148
                  85                 280                   0             88.8317             1.13636              89.968
                  85                 290                   0             88.8849             1.13636             90.0213
                  85                 300                   0             88.8849             1.13636             90.0213
                  85                 310                   0             88.8849             1.13636             90.0213
                  85                 320                   0             88.8849             1.13636             90.0213
                  85                 330                   0             88.8849             1.13636             90.0213
                  85                 340                   0             88.9382             1.13636             90.0746
                  85                 350                   0             89.0447             1.13636             90.1811
                  85                 360                   0             89.0447             1.13636             90.1811
                  85                 370                   0             89.1513             1.13636             90.2876
                  85                 380                   0             89.3111             1.13636             90.4474
                  85                 390                   0             89.3111             1.13636             90.4474
                  85                 400                   0             89.3111             1.13636             90.4474
                  85                 410                   0             89.3111             1.13636             90.4474
                  85                 420                   0             89.3821             1.13636             90.5185
                  85                 430                   0             89.5241             1.13636             90.6605
                  85                 440                   0             89.6484             1.13636             90.7848
                  85                 450                   0              89.897             1.13636             91.0334
                  85                 460                   0             90.9268             1.13636             92.0632
                  85                 470                   0             92.6669             1.13636             93.8033
                  85                 480                   0             92.6669             1.13636             93.8033
                  85                 490                   0             92.6669             1.13636             93.8033
                  85                 500                   0             92.7202             1.13636             93.8565
                  85                 510                   0             92.8267             1.13636             93.9631
                  85                 520                   0             93.3061             1.13636             94.4425
                  85                 530                   0              95.277            0.568182             95.8452
                  85                 540                   0              95.277            0.568182             95.8452
                  85                 550                   0              95.277            0.568182             95.8452
                  85                 560                   0              95.277            0.568182             95.8452
                  85                 570                   0              95.277            0.568182             95.8452
                  85                 580                   0             95.3125            0.568182             95.8807
                  85                 590                   0             95.3125            0.568182             95.8807
                  85                 600                   0             95.3125            0.568182             95.8807
                  85                 610                   0             95.3125            0.568182             95.8807
                  85                 620                   0             95.4368            0.568182              96.005
                  85                 630                   0             95.4723            0.568182             96.0405
                  85                 640                   0             95.4723            0.568182             96.0405
                  85                 650                   0             95.4723            0.568182             96.0405
                  85                 660                   0             95.4723            0.568182             96.0405
                  85                 670                   0             95.4723            0.568182             96.0405
                  85                 680                   0             95.4901            0.568182             96.0582
                  85                 690                   0             95.5433            0.568182             96.1115
                  85                 700                   0             95.5788            0.568182              96.147
                  85                 710                   0             95.5788            0.568182              96.147
                  85                 720                   0             95.5788            0.568182              96.147
                  85                 730                   0             95.5788            0.568182              96.147
                  85                 740                   0             95.5788            0.568182              96.147
                  85                 750                   0             95.5788            0.568182              96.147
                  85                 760                   0             95.5788            0.568182              96.147
                  85                 770                   0             95.5788            0.568182              96.147
                  85                 780                   0             95.6321            0.568182             96.2003
                  85                 790                   0             95.7919            0.568182             96.3601
                  85                 800                   0             95.7919            0.568182             96.3601
                  85                 810                   0             95.7919            0.568182             96.3601
                  85                 820                   0             95.7919            0.568182             96.3601
                  85                 830                   0             95.7919            0.568182             96.3601
                  85                 840                   0             95.7919            0.568182             96.3601
                  85                 850                   0             96.9638            0.568182              97.532
                  85                 860                   0             96.9638            0.568182              97.532
                  85                 870                   0             96.9638            0.568182              97.532
                  85                 880                   0             96.9638            0.568182              97.532
                  85                 890                   0             97.5142            0.568182             98.0824
                  85                 900                   0             97.5142            0.568182             98.0824
                  85                 910                   0             97.5142            0.568182             98.0824
                  85                 920                   0             97.5497            0.568182             98.1179
                  85                 930                   0             97.5497            0.568182             98.1179
                  85                 940                   0             98.7216            0.568182             99.2898
                  85                 950                   0             98.7571            0.568182             99.3253
                  85                 960                   0             98.7571            0.568182             99.3253
                  85                 970                   0             98.7571            0.568182             99.3253
                  85                 980                   0             98.7571            0.568182             99.3253
                  85                 990                   0             98.7571            0.568182             99.3253
                  85                1000                   0             98.7571            0.568182             99.3253
