                  70                   0                   0             41.7791               56.25             98.0291
                  70                  10                   0             43.8388             52.2727             96.1115
                  70                  20                   0             45.0639             49.4318             94.4957
                  70                  30                   0             45.8274             48.8636             94.6911
                  70                  40                   0             46.7152             48.8636             95.5788
                  70                  50                   0             47.6562             48.8636             96.5199
                  70                  60                   0              48.402             48.8636             97.2656
                  70                  70                   0             49.1477             47.1591             96.3068
                  70                  80                   0             51.1364             42.0455             93.1818
                  70                  90                   0             53.4091             40.3409               93.75
                  70                 100                   0             54.2614             38.0682             92.3295
                  70                 110                   0             57.3153             33.5227             90.8381
                  70                 120                   0             59.3928             31.8182             91.2109
                  70                 130                   0             61.5412             28.4091             89.9503
                  70                 140                   0             63.6009             27.8409             91.4418
                  70                 150                   0             65.3232             26.7045             92.0277
                  70                 160                   0             65.9446             24.4318             90.3764
                  70                 170                   0             66.5661             23.8636             90.4297
                  70                 180                   0              69.549             21.5909             91.1399
                  70                 190                   0             71.7507             16.4773              88.228
                  70                 200                   0             72.8338             15.9091             88.7429
                  70                 210                   0             74.6804             14.7727             89.4531
                  70                 220                   0             77.3793             14.7727              92.152
                  70                 230                   0             78.7997             14.7727             93.5724
                  70                 240                   0             82.1911             7.95455             90.1456
                  70                 250                   0              83.505             5.68182             89.1868
                  70                 260                   0             85.5291             5.11364             90.6428
                  70                 270                   0             86.3459             2.84091             89.1868
                  70                 280                   0             87.0028             1.70455             88.7074
                  70                 290                   0             87.8374             1.70455             89.5419
                  70                 300                   0             87.9439             1.70455             89.6484
                  70                 310                   0             87.9439             1.70455             89.6484
                  70                 320                   0             88.0682             1.70455             89.7727
                  70                 330                   0             88.5831             1.13636             89.7195
                  70                 340                   0             88.5831             1.13636             89.7195
                  70                 350                   0             88.5831             1.13636             89.7195
                  70                 360                   0             88.5831             1.13636             89.7195
                  70                 370                   0             88.6364             1.13636             89.7727
                  70                 380                   0             88.6364             1.13636             89.7727
                  70                 390                   0             88.7784             1.13636             89.9148
                  70                 400                   0             88.8672             1.13636             90.0036
                  70                 410                   0             88.9382             1.13636             90.0746
                  70                 420                   0             88.9915             1.13636             90.1278
                  70                 430                   0             89.0625             1.13636             90.1989
                  70                 440                   0             89.1335             1.13636             90.2699
                  70                 450                   0             89.2756             1.13636             90.4119
                  70                 460                   0             89.3999             1.13636             90.5362
                  70                 470                   0             89.7727             1.13636             90.9091
                  70                 480                   0             91.4062             1.13636             92.5426
                  70                 490                   0             92.4893             1.13636             93.6257
                  70                 500                   0             92.4893             1.13636             93.6257
                  70                 510                   0             92.5426             1.13636              93.679
                  70                 520                   0             92.7734             1.13636             93.9098
                  70                 530                   0             92.7734             1.13636             93.9098
                  70                 540                   0             93.2528             1.13636             94.3892
                  70                 550                   0             94.1939            0.568182             94.7621
                  70                 560                   0             94.1939            0.568182             94.7621
                  70                 570                   0             94.1939            0.568182             94.7621
                  70                 580                   0             94.1939            0.568182             94.7621
                  70                 590                   0             94.1939            0.568182             94.7621
                  70                 600                   0             94.1939            0.568182             94.7621
                  70                 610                   0             94.1939            0.568182             94.7621
                  70                 620                   0             95.2237            0.568182             95.7919
                  70                 630                   0             95.2237            0.568182             95.7919
                  70                 640                   0              95.277            0.568182             95.8452
                  70                 650                   0             95.3125            0.568182             95.8807
                  70                 660                   0             95.3125            0.568182             95.8807
                  70                 670                   0             95.3125            0.568182             95.8807
                  70                 680                   0             95.3125            0.568182             95.8807
                  70                 690                   0             95.3125            0.568182             95.8807
                  70                 700                   0             95.3125            0.568182             95.8807
                  70                 710                   0             95.3658            0.568182             95.9339
                  70                 720                   0              95.419            0.568182             95.9872
                  70                 730                   0             95.5256            0.568182             96.0938
                  70                 740                   0             95.5256            0.568182             96.0938
                  70                 750                   0             95.5256            0.568182             96.0938
                  70                 760                   0             95.5256            0.568182             96.0938
                  70                 770                   0             95.5256            0.568182             96.0938
                  70                 780                   0             95.5256            0.568182             96.0938
                  70                 790                   0             95.5256            0.568182             96.0938
                  70                 800                   0             95.5256            0.568182             96.0938
                  70                 810                   0             95.5788            0.568182              96.147
                  70                 820                   0             95.6854            0.568182             96.2536
                  70                 830                   0             95.6854            0.568182             96.2536
                  70                 840                   0             95.6854            0.568182             96.2536
                  70                 850                   0             95.6854            0.568182             96.2536
                  70                 860                   0             95.6854            0.568182             96.2536
                  70                 870                   0             95.6854            0.568182             96.2536
                  70                 880                   0             95.6854            0.568182             96.2536
                  70                 890                   0             95.6854            0.568182             96.2536
                  70                 900                   0             95.7386            0.568182             96.3068
                  70                 910                   0             95.7386            0.568182             96.3068
                  70                 920                   0             95.7386            0.568182             96.3068
                  70                 930                   0             95.7386            0.568182             96.3068
                  70                 940                   0             95.7386            0.568182             96.3068
                  70                 950                   0             95.7386            0.568182             96.3068
                  70                 960                   0             96.9105            0.568182             97.4787
                  70                 970                   0             96.9105            0.568182             97.4787
                  70                 980                   0             96.9105            0.568182             97.4787
                  70                 990                   0             96.9105            0.568182             97.4787
                  70                1000                   0              96.946            0.568182             97.5142
