                 100                   0                   0             58.5227             39.7727             98.2955
                 100                  10                   0             68.5902             16.4773             85.0675
                 100                  20                   0              71.875             11.9318             83.8068
                 100                  30                   0             74.5916                6.25             80.8416
                 100                  40                   0             77.3793             5.11364             82.4929
                 100                  50                   0             78.8352             4.54545             83.3807
                 100                  60                   0              78.995             4.54545             83.5405
                 100                  70                   0              80.451             2.84091             83.2919
                 100                  80                   0             82.4219             2.27273             84.6946
                 100                  90                   0             83.0256             1.70455             84.7301
                 100                 100                   0             83.8246             1.70455             85.5291
                 100                 110                   0             84.4105             1.13636             85.5469
                 100                 120                   0              84.446             1.13636             85.5824
                 100                 130                   0             85.2805             1.13636             86.4169
                 100                 140                   0             85.2983             1.13636             86.4347
                 100                 150                   0             85.3338             1.13636             86.4702
                 100                 160                   0             85.7777             1.13636             86.9141
                 100                 170                   0             85.8132             1.13636             86.9496
                 100                 180                   0             86.8608             1.13636             87.9972
                 100                 190                   0             87.4645             1.13636             88.6009
                 100                 200                   0             87.7841             1.13636             88.9205
                 100                 210                   0             88.5476             1.13636             89.6839
                 100                 220                   0             88.6896             1.13636              89.826
                 100                 230                   0             88.8849             1.13636             90.0213
                 100                 240                   0             88.9737             1.13636             90.1101
                 100                 250                   0             88.9737             1.13636             90.1101
                 100                 260                   0             89.0447             1.13636             90.1811
                 100                 270                   0             89.0447             1.13636             90.1811
                 100                 280                   0             89.0447             1.13636             90.1811
                 100                 290                   0             89.0447             1.13636             90.1811
                 100                 300                   0             89.0447             1.13636             90.1811
                 100                 310                   0              89.098             1.13636             90.2344
                 100                 320                   0             89.2045             1.13636             90.3409
                 100                 330                   0             89.2045             1.13636             90.3409
                 100                 340                   0             89.2401             1.13636             90.3764
                 100                 350                   0             89.2401             1.13636             90.3764
                 100                 360                   0             89.3111             1.13636             90.4474
                 100                 370                   0             89.3111             1.13636             90.4474
                 100                 380                   0             89.3111             1.13636             90.4474
                 100                 390                   0             89.3821             1.13636             90.5185
                 100                 400                   0             89.5241             1.13636             90.6605
                 100                 410                   0             89.5419             1.13636             90.6783
                 100                 420                   0              89.755             1.13636             90.8913
                 100                 430                   0             90.1634             1.13636             91.2997
                 100                 440                   0             91.2642             1.13636             92.4006
                 100                 450                   0             92.8622             1.13636             93.9986
                 100                 460                   0             92.8622             1.13636             93.9986
                 100                 470                   0             93.6967             1.13636             94.8331
                 100                 480                   0             93.6967             1.13636             94.8331
                 100                 490                   0             94.0341             1.13636             95.1705
                 100                 500                   0             94.3359             1.13636             95.4723
                 100                 510                   0             95.3658            0.568182             95.9339
                 100                 520                   0             95.3658            0.568182             95.9339
                 100                 530                   0              95.419            0.568182             95.9872
                 100                 540                   0              95.419            0.568182             95.9872
                 100                 550                   0              95.419            0.568182             95.9872
                 100                 560                   0              95.419            0.568182             95.9872
                 100                 570                   0              95.419            0.568182             95.9872
                 100                 580                   0              95.419            0.568182             95.9872
                 100                 590                   0              95.419            0.568182             95.9872
                 100                 600                   0             95.4368            0.568182              96.005
                 100                 610                   0             95.4723            0.568182             96.0405
                 100                 620                   0             95.4723            0.568182             96.0405
                 100                 630                   0             95.4723            0.568182             96.0405
                 100                 640                   0             95.4723            0.568182             96.0405
                 100                 650                   0             95.4723            0.568182             96.0405
                 100                 660                   0             95.4901            0.568182             96.0582
                 100                 670                   0             95.5433            0.568182             96.1115
                 100                 680                   0             95.6321            0.568182             96.2003
                 100                 690                   0             95.6321            0.568182             96.2003
                 100                 700                   0             95.6854            0.568182             96.2536
                 100                 710                   0             95.6854            0.568182             96.2536
                 100                 720                   0             95.6854            0.568182             96.2536
                 100                 730                   0             97.2656            0.568182             97.8338
                 100                 740                   0             98.3665            0.568182             98.9347
                 100                 750                   0             98.4908            0.568182             99.0589
                 100                 760                   0             98.4908            0.568182             99.0589
                 100                 770                   0             98.6683            0.568182             99.2365
                 100                 780                   0             98.6683            0.568182             99.2365
                 100                 790                   0             98.6683            0.568182             99.2365
                 100                 800                   0             98.6683            0.568182             99.2365
                 100                 810                   0             98.6861            0.568182             99.2543
                 100                 820                   0             98.6861            0.568182             99.2543
                 100                 830                   0             98.7216            0.568182             99.2898
                 100                 840                   0             98.7571            0.568182             99.3253
                 100                 850                   0             98.7571            0.568182             99.3253
                 100                 860                   0             98.7571            0.568182             99.3253
                 100                 870                   0             98.7571            0.568182             99.3253
                 100                 880                   0             98.7571            0.568182             99.3253
                 100                 890                   0             98.7571            0.568182             99.3253
                 100                 900                   0             98.7571            0.568182             99.3253
                 100                 910                   0             98.7571            0.568182             99.3253
                 100                 920                   0             98.7571            0.568182             99.3253
                 100                 930                   0             98.7571            0.568182             99.3253
                 100                 940                   0             98.7571            0.568182             99.3253
                 100                 950                   0             98.7571            0.568182             99.3253
                 100                 960                   0             98.7571            0.568182             99.3253
                 100                 970                   0             98.7571            0.568182             99.3253
                 100                 980                   0             98.7571            0.568182             99.3253
                 100                 990                   0             98.7571            0.568182             99.3253
                 100                1000                   0             98.7571            0.568182             99.3253
