                  15                   0                   0             6.12571               81.25             87.3757
                  15                  10                   0             6.26776             80.6818             86.9496
                  15                  20                   0             7.19105             80.6818             87.8729
                  15                  30                   0             9.62358             77.2727             86.8963
                  15                  40                   0             12.0561             76.7045             88.7607
                  15                  50                   0             14.3288             74.4318             88.7607
                  15                  60                   0             17.1875             69.8864             87.0739
                  15                  70                   0             20.9517             64.2045             85.1562
                  15                  80                   0             23.8104             63.0682             86.8786
                  15                  90                   0             25.8345             63.0682             88.9027
                  15                 100                   0             27.2195             63.0682             90.2876
                  15                 110                   0             28.4979             63.0682             91.5661
                  15                 120                   0             28.9773             63.0682             92.0455
                  15                 130                   0               30.38             63.0682             93.4482
                  15                 140                   0             30.6818             61.3636             92.0455
                  15                 150                   0             30.9659             61.3636             92.3295
                  15                 160                   0             31.0547             61.3636             92.4183
                  15                 170                   0             31.2855             61.3636             92.6491
                  15                 180                   0             31.6051             61.3636             92.9688
                  15                 190                   0             32.1378             59.6591             91.7969
                  15                 200                   0             34.1619             55.6818             89.8438
                  15                 210                   0             36.0973             55.1136             91.2109
                  15                 220                   0             37.4467             53.9773              91.424
                  15                 230                   0              37.571             53.9773             91.5483
                  15                 240                   0             39.2223             51.7045             90.9268
                  15                 250                   0             39.6662             51.7045             91.3707
                  15                 260                   0             40.3764             51.7045              92.081
                  15                 270                   0             41.1577             51.7045             92.8622
                  15                 280                   0             42.7202                  50             92.7202
                  15                 290                   0              44.478             46.5909             91.0689
                  15                 300                   0             46.6619             46.0227             92.6847
                  15                 310                   0             48.0291             45.4545             93.4837
                  15                 320                   0             48.5618             45.4545             94.0163
                  15                 330                   0             48.8459             45.4545             94.3004
                  15                 340                   0             49.5206             45.4545             94.9751
                  15                 350                   0             50.6747             41.4773              92.152
                  15                 360                   0             51.0476             41.4773             92.5249
                  15                 370                   0             52.1662             38.6364             90.8026
                  15                 380                   0             53.5334             38.6364             92.1697
                  15                 390                   0             55.1314             36.9318             92.0632
                  15                 400                   0             55.8061             35.2273             91.0334
                  15                 410                   0             57.1733             34.6591             91.8324
                  15                 420                   0             58.1676             34.0909             92.2585
                  15                 430                   0             58.8246             33.5227             92.3473
                  15                 440                   0             59.9254             33.5227             93.4482
                  15                 450                   0             60.9375             28.4091             89.3466
                  15                 460                   0             61.9673             28.4091             90.3764
                  15                 470                   0             62.3757             28.4091             90.7848
                  15                 480                   0             64.5241                  25             89.5241
                  15                 490                   0             67.6847             19.8864              87.571
                  15                 500                   0             69.0874             19.3182             88.4055
                  15                 510                   0             69.0874             19.3182             88.4055
                  15                 520                   0             69.8331             14.7727             84.6058
                  15                 530                   0             70.9872             13.6364             84.6236
                  15                 540                   0             73.6328             9.09091             82.7237
                  15                 550                   0             74.2365             9.09091             83.3274
                  15                 560                   0             74.3786             9.09091             83.4695
                  15                 570                   0             74.3786             9.09091             83.4695
                  15                 580                   0             74.4318             9.09091             83.5227
                  15                 590                   0             74.5028             9.09091             83.5938
                  15                 600                   0             74.7159             9.09091             83.8068
                  15                 610                   0             74.7869             9.09091             83.8778
                  15                 620                   0             75.0888             8.52273             83.6115
                  15                 630                   0              75.142             8.52273             83.6648
                  15                 640                   0             76.4915             8.52273             85.0142
                  15                 650                   0             76.7401             8.52273             85.2628
                  15                 660                   0              78.125             8.52273             86.6477
                  15                 670                   0             78.2848             8.52273             86.8075
                  15                 680                   0               80.38                6.25               86.63
                  15                 690                   0             81.9957             5.68182             87.6776
                  15                 700                   0             81.9957             5.68182             87.6776
                  15                 710                   0             82.1555             5.68182             87.8374
                  15                 720                   0             82.1555             5.68182             87.8374
                  15                 730                   0             82.2621             5.68182             87.9439
                  15                 740                   0             82.2976             5.11364             87.4112
                  15                 750                   0             82.3509             5.11364             87.4645
                  15                 760                   0             82.4041             5.11364             87.5178
                  15                 770                   0             82.4041             5.11364             87.5178
                  15                 780                   0             82.4929             5.11364             87.6065
                  15                 790                   0             82.5462             5.11364             87.6598
                  15                 800                   0             82.5462             5.11364             87.6598
                  15                 810                   0             82.6527             5.11364             87.7663
                  15                 820                   0              82.777             5.11364             87.8906
                  15                 830                   0              82.777             5.11364             87.8906
                  15                 840                   0              82.777             5.11364             87.8906
                  15                 850                   0             82.7947             5.11364             87.9084
                  15                 860                   0              82.848             5.11364             87.9616
                  15                 870                   0             82.9723             5.11364             88.0859
                  15                 880                   0             83.0966             5.11364             88.2102
                  15                 890                   0             83.1676             5.11364             88.2812
                  15                 900                   0             83.1676             5.11364             88.2812
                  15                 910                   0             83.1676             5.11364             88.2812
                  15                 920                   0             83.3274             5.11364             88.4411
                  15                 930                   0             83.4339             5.11364             88.5476
                  15                 940                   0             83.4339             5.11364             88.5476
                  15                 950                   0             83.6115             5.11364             88.7251
                  15                 960                   0             83.6115             5.11364             88.7251
                  15                 970                   0             83.7713             5.11364             88.8849
                  15                 980                   0             83.7713             5.11364             88.8849
                  15                 990                   0             83.7713             5.11364             88.8849
                  15                1000                   0             83.8423             5.11364              88.956
