                  25                   0                   0              13.956             75.5682             89.5241
                  25                  10                   0             25.3906             70.4545             95.8452
                  25                  20                   0             27.7344               68.75             96.4844
                  25                  30                   0             29.0128             68.1818             97.1946
                  25                  40                   0             29.9006             65.3409             95.2415
                  25                  50                   0             31.2322             59.6591             90.8913
                  25                  60                   0              31.907             61.9318             93.8388
                  25                  70                   0             32.1911             61.3636             93.5547
                  25                  80                   0             32.9545             61.3636             94.3182
                  25                  90                   0             33.2386             59.6591             92.8977
                  25                 100                   0             33.4339             59.6591              93.093
                  25                 110                   0             33.7891             59.6591             93.4482
                  25                 120                   0             34.0909             59.6591               93.75
                  25                 130                   0             34.4283             59.6591             94.0874
                  25                 140                   0             34.5348             59.6591             94.1939
                  25                 150                   0             36.0263             57.3864             93.4126
                  25                 160                   0              36.772             57.3864             94.1584
                  25                 170                   0             37.7486             55.6818             93.4304
                  25                 180                   0             39.3111             51.7045             91.0156
                  25                 190                   0             41.6016             51.1364             92.7379
                  25                 200                   0              43.093                  50              93.093
                  25                 210                   0             43.2351                  50             93.2351
                  25                 220                   0             43.5369                  50             93.5369
                  25                 230                   0             44.3182                  50             94.3182
                  25                 240                   0              45.206                  50              95.206
                  25                 250                   0             46.2003             47.7273             93.9276
                  25                 260                   0              47.532             44.8864             92.4183
                  25                 270                   0             49.4141             44.3182             93.7322
                  25                 280                   0             52.0241               43.75             95.7741
                  25                 290                   0             53.3736               43.75             97.1236
                  25                 300                   0             54.4389               43.75             98.1889
                  25                 310                   0             56.0014             41.4773             97.4787
                  25                 320                   0             57.3153             39.2045             96.5199
                  25                 330                   0             59.8366             36.9318             96.7685
                  25                 340                   0              61.701             35.2273             96.9283
                  25                 350                   0             62.4645             35.2273             97.6918
                  25                 360                   0             63.2102             32.9545             96.1648
                  25                 370                   0             64.4886             31.8182             96.3068
                  25                 380                   0              65.767             30.6818             96.4489
                  25                 390                   0             67.2408             30.1136             97.3544
                  25                 400                   0             69.1584             23.8636              93.022
                  25                 410                   0             69.8153             20.4545             90.2699
                  25                 420                   0             70.5433             20.4545             90.9979
                  25                 430                   0             71.3601             20.4545             91.8146
                  25                 440                   0             74.6982             15.3409             90.0391
                  25                 450                   0             77.9297             10.2273              88.157
                  25                 460                   0             78.5689             10.2273             88.7962
                  25                 470                   0             79.6697             9.65909             89.3288
                  25                 480                   0             79.9538             9.65909             89.6129
                  25                 490                   0             80.4865             9.09091             89.5774
                  25                 500                   0             82.0312             7.38636             89.4176
                  25                 510                   0             82.8303             5.68182             88.5121
                  25                 520                   0             83.4872             5.68182              89.169
                  25                 530                   0             83.4872             5.68182              89.169
                  25                 540                   0             85.0497             5.68182             90.7315
                  25                 550                   0             85.2273             5.68182             90.9091
                  25                 560                   0             85.3693             5.11364              90.483
                  25                 570                   0             88.3878             2.84091             91.2287
                  25                 580                   0             88.7074             2.84091             91.5483
                  25                 590                   0             88.7429             2.84091             91.5838
                  25                 600                   0             88.8317             2.84091             91.6726
                  25                 610                   0             88.9205             2.84091             91.7614
                  25                 620                   0             89.0092             2.84091             91.8501
                  25                 630                   0             89.1868             2.84091             92.0277
                  25                 640                   0             89.2223             2.84091             92.0632
                  25                 650                   0             89.3111             2.84091              92.152
                  25                 660                   0             89.6839             2.84091             92.5249
                  25                 670                   0             89.7905             2.84091             92.6314
                  25                 680                   0              91.353             1.70455             93.0575
                  25                 690                   0             91.3885             1.70455              93.093
                  25                 700                   0             91.4595             1.70455             93.1641
                  25                 710                   0             91.5661             1.70455             93.2706
                  25                 720                   0             91.5661             1.70455             93.2706
                  25                 730                   0             91.6193             1.70455             93.3239
                  25                 740                   0             91.6193             1.70455             93.3239
                  25                 750                   0             91.6193             1.70455             93.3239
                  25                 760                   0             91.6371             1.70455             93.3416
                  25                 770                   0             91.7969             1.70455             93.5014
                  25                 780                   0             91.7969             1.70455             93.5014
                  25                 790                   0             91.7969             1.70455             93.5014
                  25                 800                   0             91.9389             1.70455             93.6435
                  25                 810                   0             92.0987             1.70455             93.8033
                  25                 820                   0             92.0987             1.70455             93.8033
                  25                 830                   0             92.0987             1.70455             93.8033
                  25                 840                   0             92.0987             1.70455             93.8033
                  25                 850                   0             92.2053             1.70455             93.9098
                  25                 860                   0             92.2053             1.70455             93.9098
                  25                 870                   0             92.2585             1.70455             93.9631
                  25                 880                   0             92.6136             1.70455             94.3182
                  25                 890                   0             92.6136             1.70455             94.3182
                  25                 900                   0             92.6136             1.70455             94.3182
                  25                 910                   0             92.9155             1.70455               94.62
                  25                 920                   0             92.9155             1.70455               94.62
                  25                 930                   0             92.9155             1.70455               94.62
                  25                 940                   0             94.0163             1.70455             95.7209
                  25                 950                   0             94.0163             1.70455             95.7209
                  25                 960                   0             94.1051             1.70455             95.8097
                  25                 970                   0             94.2827             1.70455             95.9872
                  25                 980                   0              94.407             1.70455             96.1115
                  25                 990                   0             94.5668             1.70455             96.2713
                  25                1000                   0             94.5668             1.70455             96.2713
