                  30                   0                   0             21.5909             72.7273             94.3182
                  30                  10                   0             30.0959             69.3182             99.4141
                  30                  20                   0             30.8239             68.1818             99.0057
                  30                  30                   0             31.4453             67.0455             98.4908
                  30                  40                   0             32.4041             61.3636             93.7678
                  30                  50                   0             33.3807             61.9318             95.3125
                  30                  60                   0             33.5582             59.6591             93.2173
                  30                  70                   0             33.8956             59.6591             93.5547
                  30                  80                   0             34.0199             59.6591              93.679
                  30                  90                   0             34.0732             59.6591             93.7322
                  30                 100                   0             35.6179             57.3864             93.0043
                  30                 110                   0             36.1506             57.3864             93.5369
                  30                 120                   0             36.6832             57.3864             94.0696
                  30                 130                   0             36.9496             57.3864             94.3359
                  30                 140                   0              37.429             57.3864             94.8153
                  30                 150                   0             38.0504             56.8182             94.8686
                  30                 160                   0             38.5653             55.6818             94.2472
                  30                 170                   0             40.0213             51.7045             91.7259
                  30                 180                   0             42.1875             51.1364             93.3239
                  30                 190                   0             43.6435                  50             93.6435
                  30                 200                   0             45.9872                  50             95.9872
                  30                 210                   0             46.3601                  50             96.3601
                  30                 220                   0              47.017                  50              97.017
                  30                 230                   0              47.603             47.7273             95.3303
                  30                 240                   0             48.3665             47.7273             96.0938
                  30                 250                   0             50.0178             44.3182             94.3359
                  30                 260                   0             51.9176             44.3182             96.2358
                  30                 270                   0             53.2848               43.75             97.0348
                  30                 280                   0              54.652               43.75              98.402
                  30                 290                   0             55.6286             41.4773             97.1058
                  30                 300                   0             57.6172             40.9091             98.5263
                  30                 310                   0             59.4105             35.2273             94.6378
                  30                 320                   0             61.9673             34.0909             96.0582
                  30                 330                   0              63.157             34.0909             97.2479
                  30                 340                   0             64.2756             27.8409             92.1165
                  30                 350                   0             65.4474             27.2727             92.7202
                  30                 360                   0             66.3175             26.7045              93.022
                  30                 370                   0             67.8267             25.5682             93.3949
                  30                 380                   0             68.7678             23.8636             92.6314
                  30                 390                   0             71.3246               18.75             90.0746
                  30                 400                   0             71.8572               18.75             90.6072
                  30                 410                   0             73.6151             17.0455             90.6605
                  30                 420                   0             76.5803                12.5             89.0803
                  30                 430                   0             78.5689             10.2273             88.7962
                  30                 440                   0             78.7287             10.2273              88.956
                  30                 450                   0             79.8473             9.65909             89.5064
                  30                 460                   0             80.2202             9.65909             89.8793
                  30                 470                   0             81.1435             9.09091             90.2344
                  30                 480                   0              82.919             7.38636             90.3054
                  30                 490                   0             83.3452             5.68182              89.027
                  30                 500                   0             84.1619             5.68182             89.8438
                  30                 510                   0              84.375             5.68182             90.0568
                  30                 520                   0             85.3161             3.40909             88.7251
                  30                 530                   0             85.5114             2.84091             88.3523
                  30                 540                   0             88.3168             2.84091             91.1577
                  30                 550                   0             88.4766             2.84091             91.3175
                  30                 560                   0             88.6009             2.84091             91.4418
                  30                 570                   0             88.7429             2.84091             91.5838
                  30                 580                   0             89.2933             2.84091             92.1342
                  30                 590                   0             89.4709             2.84091             92.3118
                  30                 600                   0             89.5419             2.84091             92.3828
                  30                 610                   0             89.6307             2.84091             92.4716
                  30                 620                   0             89.7727             2.84091             92.6136
                  30                 630                   0             89.7905             2.84091             92.6314
                  30                 640                   0              89.968             2.84091             92.8089
                  30                 650                   0             90.5007             2.27273             92.7734
                  30                 660                   0             91.5305             1.70455             93.2351
                  30                 670                   0             91.5838             1.70455             93.2884
                  30                 680                   0             91.5838             1.70455             93.2884
                  30                 690                   0             91.6726             1.70455             93.3771
                  30                 700                   0             91.8146             1.70455             93.5192
                  30                 710                   0             91.8679             1.70455             93.5724
                  30                 720                   0             91.8857             1.70455             93.5902
                  30                 730                   0             91.9744             1.70455              93.679
                  30                 740                   0             91.9744             1.70455              93.679
                  30                 750                   0             91.9744             1.70455              93.679
                  30                 760                   0             92.0099             1.70455             93.7145
                  30                 770                   0             92.0987             1.70455             93.8033
                  30                 780                   0             92.3473             1.70455             94.0518
                  30                 790                   0             92.3473             1.70455             94.0518
                  30                 800                   0             92.4538             1.70455             94.1584
                  30                 810                   0             92.7024             1.70455              94.407
                  30                 820                   0             92.7024             1.70455              94.407
                  30                 830                   0             92.7024             1.70455              94.407
                  30                 840                   0             92.7024             1.70455              94.407
                  30                 850                   0             92.7024             1.70455              94.407
                  30                 860                   0             92.7734             1.70455              94.478
                  30                 870                   0             93.1818             1.70455             94.8864
                  30                 880                   0             93.2706             1.70455             94.9751
                  30                 890                   0             94.4957             1.70455             96.2003
                  30                 900                   0             94.4957             1.70455             96.2003
                  30                 910                   0             94.6023             1.70455             96.3068
                  30                 920                   0               94.62             1.70455             96.3246
                  30                 930                   0               94.62             1.70455             96.3246
                  30                 940                   0               94.62             1.70455             96.3246
                  30                 950                   0             94.6911             1.70455             96.3956
                  30                 960                   0             94.7621             1.70455             96.4666
                  30                 970                   0             94.7621             1.70455             96.4666
                  30                 980                   0             94.7976             1.70455             96.5021
                  30                 990                   0             94.7976             1.70455             96.5021
                  30                1000                   0             94.7976             1.70455             96.5021
