                  60                   0                   0             37.3047             64.2045             101.509
                  60                  10                   0             40.0923             53.9773             94.0696
                  60                  20                   0             40.4119             53.9773             94.3892
                  60                  30                   0             40.8558             53.9773             94.8331
                  60                  40                   0             41.4062             53.9773             95.3835
                  60                  50                   0             41.7791             53.9773             95.7564
                  60                  60                   0             42.4538             53.4091             95.8629
                  60                  70                   0             43.4659             53.4091              96.875
                  60                  80                   0             44.3537             52.8409             97.1946
                  60                  90                   0             44.6378             52.8409             97.4787
                  60                 100                   0             45.9162             50.5682             96.4844
                  60                 110                   0             48.0291             46.5909               94.62
                  60                 120                   0              50.071             45.4545             95.5256
                  60                 130                   0             51.4737             42.6136             94.0874
                  60                 140                   0              53.125             42.0455             95.1705
                  60                 150                   0             54.6875             41.4773             96.1648
                  60                 160                   0             57.4219             35.2273             92.6491
                  60                 170                   0             59.9432             31.8182             91.7614
                  60                 180                   0             61.8786               31.25             93.1286
                  60                 190                   0             62.3757               31.25             93.6257
                  60                 200                   0             63.5121             27.8409              91.353
                  60                 210                   0             64.4709             26.7045             91.1754
                  60                 220                   0             66.6371             22.7273             89.3643
                  60                 230                   0             69.7266             21.5909             91.3175
                  60                 240                   0             71.5554             19.8864             91.4418
                  60                 250                   0             74.4673               18.75             93.2173
                  60                 260                   0             76.4027             14.7727             91.1754
                  60                 270                   0              78.853             14.7727             93.6257
                  60                 280                   0             81.2855             9.09091             90.3764
                  60                 290                   0             83.1499             6.81818              89.968
                  60                 300                   0             83.7358             6.81818              90.554
                  60                 310                   0             84.2685                6.25             90.5185
                  60                 320                   0             86.4702             5.11364             91.5838
                  60                 330                   0             86.8786             3.40909             90.2876
                  60                 340                   0             87.3402             1.70455             89.0447
                  60                 350                   0             87.3757             1.70455             89.0803
                  60                 360                   0             87.3757             1.70455             89.0803
                  60                 370                   0                87.5             1.70455             89.2045
                  60                 380                   0             88.1037             1.70455             89.8082
                  60                 390                   0             88.2635             1.70455              89.968
                  60                 400                   0             88.4055             1.70455             90.1101
                  60                 410                   0             88.5831             1.70455             90.2876
                  60                 420                   0             88.6541             1.13636             89.7905
                  60                 430                   0             88.6541             1.13636             89.7905
                  60                 440                   0             88.6541             1.13636             89.7905
                  60                 450                   0             88.7251             1.13636             89.8615
                  60                 460                   0             88.8494             1.13636             89.9858
                  60                 470                   0             88.8494             1.13636             89.9858
                  60                 480                   0             89.1158             1.13636             90.2521
                  60                 490                   0             90.8026             1.13636             91.9389
                  60                 500                   0             92.0455             1.13636             93.1818
                  60                 510                   0              92.223             1.13636             93.3594
                  60                 520                   0             92.2585             1.13636             93.3949
                  60                 530                   0             92.4183             1.13636             93.5547
                  60                 540                   0             92.4183             1.13636             93.5547
                  60                 550                   0             92.4893             1.13636             93.6257
                  60                 560                   0             93.0398             1.13636             94.1761
                  60                 570                   0             93.9808            0.568182              94.549
                  60                 580                   0             93.9808            0.568182              94.549
                  60                 590                   0             93.9808            0.568182              94.549
                  60                 600                   0             94.0341            0.568182             94.6023
                  60                 610                   0             94.0696            0.568182             94.6378
                  60                 620                   0             94.0696            0.568182             94.6378
                  60                 630                   0             94.0696            0.568182             94.6378
                  60                 640                   0             94.0696            0.568182             94.6378
                  60                 650                   0             94.1229            0.568182             94.6911
                  60                 660                   0             94.1229            0.568182             94.6911
                  60                 670                   0             94.1584            0.568182             94.7266
                  60                 680                   0             94.1584            0.568182             94.7266
                  60                 690                   0             95.1882            0.568182             95.7564
                  60                 700                   0             95.2237            0.568182             95.7919
                  60                 710                   0             95.2237            0.568182             95.7919
                  60                 720                   0             95.2415            0.568182             95.8097
                  60                 730                   0             95.2947            0.568182             95.8629
                  60                 740                   0             95.3303            0.568182             95.8984
                  60                 750                   0             95.3303            0.568182             95.8984
                  60                 760                   0             95.3303            0.568182             95.8984
                  60                 770                   0             95.3303            0.568182             95.8984
                  60                 780                   0             95.3303            0.568182             95.8984
                  60                 790                   0             95.3303            0.568182             95.8984
                  60                 800                   0             95.4368            0.568182              96.005
                  60                 810                   0             95.4368            0.568182              96.005
                  60                 820                   0             95.4901            0.568182             96.0582
                  60                 830                   0             95.5966            0.568182             96.1648
                  60                 840                   0             95.5966            0.568182             96.1648
                  60                 850                   0             95.5966            0.568182             96.1648
                  60                 860                   0             95.5966            0.568182             96.1648
                  60                 870                   0             95.5966            0.568182             96.1648
                  60                 880                   0             95.5966            0.568182             96.1648
                  60                 890                   0             95.5966            0.568182             96.1648
                  60                 900                   0             95.5966            0.568182             96.1648
                  60                 910                   0             95.6143            0.568182             96.1825
                  60                 920                   0             95.6143            0.568182             96.1825
                  60                 930                   0             95.6143            0.568182             96.1825
                  60                 940                   0             95.6143            0.568182             96.1825
                  60                 950                   0             95.6321            0.568182             96.2003
                  60                 960                   0             95.6321            0.568182             96.2003
                  60                 970                   0             95.6321            0.568182             96.2003
                  60                 980                   0             95.6854            0.568182             96.2536
                  60                 990                   0             95.6854            0.568182             96.2536
                  60                1000                   0             95.6854            0.568182             96.2536
