                  50                   0                   0             34.9432             65.9091             100.852
                  50                  10                   0             37.7841             56.8182             94.6023
                  50                  20                   0             38.6896             56.8182             95.5078
                  50                  30                   0             39.1158             56.8182             95.9339
                  50                  40                   0             39.3643             56.8182             96.1825
                  50                  50                   0             39.7195             56.8182             96.5376
                  50                  60                   0             40.1456             56.8182             96.9638
                  50                  70                   0             40.5185             56.8182             97.3366
                  50                  80                   0             40.9268             56.8182              97.745
                  50                  90                   0             41.6016             53.9773             95.5788
                  50                 100                   0             42.0277             53.9773              96.005
                  50                 110                   0             42.3295             53.4091             95.7386
                  50                 120                   0             43.2351             52.2727             95.5078
                  50                 130                   0             44.7976             48.2955              93.093
                  50                 140                   0             46.6797             47.1591             93.8388
                  50                 150                   0             48.7571             46.5909              95.348
                  50                 160                   0             49.2543             45.4545             94.7088
                  50                 170                   0                  50             45.4545             95.4545
                  50                 180                   0             51.9709             44.3182             96.2891
                  50                 190                   0             53.8352             38.6364             92.4716
                  50                 200                   0             56.2678             35.2273              91.495
                  50                 210                   0             58.4872             33.5227             92.0099
                  50                 220                   0             58.9134             33.5227             92.4361
                  50                 230                   0             59.4815             32.9545             92.4361
                  50                 240                   0             60.6357             27.8409             88.4766
                  50                 250                   0             62.6953                  25             87.6953
                  50                 260                   0             64.8082                  25             89.8082
                  50                 270                   0             67.0987                  25             92.0987
                  50                 280                   0              70.348             21.0227             91.3707
                  50                 290                   0             72.1768             21.0227             93.1996
                  50                 300                   0             73.6861             17.6136             91.2997
                  50                 310                   0             75.0178             17.6136             92.6314
                  50                 320                   0             79.5277             8.52273             88.0504
                  50                 330                   0             80.9304             8.52273             89.4531
                  50                 340                   0             82.4219             6.81818             89.2401
                  50                 350                   0             82.5284             6.81818             89.3466
                  50                 360                   0             82.6527             6.81818             89.4709
                  50                 370                   0             83.3452                6.25             89.5952
                  50                 380                   0              85.973             3.97727             89.9503
                  50                 390                   0              86.044             3.97727             90.0213
                  50                 400                   0             86.4524             1.70455              88.157
                  50                 410                   0             86.6655             1.70455               88.37
                  50                 420                   0             86.9496             1.70455             88.6541
                  50                 430                   0             87.4822             1.70455             89.1868
                  50                 440                   0             87.4822             1.70455             89.1868
                  50                 450                   0             87.5533             1.70455             89.2578
                  50                 460                   0             87.7841             1.70455             89.4886
                  50                 470                   0             87.9084             1.70455             89.6129
                  50                 480                   0             88.2457             1.70455             89.9503
                  50                 490                   0             88.5653             1.70455             90.2699
                  50                 500                   0             88.6186             1.70455             90.3232
                  50                 510                   0             89.3111             1.13636             90.4474
                  50                 520                   0             91.7081             1.13636             92.8445
                  50                 530                   0             91.7081             1.13636             92.8445
                  50                 540                   0             92.0277             1.13636             93.1641
                  50                 550                   0             92.2408             1.13636             93.3771
                  50                 560                   0              92.294             1.13636             93.4304
                  50                 570                   0             92.7734             1.13636             93.9098
                  50                 580                   0             92.7734             1.13636             93.9098
                  50                 590                   0             93.7855            0.568182             94.3537
                  50                 600                   0             93.7855            0.568182             94.3537
                  50                 610                   0             93.7855            0.568182             94.3537
                  50                 620                   0             93.8565            0.568182             94.4247
                  50                 630                   0             93.8565            0.568182             94.4247
                  50                 640                   0             93.8565            0.568182             94.4247
                  50                 650                   0             93.8565            0.568182             94.4247
                  50                 660                   0             93.9098            0.568182              94.478
                  50                 670                   0             93.9098            0.568182              94.478
                  50                 680                   0             93.9098            0.568182              94.478
                  50                 690                   0             94.0341            0.568182             94.6023
                  50                 700                   0             94.0341            0.568182             94.6023
                  50                 710                   0             94.0696            0.568182             94.6378
                  50                 720                   0             94.0696            0.568182             94.6378
                  50                 730                   0             94.0696            0.568182             94.6378
                  50                 740                   0             94.1229            0.568182             94.6911
                  50                 750                   0             95.2415            0.568182             95.8097
                  50                 760                   0             95.2415            0.568182             95.8097
                  50                 770                   0             95.2415            0.568182             95.8097
                  50                 780                   0             95.2415            0.568182             95.8097
                  50                 790                   0             95.2415            0.568182             95.8097
                  50                 800                   0             95.2415            0.568182             95.8097
                  50                 810                   0             95.2415            0.568182             95.8097
                  50                 820                   0             95.2415            0.568182             95.8097
                  50                 830                   0             95.2415            0.568182             95.8097
                  50                 840                   0             95.4013            0.568182             95.9695
                  50                 850                   0             95.4723            0.568182             96.0405
                  50                 860                   0             95.4723            0.568182             96.0405
                  50                 870                   0             95.4723            0.568182             96.0405
                  50                 880                   0             95.5078            0.568182              96.076
                  50                 890                   0             95.5078            0.568182              96.076
                  50                 900                   0             95.5078            0.568182              96.076
                  50                 910                   0             95.5078            0.568182              96.076
                  50                 920                   0             95.5078            0.568182              96.076
                  50                 930                   0             95.5078            0.568182              96.076
                  50                 940                   0             95.5078            0.568182              96.076
                  50                 950                   0             95.5078            0.568182              96.076
                  50                 960                   0             95.5433            0.568182             96.1115
                  50                 970                   0             95.5433            0.568182             96.1115
                  50                 980                   0             95.5433            0.568182             96.1115
                  50                 990                   0             95.5433            0.568182             96.1115
                  50                1000                   0             95.5433            0.568182             96.1115
