                  20                   0                   0             8.18537             78.9773             87.1626
                  20                  10                   0             12.7841             76.1364             88.9205
                  20                  20                   0             16.7259             74.4318             91.1577
                  20                  30                   0             21.8572             71.5909             93.4482
                  20                  40                   0             23.9347             69.8864              93.821
                  20                  50                   0             26.7045             64.7727             91.4773
                  20                  60                   0             28.8885             60.7955             89.6839
                  20                  70                   0             30.2734                62.5             92.7734
                  20                  80                   0             30.5753                62.5             93.0753
                  20                  90                   0             31.1257                62.5             93.6257
                  20                 100                   0             31.3033                62.5             93.8033
                  20                 110                   0             31.4276             60.7955              92.223
                  20                 120                   0             31.6761             60.7955             92.4716
                  20                 130                   0             31.8892             60.7955             92.6847
                  20                 140                   0             32.5639             60.7955             93.3594
                  20                 150                   0             32.8835             60.7955              93.679
                  20                 160                   0             33.4517             60.7955             94.2472
                  20                 170                   0             33.9844             60.7955             94.7798
                  20                 180                   0             34.7656             59.0909             93.8565
                  20                 190                   0             37.8196             52.8409             90.6605
                  20                 200                   0             39.6129             52.2727             91.8857
                  20                 210                   0             40.8736             51.1364             92.0099
                  20                 220                   0             41.1932             51.1364             92.3295
                  20                 230                   0             41.6016             51.1364             92.7379
                  20                 240                   0             42.1697             51.1364             93.3061
                  20                 250                   0             42.9688             51.1364             94.1051
                  20                 260                   0               43.75             51.1364             94.8864
                  20                 270                   0              45.419             46.0227             91.4418
                  20                 280                   0              47.017             45.4545             92.4716
                  20                 290                   0             48.6683             45.4545             94.1229
                  20                 300                   0             49.6626             44.8864              94.549
                  20                 310                   0             50.3018             44.8864             95.1882
                  20                 320                   0             50.9766             44.8864             95.8629
                  20                 330                   0             51.6513             42.6136             94.2649
                  20                 340                   0             53.1428             40.9091             94.0518
                  20                 350                   0             54.6342             38.0682             92.7024
                  20                 360                   0             55.8594             38.0682             93.9276
                  20                 370                   0             56.9957             36.9318             93.9276
                  20                 380                   0              57.777             34.6591             92.4361
                  20                 390                   0             58.4339             34.6591              93.093
                  20                 400                   0             59.9077             33.5227             93.4304
                  20                 410                   0             60.8842             32.9545             93.8388
                  20                 420                   0             62.6065             27.8409             90.4474
                  20                 430                   0             62.8551             27.8409              90.696
                  20                 440                   0             64.2401             27.8409              92.081
                  20                 450                   0             65.1101             27.8409              92.951
                  20                 460                   0             67.9332             19.8864             87.8196
                  20                 470                   0              71.147             14.7727             85.9197
                  20                 480                   0             72.5142             14.2045             86.7188
                  20                 490                   0             73.7216                12.5             86.2216
                  20                 500                   0             73.9879                12.5             86.4879
                  20                 510                   0             75.1065             11.9318             87.0384
                  20                 520                   0             76.7223             8.52273              85.245
                  20                 530                   0             77.2905             8.52273             85.8132
                  20                 540                   0             77.4148             8.52273             85.9375
                  20                 550                   0             77.7344             8.52273             86.2571
                  20                 560                   0             77.8409             8.52273             86.3636
                  20                 570                   0             78.2315             8.52273             86.7543
                  20                 580                   0             78.2493             8.52273              86.772
                  20                 590                   0             78.2848             7.95455             86.2393
                  20                 600                   0             80.1136             7.95455             88.0682
                  20                 610                   0             80.2202             7.95455             88.1747
                  20                 620                   0             83.3984             5.68182             89.0803
                  20                 630                   0             83.6293             5.68182             89.3111
                  20                 640                   0              83.718             5.68182             89.3999
                  20                 650                   0             83.8601             5.68182             89.5419
                  20                 660                   0             84.0199             5.68182             89.7017
                  20                 670                   0             84.0376             5.68182             89.7195
                  20                 680                   0             84.6236             5.68182             90.3054
                  20                 690                   0             85.6712             5.11364             90.7848
                  20                 700                   0             85.8132             5.11364             90.9268
                  20                 710                   0             85.9553             4.54545             90.5007
                  20                 720                   0             86.0263             4.54545             90.5717
                  20                 730                   0             86.0973             4.54545             90.6428
                  20                 740                   0             86.2216             4.54545              90.767
                  20                 750                   0             86.2393             4.54545             90.7848
                  20                 760                   0             86.3104             4.54545             90.8558
                  20                 770                   0             86.3281             4.54545             90.8736
                  20                 780                   0             86.3459             4.54545             90.8913
                  20                 790                   0             86.4879             4.54545             91.0334
                  20                 800                   0             86.5412             4.54545             91.0866
                  20                 810                   0             86.5412             4.54545             91.0866
                  20                 820                   0             86.5589             4.54545             91.1044
                  20                 830                   0             86.5767             4.54545             91.1222
                  20                 840                   0             86.6477             4.54545             91.1932
                  20                 850                   0             86.8075             4.54545              91.353
                  20                 860                   0             86.8608             4.54545             91.4062
                  20                 870                   0             86.9318             4.54545             91.4773
                  20                 880                   0             87.0739             4.54545             91.6193
                  20                 890                   0             87.1982             4.54545             91.7436
                  20                 900                   0             87.3402             4.54545             91.8857
                  20                 910                   0             87.3402             4.54545             91.8857
                  20                 920                   0             87.3757             4.54545             91.9212
                  20                 930                   0             87.3757             4.54545             91.9212
                  20                 940                   0             87.3757             4.54545             91.9212
                  20                 950                   0             87.3757             4.54545             91.9212
                  20                 960                   0              87.429             4.54545             91.9744
                  20                 970                   0              87.429             4.54545             91.9744
                  20                 980                   0              87.429             4.54545             91.9744
                  20                 990                   0             88.7784             4.54545             93.3239
                  20                1000                   0             88.7784             4.54545             93.3239
