                  80                   0                   0             47.4787                  50             97.4787
                  80                  10                   0             51.6335             43.1818             94.8153
                  80                  20                   0             52.0774             43.1818             95.2592
                  80                  30                   0             52.7521             43.1818             95.9339
                  80                  40                   0             52.8764             43.1818             96.0582
                  80                  50                   0             53.9595             39.7727             93.7322
                  80                  60                   0             55.5575             35.2273             90.7848
                  80                  70                   0             57.5817             33.5227             91.1044
                  80                  80                   0             58.8956             31.8182             90.7138
                  80                  90                   0             60.0497             27.2727             87.3224
                  80                 100                   0             62.8551             22.7273             85.5824
                  80                 110                   0             67.6847             20.4545             88.1392
                  80                 120                   0             69.8509             17.6136             87.4645
                  80                 130                   0             71.6974             17.6136             89.3111
                  80                 140                   0             72.6562             17.6136             90.2699
                  80                 150                   0             75.5504             10.7955             86.3459
                  80                 160                   0             76.6513             8.52273              85.174
                  80                 170                   0             79.7763             4.54545             84.3217
                  80                 180                   0              80.451             4.54545             84.9964
                  80                 190                   0             83.4162             3.97727             87.3935
                  80                 200                   0             83.6648             3.97727              87.642
                  80                 210                   0              85.103             3.97727             89.0803
                  80                 220                   0             85.9908             1.70455             87.6953
                  80                 230                   0             86.4347             1.70455             88.1392
                  80                 240                   0             87.1982             1.13636             88.3345
                  80                 250                   0             87.7131             1.13636             88.8494
                  80                 260                   0             88.1925             1.13636             89.3288
                  80                 270                   0             88.5831             1.13636             89.7195
                  80                 280                   0             88.6009             1.13636             89.7372
                  80                 290                   0             88.7074             1.13636             89.8438
                  80                 300                   0             88.7784             1.13636             89.9148
                  80                 310                   0             88.7784             1.13636             89.9148
                  80                 320                   0             88.8317             1.13636              89.968
                  80                 330                   0             88.8849             1.13636             90.0213
                  80                 340                   0             88.8849             1.13636             90.0213
                  80                 350                   0             88.9382             1.13636             90.0746
                  80                 360                   0             89.0447             1.13636             90.1811
                  80                 370                   0             89.0447             1.13636             90.1811
                  80                 380                   0             89.0803             1.13636             90.2166
                  80                 390                   0             89.1513             1.13636             90.2876
                  80                 400                   0             89.2223             1.13636             90.3587
                  80                 410                   0             89.2223             1.13636             90.3587
                  80                 420                   0             89.2223             1.13636             90.3587
                  80                 430                   0             89.5241             1.13636             90.6605
                  80                 440                   0             89.5241             1.13636             90.6605
                  80                 450                   0              89.755             1.13636             90.8913
                  80                 460                   0             90.0213             1.13636             91.1577
                  80                 470                   0             92.0987             1.13636             93.2351
                  80                 480                   0             92.6669             1.13636             93.8033
                  80                 490                   0             92.6669             1.13636             93.8033
                  80                 500                   0             92.6669             1.13636             93.8033
                  80                 510                   0             92.8267             1.13636             93.9631
                  80                 520                   0             92.8267             1.13636             93.9631
                  80                 530                   0             93.3061             1.13636             94.4425
                  80                 540                   0             94.2472            0.568182             94.8153
                  80                 550                   0             94.2472            0.568182             94.8153
                  80                 560                   0              95.277            0.568182             95.8452
                  80                 570                   0              95.277            0.568182             95.8452
                  80                 580                   0              95.277            0.568182             95.8452
                  80                 590                   0              95.277            0.568182             95.8452
                  80                 600                   0              95.277            0.568182             95.8452
                  80                 610                   0             95.3125            0.568182             95.8807
                  80                 620                   0             95.3125            0.568182             95.8807
                  80                 630                   0             95.3658            0.568182             95.9339
                  80                 640                   0             95.3658            0.568182             95.9339
                  80                 650                   0             95.3658            0.568182             95.9339
                  80                 660                   0             95.4723            0.568182             96.0405
                  80                 670                   0             95.4723            0.568182             96.0405
                  80                 680                   0             95.4723            0.568182             96.0405
                  80                 690                   0             95.4901            0.568182             96.0582
                  80                 700                   0             95.5433            0.568182             96.1115
                  80                 710                   0             95.5788            0.568182              96.147
                  80                 720                   0             95.5788            0.568182              96.147
                  80                 730                   0             95.5788            0.568182              96.147
                  80                 740                   0             95.5788            0.568182              96.147
                  80                 750                   0             95.5788            0.568182              96.147
                  80                 760                   0             95.5788            0.568182              96.147
                  80                 770                   0             95.5788            0.568182              96.147
                  80                 780                   0             95.5788            0.568182              96.147
                  80                 790                   0             95.6321            0.568182             96.2003
                  80                 800                   0             95.7386            0.568182             96.3068
                  80                 810                   0             95.7386            0.568182             96.3068
                  80                 820                   0             95.7386            0.568182             96.3068
                  80                 830                   0             95.7919            0.568182             96.3601
                  80                 840                   0             95.7919            0.568182             96.3601
                  80                 850                   0             95.7919            0.568182             96.3601
                  80                 860                   0             95.7919            0.568182             96.3601
                  80                 870                   0             95.7919            0.568182             96.3601
                  80                 880                   0             95.7919            0.568182             96.3601
                  80                 890                   0             96.9638            0.568182              97.532
                  80                 900                   0             96.9638            0.568182              97.532
                  80                 910                   0             96.9638            0.568182              97.532
                  80                 920                   0             96.9638            0.568182              97.532
                  80                 930                   0             96.9638            0.568182              97.532
                  80                 940                   0             96.9638            0.568182              97.532
                  80                 950                   0             97.4964            0.568182             98.0646
                  80                 960                   0             97.5497            0.568182             98.1179
                  80                 970                   0             97.5497            0.568182             98.1179
                  80                 980                   0             97.5497            0.568182             98.1179
                  80                 990                   0             97.5497            0.568182             98.1179
                  80                1000                   0             97.5497            0.568182             98.1179
