                   0                   0                   0            0.479403             97.7273             98.2067
                   0                  10                   0            0.213068             99.4318             99.6449
                   0                  20                   0            0.266335             99.4318             99.6982
                   0                  30                   0            0.443892             98.8636             99.3075
                   0                  40                   0            0.514915             98.2955             98.8104
                   0                  50                   0             1.02983             95.4545             96.4844
                   0                  60                   0             1.74006             94.3182             96.0582
                   0                  70                   0            0.887784             97.1591             98.0469
                   0                  80                   0             1.42045               93.75             95.1705
                   0                  90                   0              2.8054             89.2045             92.0099
                   0                 100                   0             7.40412             80.6818             88.0859
                   0                 110                   0             7.79474             80.1136             87.9084
                   0                 120                   0             8.70028             80.1136             88.8139
                   0                 130                   0             9.96094             80.1136             90.0746
                   0                 140                   0             10.6001             80.1136             90.7138
                   0                 150                   0              12.429             78.4091             90.8381
                   0                 160                   0             15.0568             74.4318             89.4886
                   0                 170                   0             14.6307             75.5682             90.1989
                   0                 180                   0             15.7315             74.4318             90.1634
                   0                 190                   0             15.8736             74.4318             90.3054
                   0                 200                   0             17.0455             73.2955             90.3409
                   0                 210                   0             18.4126             71.0227             89.4354
                   0                 220                   0             19.6733             68.1818             87.8551
                   0                 230                   0             22.4609                62.5             84.9609
                   0                 240                   0             23.2067             61.9318             85.1385
                   0                 250                   0               24.13             61.9318             86.0618
                   0                 260                   0             26.1719             60.7955             86.9673
                   0                 270                   0             26.4205             60.7955             87.2159
                   0                 280                   0             29.7053             60.7955             90.5007
                   0                 290                   0             30.2557             59.0909             89.3466
                   0                 300                   0              31.179             59.0909             90.2699
                   0                 310                   0             33.2209             58.5227             91.7436
                   0                 320                   0             35.2805             55.6818             90.9624
                   0                 330                   0             36.5234             55.6818             92.2053
                   0                 340                   0             39.0092             55.1136             94.1229
                   0                 350                   0             39.8793             52.2727              92.152
                   0                 360                   0             40.5185             52.2727             92.7912
                   0                 370                   0             40.8736             52.2727             93.1463
                   0                 380                   0             41.1754             52.2727             93.4482
                   0                 390                   0             44.5845                  50             94.5845
                   0                 400                   0             45.5256             46.0227             91.5483
                   0                 410                   0             46.1825               43.75             89.9325
                   0                 420                   0              47.017             43.1818             90.1989
                   0                 430                   0             48.1001             43.1818              91.282
                   0                 440                   0             49.6449             41.4773             91.1222
                   0                 450                   0             50.1243             39.7727              89.897
                   0                 460                   0             51.7045             39.2045             90.9091
                   0                 470                   0             52.4325             38.6364             91.0689
                   0                 480                   0             53.0185             38.0682             91.0866
                   0                 490                   0             53.3203             38.0682             91.3885
                   0                 500                   0             54.7585             38.0682             92.8267
                   0                 510                   0             56.1967             32.9545             89.1513
                   0                 520                   0             56.7472             32.9545             89.7017
                   0                 530                   0             61.0085             28.4091             89.4176
                   0                 540                   0             62.6598             23.8636             86.5234
                   0                 550                   0             63.9382             23.8636             87.8018
                   0                 560                   0             63.9915             23.8636             87.8551
                   0                 570                   0             64.3643             23.8636              88.228
                   0                 580                   0             65.2876             22.7273             88.0149
                   0                 590                   0             67.1342             19.8864             87.0206
                   0                 600                   0             67.1697             19.8864             87.0561
                   0                 610                   0             67.1697             19.8864             87.0561
                   0                 620                   0             67.1697             19.8864             87.0561
                   0                 630                   0             67.2408             19.8864             87.1271
                   0                 640                   0             67.2585             19.8864             87.1449
                   0                 650                   0             67.2585             19.8864             87.1449
                   0                 660                   0              67.294             19.8864             87.1804
                   0                 670                   0             67.3295             19.8864             87.2159
                   0                 680                   0             67.4361             19.8864             87.3224
                   0                 690                   0              71.076             13.6364             84.7124
                   0                 700                   0             71.1115             13.0682             84.1797
                   0                 710                   0             71.1115             13.0682             84.1797
                   0                 720                   0              71.147             13.0682             84.2152
                   0                 730                   0             71.3778             13.0682              84.446
                   0                 740                   0             71.4489             13.0682              84.517
                   0                 750                   0             71.4666             13.0682             84.5348
                   0                 760                   0             71.4666             13.0682             84.5348
                   0                 770                   0             71.4666             13.0682             84.5348
                   0                 780                   0             71.5732             13.0682             84.6413
                   0                 790                   0             71.6797             13.0682             84.7479
                   0                 800                   0             71.6797             13.0682             84.7479
                   0                 810                   0              71.875                12.5              84.375
                   0                 820                   0              71.875                12.5              84.375
                   0                 830                   0             76.1541             9.65909             85.8132
                   0                 840                   0             76.1541             9.65909             85.8132
                   0                 850                   0             76.1541             9.65909             85.8132
                   0                 860                   0             76.1541             9.65909             85.8132
                   0                 870                   0             76.1541             9.65909             85.8132
                   0                 880                   0             76.1541             9.65909             85.8132
                   0                 890                   0             76.1541             9.65909             85.8132
                   0                 900                   0             76.1541             9.65909             85.8132
                   0                 910                   0             76.1541             9.65909             85.8132
                   0                 920                   0             76.1541             9.65909             85.8132
                   0                 930                   0             76.1541             9.65909             85.8132
                   0                 940                   0             76.1541             9.65909             85.8132
                   0                 950                   0             76.2074             9.65909             85.8665
                   0                 960                   0             76.2074             9.65909             85.8665
                   0                 970                   0             76.3139             9.65909              85.973
                   0                 980                   0             76.3139             9.65909              85.973
                   0                 990                   0             76.3849             9.65909              86.044
                   0                1000                   0             76.3849             9.65909              86.044
