                  45                   0                   0             33.5938             66.4773             100.071
                  45                  10                   0             34.9432             60.7955             95.7386
                  45                  20                   0             36.2571             56.8182             93.0753
                  45                  30                   0             37.0916             56.8182             93.9098
                  45                  40                   0             37.6776             56.8182             94.4957
                  45                  50                   0             38.4588             56.8182              95.277
                  45                  60                   0             38.8849             56.8182             95.7031
                  45                  70                   0             39.1158             56.8182             95.9339
                  45                  80                   0             39.6307             56.8182             96.4489
                  45                  90                   0             40.3054             56.8182             97.1236
                  45                 100                   0             40.7138             56.8182              97.532
                  45                 110                   0             41.4773               56.25             97.7273
                  45                 120                   0             41.8146               56.25             98.0646
                  45                 130                   0             42.4716             52.8409             95.3125
                  45                 140                   0             43.7678             48.8636             92.6314
                  45                 150                   0             45.9339             47.7273             93.6612
                  45                 160                   0              47.532             47.1591             94.6911
                  45                 170                   0             49.1122             46.5909             95.7031
                  45                 180                   0             49.2188             45.4545             94.6733
                  45                 190                   0             50.0355             44.8864             94.9219
                  45                 200                   0             51.4205             40.9091             92.3295
                  45                 210                   0             54.2081                37.5             91.7081
                  45                 220                   0             55.8594             36.9318             92.7912
                  45                 230                   0             58.2031             33.5227             91.7259
                  45                 240                   0             58.8246             33.5227             92.3473
                  45                 250                   0             59.3572             33.5227               92.88
                  45                 260                   0             61.0085             28.4091             89.4176
                  45                 270                   0             62.8729             25.5682             88.4411
                  45                 280                   0             64.0447             25.5682             89.6129
                  45                 290                   0             66.5128             25.5682              92.081
                  45                 300                   0             69.0696             21.5909             90.6605
                  45                 310                   0             71.3956             18.1818             89.5774
                  45                 320                   0             72.7805             18.1818             90.9624
                  45                 330                   0             73.6861             18.1818             91.8679
                  45                 340                   0             74.2365             18.1818             92.4183
                  45                 350                   0              78.853             11.3636             90.2166
                  45                 360                   0             79.6697             9.65909             89.3288
                  45                 370                   0              81.392             7.38636             88.7784
                  45                 380                   0             81.6229             7.38636             89.0092
                  45                 390                   0             82.4751             6.81818             89.2933
                  45                 400                   0             83.2564                6.25             89.5064
                  45                 410                   0             84.7834             4.54545             89.3288
                  45                 420                   0              85.245             2.84091             88.0859
                  45                 430                   0             85.4226             2.84091             88.2635
                  45                 440                   0             85.6001             2.27273             87.8729
                  45                 450                   0             86.0618             2.27273             88.3345
                  45                 460                   0             86.1328             2.27273             88.4055
                  45                 470                   0             86.1683             2.27273             88.4411
                  45                 480                   0             86.7188             2.27273             88.9915
                  45                 490                   0             87.0384             2.27273             89.3111
                  45                 500                   0             87.1449             2.27273             89.4176
                  45                 510                   0             87.3402             2.27273             89.6129
                  45                 520                   0             90.3409             2.27273             92.6136
                  45                 530                   0             90.5895             2.27273             92.8622
                  45                 540                   0             90.6072             2.27273               92.88
                  45                 550                   0             91.0156             1.70455             92.7202
                  45                 560                   0             91.5661             1.70455             93.2706
                  45                 570                   0             91.5661             1.70455             93.2706
                  45                 580                   0              92.294             1.70455             93.9986
                  45                 590                   0             92.3473             1.70455             94.0518
                  45                 600                   0             92.4006             1.70455             94.1051
                  45                 610                   0             92.4183             1.70455             94.1229
                  45                 620                   0             92.4183             1.70455             94.1229
                  45                 630                   0             93.3771             1.13636             94.5135
                  45                 640                   0             93.4126             1.13636              94.549
                  45                 650                   0             93.4126             1.13636              94.549
                  45                 660                   0             93.4837             1.13636               94.62
                  45                 670                   0             93.5369             1.13636             94.6733
                  45                 680                   0             93.5369             1.13636             94.6733
                  45                 690                   0             93.5724             1.13636             94.7088
                  45                 700                   0             93.5724             1.13636             94.7088
                  45                 710                   0             93.5724             1.13636             94.7088
                  45                 720                   0             93.5724             1.13636             94.7088
                  45                 730                   0             93.5724             1.13636             94.7088
                  45                 740                   0             93.6435             1.13636             94.7798
                  45                 750                   0             93.8033             1.13636             94.9396
                  45                 760                   0             94.0163             1.13636             95.1527
                  45                 770                   0             94.0163             1.13636             95.1527
                  45                 780                   0             95.0817             1.13636              96.218
                  45                 790                   0             95.0817             1.13636              96.218
                  45                 800                   0             95.0817             1.13636              96.218
                  45                 810                   0             95.0817             1.13636              96.218
                  45                 820                   0             95.0817             1.13636              96.218
                  45                 830                   0             95.0817             1.13636              96.218
                  45                 840                   0             95.0817             1.13636              96.218
                  45                 850                   0             95.2415             1.13636             96.3778
                  45                 860                   0             95.2415             1.13636             96.3778
                  45                 870                   0             95.2415             1.13636             96.3778
                  45                 880                   0             95.3125             1.13636             96.4489
                  45                 890                   0             95.3125             1.13636             96.4489
                  45                 900                   0             95.3125             1.13636             96.4489
                  45                 910                   0             95.3125             1.13636             96.4489
                  45                 920                   0              95.348             1.13636             96.4844
                  45                 930                   0              95.348             1.13636             96.4844
                  45                 940                   0              95.348             1.13636             96.4844
                  45                 950                   0              95.348             1.13636             96.4844
                  45                 960                   0              95.348             1.13636             96.4844
                  45                 970                   0              95.348             1.13636             96.4844
                  45                 980                   0              95.348             1.13636             96.4844
                  45                 990                   0              95.348             1.13636             96.4844
                  45                1000                   0              95.348             1.13636             96.4844
