                  65                   0                   0             23.8991             11.9318              35.831
                  65                  10                   0             26.3139             9.65909              35.973
                  65                  20                   0             27.0952             7.95455             35.0497
                  65                  30                   0             27.7344                6.25             33.9844
                  65                  40                   0             28.7464             5.68182             34.4283
                  65                  50                   0             29.4744             5.68182             35.1562
                  65                  60                   0             30.3622             5.68182              36.044
                  65                  70                   0             30.9659             5.11364             36.0795
                  65                  80                   0             30.9659             4.54545             35.5114
                  65                  90                   0             31.5163             4.54545             36.0618
                  65                 100                   0             31.9425             4.54545             36.4879
                  65                 110                   0             32.3331             3.40909             35.7422
                  65                 120                   0             33.3984             2.84091             36.2393
                  65                 130                   0             33.9134             2.84091             36.7543
                  65                 140                   0              34.517             2.84091              37.358
                  65                 150                   0             35.5291             2.84091               38.37
                  65                 160                   0             36.3814             2.84091             39.2223
                  65                 170                   0             36.8253             2.84091             39.6662
                  65                 180                   0             37.0739             2.84091             39.9148
                  65                 190                   0              37.358             2.84091             40.1989
                  65                 200                   0             37.6953             2.84091             40.5362
                  65                 210                   0              38.299             2.84091             41.1399
                  65                 220                   0              39.826             1.70455             41.5305
                  65                 230                   0             40.1456             1.70455             41.8501
                  65                 240                   0             40.5007             1.70455             42.2053
                  65                 250                   0             40.8736             1.70455             42.5781
                  65                 260                   0             41.0334             1.70455             42.7379
                  65                 270                   0             41.2109             1.70455             42.9155
                  65                 280                   0              41.424             1.70455             43.1286
                  65                 290                   0             41.7436             1.70455             43.4482
                  65                 300                   0             42.1165             1.70455              43.821
                  65                 310                   0             42.5071             1.70455             44.2116
                  65                 320                   0             42.8977             1.13636             44.0341
                  65                 330                   0             43.6435             1.13636             44.7798
                  65                 340                   0             43.9986             1.13636             45.1349
                  65                 350                   0             44.2472             1.13636             45.3835
                  65                 360                   0             44.9396             1.13636              46.076
                  65                 370                   0             45.5256             1.13636             46.6619
                  65                 380                   0             45.6854             1.13636             46.8217
                  65                 390                   0             46.4666             1.13636              47.603
                  65                 400                   0             47.1768             1.13636             48.3132
                  65                 410                   0             48.6683             1.13636             49.8047
                  65                 420                   0             49.8402             1.13636             50.9766
                  65                 430                   0             50.6037             1.13636             51.7401
                  65                 440                   0             51.1896             1.13636              52.326
                  65                 450                   0             52.3438             1.13636             53.4801
                  65                 460                   0             53.3026             1.13636             54.4389
                  65                 470                   0             54.1903             1.13636             55.3267
                  65                 480                   0             54.9538             1.13636             56.0902
                  65                 490                   0             56.1435             1.13636             57.2798
                  65                 500                   0             56.4808             1.13636             57.6172
                  65                 510                   0             56.8714             1.13636             58.0078
                  65                 520                   0             57.5817             1.13636              58.718
                  65                 530                   0             57.7415             1.13636             58.8778
                  65                 540                   0             59.3928             1.13636             60.5291
                  65                 550                   0             60.0852             1.13636             61.2216
                  65                 560                   0             60.5824             1.13636             61.7188
                  65                 570                   0             60.6357             1.13636              61.772
                  65                 580                   0             60.7422             1.13636             61.8786
                  65                 590                   0             60.8132             1.13636             61.9496
                  65                 600                   0             61.4524             1.13636             62.5888
                  65                 610                   0             62.0206             1.13636              63.157
                  65                 620                   0             63.1925             1.13636             64.3288
                  65                 630                   0             63.7784             1.13636             64.9148
                  65                 640                   0             64.3111             1.13636             65.4474
                  65                 650                   0             64.6839             1.13636             65.8203
                  65                 660                   0             65.1634             1.13636             66.2997
                  65                 670                   0             65.2166             1.13636              66.353
                  65                 680                   0             65.2521             1.13636             66.3885
                  65                 690                   0              67.223             1.13636             68.3594
                  65                 700                   0             69.3182             1.13636             70.4545
                  65                 710                   0             69.7976             1.13636             70.9339
                  65                 720                   0             71.3601             1.13636             72.4964
                  65                 730                   0             71.5199             1.13636             72.6562
                  65                 740                   0              71.733             1.13636             72.8693
                  65                 750                   0              71.804             1.13636             72.9403
                  65                 760                   0              72.017             1.13636             73.1534
                  65                 770                   0             72.0526             1.13636             73.1889
                  65                 780                   0             72.0881             1.13636             73.2244
                  65                 790                   0             73.1889             1.13636             74.3253
                  65                 800                   0             73.6151             1.13636             74.7514
                  65                 810                   0             73.7571             1.13636             74.8935
                  65                 820                   0             73.9524             1.13636             75.0888
                  65                 830                   0             75.9233             1.13636             77.0597
                  65                 840                   0             77.1307             1.13636              78.267
                  65                 850                   0             77.1484             1.13636             78.2848
                  65                 860                   0             77.1662             1.13636             78.3026
                  65                 870                   0             77.5923             1.13636             78.7287
                  65                 880                   0             77.6278             1.13636             78.7642
                  65                 890                   0             77.6456             1.13636              78.782
                  65                 900                   0              78.054             1.13636             79.1903
                  65                 910                   0             78.4624             1.13636             79.5987
                  65                 920                   0             78.7109             1.13636             79.8473
                  65                 930                   0             78.7287             1.13636             79.8651
                  65                 940                   0             79.5099             1.13636             80.6463
                  65                 950                   0             80.2379             1.13636             81.3743
                  65                 960                   0             80.3089             1.13636             81.4453
                  65                 970                   0             80.3267             1.13636             81.4631
                  65                 980                   0             80.4688             1.13636             81.6051
                  65                 990                   0             81.3743             1.13636             82.5107
                  65                1000                   0              81.392             1.13636             82.5284
