                  45                   0                   0             14.3821               18.75             33.1321
                  45                  10                   0             15.8026             17.0455              32.848
                  45                  20                   0             16.2464             17.0455             33.2919
                  45                  30                   0             15.9268             16.4773             32.4041
                  45                  40                   0             16.4418             16.4773              32.919
                  45                  50                   0             17.3473             14.2045             31.5518
                  45                  60                   0             17.8445             14.2045              32.049
                  45                  70                   0             18.4837             14.2045             32.6882
                  45                  80                   0             19.3537             13.6364             32.9901
                  45                  90                   0              20.419             13.0682             33.4872
                  45                 100                   0             21.0582                12.5             33.5582
                  45                 110                   0             21.7862             9.65909             31.4453
                  45                 120                   0             22.6207                6.25             28.8707
                  45                 130                   0             23.2067             5.68182             28.8885
                  45                 140                   0             23.8104             5.11364              28.924
                  45                 150                   0             24.3963             5.68182             30.0781
                  45                 160                   0             24.9645             5.11364             30.0781
                  45                 170                   0             25.7102             5.11364             30.8239
                  45                 180                   0             26.4027             4.54545             30.9482
                  45                 190                   0             27.8232             4.54545             32.3686
                  45                 200                   0             28.7464             4.54545             33.2919
                  45                 210                   0             29.4922             4.54545             34.0376
                  45                 220                   0             31.5341             1.70455             33.2386
                  45                 230                   0             32.5817             1.70455             34.2862
                  45                 240                   0              33.505             1.70455             35.2095
                  45                 250                   0             34.2507             1.70455             35.9553
                  45                 260                   0             34.9432             1.70455             36.6477
                  45                 270                   0             36.5767             1.70455             38.2812
                  45                 280                   0             37.8374             1.70455             39.5419
                  45                 290                   0             38.0327             1.70455             39.7372
                  45                 300                   0             38.4943             1.70455             40.1989
                  45                 310                   0             38.7962             1.70455             40.5007
                  45                 320                   0             39.0625             1.13636             40.1989
                  45                 330                   0             39.2401             1.13636             40.3764
                  45                 340                   0             39.3466             1.13636              40.483
                  45                 350                   0             39.4176             1.13636              40.554
                  45                 360                   0             39.6129             1.13636             40.7493
                  45                 370                   0             40.0213             1.13636             41.1577
                  45                 380                   0             40.4297             1.13636             41.5661
                  45                 390                   0             40.5185             1.13636             41.6548
                  45                 400                   0              40.625             1.13636             41.7614
                  45                 410                   0             40.7138             1.13636             41.8501
                  45                 420                   0             40.9979             1.13636             42.1342
                  45                 430                   0              42.081             1.13636             43.2173
                  45                 440                   0             42.6669             1.13636             43.8033
                  45                 450                   0             43.7855             1.13636             44.9219
                  45                 460                   0             44.6733             1.13636             45.8097
                  45                 470                   0             45.1349             1.13636             46.2713
                  45                 480                   0             46.3246             1.13636             47.4609
                  45                 490                   0             46.7862             1.13636             47.9226
                  45                 500                   0             47.1591             1.13636             48.2955
                  45                 510                   0             47.8516             1.13636             48.9879
                  45                 520                   0             49.0057             1.13636              50.142
                  45                 530                   0             49.7869             1.13636             50.9233
                  45                 540                   0             50.4794             1.13636             51.6158
                  45                 550                   0             51.5625             1.13636             52.6989
                  45                 560                   0             52.2372             1.13636             53.3736
                  45                 570                   0             52.7699             1.13636             53.9062
                  45                 580                   0             53.3381             1.13636             54.4744
                  45                 590                   0              54.581             1.13636             55.7173
                  45                 600                   0             54.9183             1.13636             56.0547
                  45                 610                   0             55.5575             1.13636             56.6939
                  45                 620                   0             56.2855             1.13636             57.4219
                  45                 630                   0             56.8537             1.13636             57.9901
                  45                 640                   0             57.4396             1.13636              58.576
                  45                 650                   0             57.7237             1.13636             58.8601
                  45                 660                   0             58.4162             1.13636             59.5526
                  45                 670                   0             58.7713             1.13636             59.9077
                  45                 680                   0             59.5348             1.13636             60.6712
                  45                 690                   0             60.2273             1.13636             61.3636
                  45                 700                   0             60.9553             1.13636             62.0916
                  45                 710                   0             61.3991             1.13636             62.5355
                  45                 720                   0             61.8608             1.13636             62.9972
                  45                 730                   0             62.7131             1.13636             63.8494
                  45                 740                   0             63.2635             1.13636             64.3999
                  45                 750                   0             63.9205             1.13636             65.0568
                  45                 760                   0             64.1335             1.13636             65.2699
                  45                 770                   0             64.6662             1.13636             65.8026
                  45                 780                   0             64.6662             1.13636             65.8026
                  45                 790                   0             65.0036             1.13636             66.1399
                  45                 800                   0              65.554             1.13636             66.6903
                  45                 810                   0              65.696             1.13636             66.8324
                  45                 820                   0             66.1399             1.13636             67.2763
                  45                 830                   0             66.2109             1.13636             67.3473
                  45                 840                   0             66.2997             1.13636             67.4361
                  45                 850                   0             66.4418             1.13636             67.5781
                  45                 860                   0             66.6726             1.13636             67.8089
                  45                 870                   0             67.5071             1.13636             68.6435
                  45                 880                   0             67.6491             1.13636             68.7855
                  45                 890                   0             67.7557             1.13636              68.892
                  45                 900                   0             67.7912             1.13636             68.9276
                  45                 910                   0             67.8089             1.13636             68.9453
                  45                 920                   0              68.093             1.13636             69.2294
                  45                 930                   0             68.2884             1.13636             69.4247
                  45                 940                   0             68.2884             1.13636             69.4247
                  45                 950                   0             68.3239             1.13636             69.4602
                  45                 960                   0             68.7322             1.13636             69.8686
                  45                 970                   0             68.7322             1.13636             69.8686
                  45                 980                   0             68.9808             1.13636             70.1172
                  45                 990                   0             69.0163             1.13636             70.1527
                  45                1000                   0             69.0341             1.13636             70.1705
