                  15                   0                   0             1.95312             45.4545             47.4077
                  15                  10                   0             2.23722             44.8864             47.1236
                  15                  20                   0             2.36151             44.3182             46.6797
                  15                  30                   0             2.41477             39.7727             42.1875
                  15                  40                   0              2.8054             38.6364             41.4418
                  15                  50                   0             2.91193                37.5             40.4119
                  15                  60                   0             3.14276             36.9318             40.0746
                  15                  70                   0             3.19602             35.7955             38.9915
                  15                  80                   0             3.39134             33.5227             36.9141
                  15                  90                   0             3.51562             30.6818             34.1974
                  15                 100                   0             3.65767             29.5455             33.2031
                  15                 110                   0             3.63991             26.7045             30.3445
                  15                 120                   0              3.7642             27.2727             31.0369
                  15                 130                   0             4.15483             26.7045             30.8594
                  15                 140                   0              4.5277             25.5682             30.0959
                  15                 150                   0             4.81179             25.5682               30.38
                  15                 160                   0              5.1669             21.0227             26.1896
                  15                 170                   0             5.57528             19.8864             25.4616
                  15                 180                   0             5.69957             18.1818             23.8814
                  15                 190                   0             6.00142             15.3409             21.3423
                  15                 200                   0             6.58736             14.2045             20.7919
                  15                 210                   0             7.08452             11.9318             19.0163
                  15                 220                   0             7.70597             11.3636             19.0696
                  15                 230                   0             7.74148             13.6364             21.3778
                  15                 240                   0             8.22088             11.9318             20.1527
                  15                 250                   0              8.7358             11.3636             20.0994
                  15                 260                   0             9.33949             10.7955             20.1349
                  15                 270                   0             9.60582             10.2273             19.8331
                  15                 280                   0             10.4403             9.65909             20.0994
                  15                 290                   0             10.8665             8.52273             19.3892
                  15                 300                   0             11.5057                6.25             17.7557
                  15                 310                   0             12.0028             5.68182             17.6847
                  15                 320                   0             13.0504             5.11364             18.1641
                  15                 330                   0             13.5831             4.54545             18.1286
                  15                 340                   0             13.8494             3.97727             17.8267
                  15                 350                   0              14.169             4.54545             18.7145
                  15                 360                   0             15.0036             4.54545              19.549
                  15                 370                   0             15.4652             4.54545             20.0107
                  15                 380                   0             16.7969             4.54545             21.3423
                  15                 390                   0             18.3416             2.84091             21.1825
                  15                 400                   0             19.0163             1.70455             20.7209
                  15                 410                   0             19.5845             1.70455             21.2891
                  15                 420                   0             20.0994             1.70455              21.804
                  15                 430                   0             20.2947             1.13636             21.4311
                  15                 440                   0             20.6676             1.13636              21.804
                  15                 450                   0             21.1115             1.13636             22.2479
                  15                 460                   0             21.9283             1.13636             23.0646
                  15                 470                   0             23.6506             1.13636             24.7869
                  15                 480                   0             24.3786             1.13636             25.5149
                  15                 490                   0             24.5739             1.13636             25.7102
                  15                 500                   0             25.9943             1.13636             27.1307
                  15                 510                   0             26.5092             1.13636             27.6456
                  15                 520                   0             26.6868             1.13636             27.8232
                  15                 530                   0             26.9531             1.13636             28.0895
                  15                 540                   0             27.7521             1.13636             28.8885
                  15                 550                   0             28.0185             1.13636             29.1548
                  15                 560                   0             28.3736             1.13636             29.5099
                  15                 570                   0             28.9062             1.13636             30.0426
                  15                 580                   0             29.1903             1.13636             30.3267
                  15                 590                   0             30.3445             1.13636             31.4808
                  15                 600                   0             30.5043             1.13636             31.6406
                  15                 610                   0             30.8594             1.13636             31.9957
                  15                 620                   0             33.9311             1.13636             35.0675
                  15                 630                   0             34.1264             1.13636             35.2628
                  15                 640                   0             34.6768             1.13636             35.8132
                  15                 650                   0             35.4048             1.13636             36.5412
                  15                 660                   0             35.6534             1.13636             36.7898
                  15                 670                   0             36.6655             1.13636             37.8018
                  15                 680                   0             37.3757             1.13636             38.5121
                  15                 690                   0             40.3587             1.13636              41.495
                  15                 700                   0             41.4418             1.13636             42.5781
                  15                 710                   0              41.495             1.13636             42.6314
                  15                 720                   0             42.4716             1.13636              43.608
                  15                 730                   0              43.093             1.13636             44.2294
                  15                 740                   0               43.75             1.13636             44.8864
                  15                 750                   0             44.6555             1.13636             45.7919
                  15                 760                   0             44.9219             1.13636             46.0582
                  15                 770                   0             45.7919             1.13636             46.9283
                  15                 780                   0             47.7805             1.13636             48.9169
                  15                 790                   0             48.4908             1.13636             49.6271
                  15                 800                   0             49.0412             1.13636             50.1776
                  15                 810                   0             49.5028             1.13636             50.6392
                  15                 820                   0             48.6861             1.13636             49.8224
                  15                 830                   0             48.7216             1.13636              49.858
                  15                 840                   0             48.9702             1.13636             50.1065
                  15                 850                   0             51.1364             1.13636             52.2727
                  15                 860                   0             52.6278             1.13636             53.7642
                  15                 870                   0             52.9119             1.13636             54.0483
                  15                 880                   0               55.38             1.13636             56.5163
                  15                 890                   0             55.7706             1.13636              56.907
                  15                 900                   0              56.108             1.13636             57.2443
                  15                 910                   0             56.6761             1.13636             57.8125
                  15                 920                   0             56.7649             1.13636             57.9013
                  15                 930                   0             58.1499             1.13636             59.2862
                  15                 940                   0             58.3807             1.13636              59.517
                  15                 950                   0             59.4283             1.13636             60.5646
                  15                 960                   0             59.6591             1.13636             60.7955
                  15                 970                   0             59.9787             1.13636             61.1151
                  15                 980                   0             60.3161             1.13636             61.4524
                  15                 990                   0             60.5824             1.13636             61.7188
                  15                1000                   0             62.0916             1.13636              63.228
