                  90                   0                   0             33.0611             5.68182             38.7429
                  90                  10                   0             34.7656             4.54545             39.3111
                  90                  20                   0             33.5227             8.52273             42.0455
                  90                  30                   0             34.4993             4.54545             39.0447
                  90                  40                   0             35.4581             5.11364             40.5717
                  90                  50                   0             36.4347             3.40909             39.8438
                  90                  60                   0             36.7188             3.40909             40.1278
                  90                  70                   0             36.9673             3.97727             40.9446
                  90                  80                   0             38.6186             2.84091             41.4595
                  90                  90                   0             39.0092             2.84091             41.8501
                  90                 100                   0             39.5419             2.84091             42.3828
                  90                 110                   0              39.826             2.84091             42.6669
                  90                 120                   0             40.1101             2.84091              42.951
                  90                 130                   0             40.6428             2.84091             43.4837
                  90                 140                   0             41.1399             2.84091             43.9808
                  90                 150                   0             41.3885             2.84091             44.2294
                  90                 160                   0             41.4773             2.84091             44.3182
                  90                 170                   0             41.8146             2.84091             44.6555
                  90                 180                   0              42.152             2.84091             44.9929
                  90                 190                   0             42.6669             2.27273             44.9396
                  90                 200                   0             43.1286             2.27273             45.4013
                  90                 210                   0             43.3771             1.70455             45.0817
                  90                 220                   0             43.5192             1.70455             45.2237
                  90                 230                   0             44.0518             1.70455             45.7564
                  90                 240                   0             44.4602             1.70455             46.1648
                  90                 250                   0             44.8686             1.70455             46.5732
                  90                 260                   0             45.3303             1.70455             47.0348
                  90                 270                   0             46.5376             1.70455             48.2422
                  90                 280                   0             47.9581             1.70455             49.6626
                  90                 290                   0             48.9347             1.70455             50.6392
                  90                 300                   0             49.9822             1.70455             51.6868
                  90                 310                   0             50.8523             1.13636             51.9886
                  90                 320                   0             51.5092             1.13636             52.6456
                  90                 330                   0             52.6634             1.13636             53.7997
                  90                 340                   0             55.2024             1.13636             56.3388
                  90                 350                   0             56.1612             1.13636             57.2976
                  90                 360                   0             59.0554             1.13636             60.1918
                  90                 370                   0             60.0852             1.13636             61.2216
                  90                 380                   0             61.3104             1.13636             62.4467
                  90                 390                   0             62.7841             1.13636             63.9205
                  90                 400                   0             66.5305             1.13636             67.6669
                  90                 410                   0              67.081             1.13636             68.2173
                  90                 420                   0             67.8089             1.13636             68.9453
                  90                 430                   0             68.9098             1.13636             70.0462
                  90                 440                   0             70.5078             1.13636             71.6442
                  90                 450                   0             71.8572             1.13636             72.9936
                  90                 460                   0             72.5675             1.13636             73.7038
                  90                 470                   0             73.5618             1.13636             74.6982
                  90                 480                   0             73.9879             1.13636             75.1243
                  90                 490                   0             75.7812             1.13636             76.9176
                  90                 500                   0             76.1719             1.13636             77.3082
                  90                 510                   0             77.0241             1.13636             78.1605
                  90                 520                   0             78.1428             1.13636             79.2791
                  90                 530                   0             79.9361             1.13636             81.0724
                  90                 540                   0             83.4695            0.568182             84.0376
                  90                 550                   0             83.8423            0.568182             84.4105
                  90                 560                   0             84.0376            0.568182             84.6058
                  90                 570                   0             84.4283            0.568182             84.9964
                  90                 580                   0             84.5881            0.568182             85.1562
                  90                 590                   0             84.6236            0.568182             85.1918
                  90                 600                   0             84.7479            0.568182             85.3161
                  90                 610                   0             84.8899            0.568182             85.4581
                  90                 620                   0              85.245            0.568182             85.8132
                  90                 630                   0             85.5469            0.568182             86.1151
                  90                 640                   0             86.4702            0.568182             87.0384
                  90                 650                   0             87.2337            0.568182             87.8018
                  90                 660                   0             87.3757            0.568182             87.9439
                  90                 670                   0             87.7663            0.568182             88.3345
                  90                 680                   0             87.9439            0.568182             88.5121
                  90                 690                   0             88.1037            0.568182             88.6719
                  90                 700                   0             88.1747            0.568182             88.7429
                  90                 710                   0             88.3168            0.568182             88.8849
                  90                 720                   0             88.6719            0.568182             89.2401
                  90                 730                   0             88.6719            0.568182             89.2401
                  90                 740                   0             88.7962            0.568182             89.3643
                  90                 750                   0              88.956            0.568182             89.5241
                  90                 760                   0             89.4886            0.568182             90.0568
                  90                 770                   0             89.9503            0.568182             90.5185
                  90                 780                   0             90.0568            0.568182              90.625
                  90                 790                   0             90.0568            0.568182              90.625
                  90                 800                   0             90.3764            0.568182             90.9446
                  90                 810                   0             90.3942            0.568182             90.9624
                  90                 820                   0             90.4652            0.568182             91.0334
                  90                 830                   0              90.696            0.568182             91.2642
                  90                 840                   0              90.767            0.568182             91.3352
                  90                 850                   0             90.7848            0.568182              91.353
                  90                 860                   0             91.0511            0.568182             91.6193
                  90                 870                   0             91.3707            0.568182             91.9389
                  90                 880                   0             91.6726            0.568182             92.2408
                  90                 890                   0             92.2053            0.568182             92.7734
                  90                 900                   0              92.223            0.568182             92.7912
                  90                 910                   0             92.5426            0.568182             93.1108
                  90                 920                   0             92.5604            0.568182             93.1286
                  90                 930                   0             92.6136            0.568182             93.1818
                  90                 940                   0             92.6491            0.568182             93.2173
                  90                 950                   0             92.6669            0.568182             93.2351
                  90                 960                   0             93.0043            0.568182             93.5724
                  90                 970                   0             93.0575            0.568182             93.6257
                  90                 980                   0             93.2351            0.568182             93.8033
                  90                 990                   0             93.2351            0.568182             93.8033
                  90                1000                   0             93.2351            0.568182             93.8033
