                  80                   0                   0             31.3743             7.38636             38.7607
                  80                  10                   0              32.706             5.11364             37.8196
                  80                  20                   0             33.1499             5.11364             38.2635
                  80                  30                   0              33.505             4.54545             38.0504
                  80                  40                   0             32.4219             8.52273             40.9446
                  80                  50                   0             32.9901             8.52273             41.5128
                  80                  60                   0             33.7536             4.54545              38.299
                  80                  70                   0             34.5881             3.40909             37.9972
                  80                  80                   0             35.3871             3.40909             38.7962
                  80                  90                   0             36.4524             2.84091             39.2933
                  80                 100                   0             36.9851             2.84091              39.826
                  80                 110                   0             37.2514             2.84091             40.0923
                  80                 120                   0             37.4467             2.84091             40.2876
                  80                 130                   0             37.8551             2.84091              40.696
                  80                 140                   0             38.2457             2.84091             41.0866
                  80                 150                   0             38.5298             2.84091             41.3707
                  80                 160                   0             39.1158             2.84091             41.9567
                  80                 170                   0             39.3643             2.84091             42.2053
                  80                 180                   0             39.4354             2.84091             42.2763
                  80                 190                   0             39.8615             2.84091             42.7024
                  80                 200                   0             40.4119             2.27273             42.6847
                  80                 210                   0             41.7614             2.27273             44.0341
                  80                 220                   0             42.0632             1.70455             43.7678
                  80                 230                   0             42.5071             1.70455             44.2116
                  80                 240                   0             43.1286             1.70455             44.8331
                  80                 250                   0             43.3949             1.70455             45.0994
                  80                 260                   0             43.5192             1.70455             45.2237
                  80                 270                   0             43.7322             1.70455             45.4368
                  80                 280                   0             43.9631             1.70455             45.6676
                  80                 290                   0             44.9574             1.70455             46.6619
                  80                 300                   0              45.348             1.70455             47.0526
                  80                 310                   0             45.8452             1.13636             46.9815
                  80                 320                   0             46.8217             1.13636             47.9581
                  80                 330                   0             48.0824             1.13636             49.2188
                  80                 340                   0             48.9702             1.13636             50.1065
                  80                 350                   0             49.7869             1.13636             50.9233
                  80                 360                   0             50.1953             1.13636             51.3317
                  80                 370                   0             51.4205             1.13636             52.5568
                  80                 380                   0             51.6868             1.13636             52.8232
                  80                 390                   0             51.9354             1.13636             53.0717
                  80                 400                   0             52.9474             1.13636             54.0838
                  80                 410                   0             53.1428             1.13636             54.2791
                  80                 420                   0             55.2202             1.13636             56.3565
                  80                 430                   0             56.0192             1.13636             57.1555
                  80                 440                   0             56.5518             1.13636             57.6882
                  80                 450                   0             58.3097             1.13636              59.446
                  80                 460                   0             60.3871             1.13636             61.5234
                  80                 470                   0               61.63             1.13636             62.7663
                  80                 480                   0                62.5             1.13636             63.6364
                  80                 490                   0             62.8729             1.13636             64.0092
                  80                 500                   0             63.8849             1.13636             65.0213
                  80                 510                   0             64.5597             1.13636              65.696
                  80                 520                   0              66.495             1.13636             67.6314
                  80                 530                   0             66.5128             1.13636             67.6491
                  80                 540                   0             67.0987             1.13636             68.2351
                  80                 550                   0             69.6023             1.13636             70.7386
                  80                 560                   0             70.7031             1.13636             71.8395
                  80                 570                   0             71.6264             1.13636             72.7628
                  80                 580                   0             72.8871             1.13636             74.0234
                  80                 590                   0             73.1889             1.13636             74.3253
                  80                 600                   0              73.473             1.13636             74.6094
                  80                 610                   0             74.0589             1.13636             75.1953
                  80                 620                   0             74.1655             1.13636             75.3018
                  80                 630                   0             74.3075             1.13636             75.4439
                  80                 640                   0             74.3963             1.13636             75.5327
                  80                 650                   0             74.4673             1.13636             75.6037
                  80                 660                   0             74.6271             1.13636             75.7635
                  80                 670                   0              76.527             1.13636             77.6634
                  80                 680                   0             79.4034             1.13636             80.5398
                  80                 690                   0             79.5277             1.13636             80.6641
                  80                 700                   0             79.6875             1.13636             80.8239
                  80                 710                   0             80.2379             1.13636             81.3743
                  80                 720                   0             80.4155             1.13636             81.5518
                  80                 730                   0             81.4986             1.13636             82.6349
                  80                 740                   0             81.6406             1.13636              82.777
                  80                 750                   0             82.8125             1.13636             83.9489
                  80                 760                   0             82.9368             1.13636             84.0732
                  80                 770                   0             82.9723             1.13636             84.1087
                  80                 780                   0             83.1143             1.13636             84.2507
                  80                 790                   0             83.4872             1.13636             84.6236
                  80                 800                   0             83.5405             1.13636             84.6768
                  80                 810                   0              85.245             1.13636             86.3814
                  80                 820                   0             85.2805             1.13636             86.4169
                  80                 830                   0             86.1151             1.13636             87.2514
                  80                 840                   0             86.2571             1.13636             87.3935
                  80                 850                   0             86.2571             1.13636             87.3935
                  80                 860                   0             87.0206             1.13636              88.157
                  80                 870                   0             87.0206             1.13636              88.157
                  80                 880                   0             87.8018             1.13636             88.9382
                  80                 890                   0             87.8906             1.13636              89.027
                  80                 900                   0             88.2812             1.13636             89.4176
                  80                 910                   0             90.6428             1.13636             91.7791
                  80                 920                   0             91.7436            0.568182             92.3118
                  80                 930                   0             91.8146            0.568182             92.3828
                  80                 940                   0             91.8146            0.568182             92.3828
                  80                 950                   0             91.9212            0.568182             92.4893
                  80                 960                   0             92.1165            0.568182             92.6847
                  80                 970                   0              92.152            0.568182             92.7202
                  80                 980                   0              92.152            0.568182             92.7202
                  80                 990                   0              92.152            0.568182             92.7202
                  80                1000                   0             92.1697            0.568182             92.7379
