                  30                   0                   0             7.36861             26.1364              33.505
                  30                  10                   0             7.95455             21.5909             29.5455
                  30                  20                   0             8.00781             21.0227             29.0305
                  30                  30                   0             8.41619             20.4545             28.8707
                  30                  40                   0             8.80682             20.4545             29.2614
                  30                  50                   0             9.25071             19.3182             28.5689
                  30                  60                   0             9.64134             17.6136              27.255
                  30                  70                   0             9.73011             17.0455             26.7756
                  30                  80                   0             9.99645             17.0455             27.0419
                  30                  90                   0             10.5824             17.0455             27.6278
                  30                 100                   0              11.044             17.0455             28.0895
                  30                 110                   0             11.6122             17.0455             28.6577
                  30                 120                   0             12.6776             14.7727             27.4503
                  30                 130                   0              13.228             14.2045             27.4325
                  30                 140                   0             14.0803                12.5             26.5803
                  30                 150                   0             15.1456                12.5             27.6456
                  30                 160                   0              16.495             10.2273             26.7223
                  30                 170                   0             17.0099             9.65909              26.669
                  30                 180                   0             17.9155             9.09091             27.0064
                  30                 190                   0             18.5369             9.09091             27.6278
                  30                 200                   0             19.1229                6.25             25.3729
                  30                 210                   0             19.6911             4.54545             24.2365
                  30                 220                   0             19.7266             4.54545              24.272
                  30                 230                   0             21.4666             2.27273             23.7393
                  30                 240                   0             23.0646             2.27273             25.3374
                  30                 250                   0             23.5263             1.70455             25.2308
                  30                 260                   0              24.201             1.70455             25.9055
                  30                 270                   0             24.8047             1.70455             26.5092
                  30                 280                   0             25.2486             1.70455             26.9531
                  30                 290                   0             25.8878             1.70455             27.5923
                  30                 300                   0             26.4382             1.70455             28.1428
                  30                 310                   0             27.2905             1.70455              28.995
                  30                 320                   0             28.0717             1.13636             29.2081
                  30                 330                   0             30.2202             1.13636             31.3565
                  30                 340                   0             31.0014             1.13636             32.1378
                  30                 350                   0             32.0135             1.13636             33.1499
                  30                 360                   0             32.4396             1.13636              33.576
                  30                 370                   0             32.9013             1.13636             34.0376
                  30                 380                   0             33.1143             1.13636             34.2507
                  30                 390                   0             33.7358             1.13636             34.8722
                  30                 400                   0             34.0199             1.13636             35.1562
                  30                 410                   0             35.3693             1.13636             36.5057
                  30                 420                   0             35.6179             1.13636             36.7543
                  30                 430                   0             36.0618             1.13636             37.1982
                  30                 440                   0             36.6477             1.13636             37.7841
                  30                 450                   0              37.358             1.13636             38.4943
                  30                 460                   0             38.5653             1.13636             39.7017
                  30                 470                   0              38.956             1.13636             40.0923
                  30                 480                   0             39.2578             1.13636             40.3942
                  30                 490                   0             39.4886             1.13636              40.625
                  30                 500                   0             39.7195             1.13636             40.8558
                  30                 510                   0             40.1101             1.13636             41.2464
                  30                 520                   0             40.4652             1.13636             41.6016
                  30                 530                   0             41.3175             1.13636             42.4538
                  30                 540                   0             41.9034             1.13636             43.0398
                  30                 550                   0              43.022             1.13636             44.1584
                  30                 560                   0              43.093             1.13636             44.2294
                  30                 570                   0             43.4482             1.13636             44.5845
                  30                 580                   0             44.3714             1.13636             45.5078
                  30                 590                   0             44.8686             1.13636              46.005
                  30                 600                   0              45.419             1.13636             46.5554
                  30                 610                   0             45.8629             1.13636             46.9993
                  30                 620                   0             46.8572             1.13636             47.9936
                  30                 630                   0             48.6151             1.13636             49.7514
                  30                 640                   0             49.3075             1.13636             50.4439
                  30                 650                   0             50.3729             1.13636             51.5092
                  30                 660                   0              50.728             1.13636             51.8643
                  30                 670                   0             51.4737             1.13636             52.6101
                  30                 680                   0             52.7876             1.13636              53.924
                  30                 690                   0             53.0717             1.13636             54.2081
                  30                 700                   0             53.3203             1.13636             54.4567
                  30                 710                   0             54.4389             1.13636             55.5753
                  30                 720                   0             55.0959             1.13636             56.2322
                  30                 730                   0             56.3565             1.13636             57.4929
                  30                 740                   0             56.6584             1.13636             57.7947
                  30                 750                   0             57.5284             1.13636             58.6648
                  30                 760                   0              58.505             1.13636             59.6413
                  30                 770                   0              59.304             1.13636             60.4403
                  30                 780                   0             60.0142             1.13636             61.1506
                  30                 790                   0             60.4759             1.13636             61.6122
                  30                 800                   0             61.0263             1.13636             62.1626
                  30                 810                   0             61.6122             1.13636             62.7486
                  30                 820                   0             62.1449             1.13636             63.2812
                  30                 830                   0             62.8196             1.13636              63.956
                  30                 840                   0             63.4055             1.13636             64.5419
                  30                 850                   0             63.5653             1.13636             64.7017
                  30                 860                   0             63.9027             1.13636             65.0391
                  30                 870                   0             64.1513             1.13636             65.2876
                  30                 880                   0             64.8438             1.13636             65.9801
                  30                 890                   0              64.968             1.13636             66.1044
                  30                 900                   0             65.3764             1.13636             66.5128
                  30                 910                   0             66.1577             1.13636              67.294
                  30                 920                   0              66.282             1.13636             67.4183
                  30                 930                   0             66.5661             1.13636             67.7024
                  30                 940                   0             66.7081             1.13636             67.8445
                  30                 950                   0             66.7614             1.13636             67.8977
                  30                 960                   0             66.7614             1.13636             67.8977
                  30                 970                   0             67.1697             1.13636             68.3061
                  30                 980                   0             67.2053             1.13636             68.3416
                  30                 990                   0             67.3295             1.13636             68.4659
                  30                1000                   0             67.5604             1.13636             68.6967
