                   0                   0                   0                   0                 100                 100
                   0                  10                   0                   0                 100                 100
                   0                  20                   0                   0                 100                 100
                   0                  30                   0                   0                 100                 100
                   0                  40                   0                   0                 100                 100
                   0                  50                   0                   0                 100                 100
                   0                  60                   0                   0                 100                 100
                   0                  70                   0                   0                 100                 100
                   0                  80                   0                   0                 100                 100
                   0                  90                   0                   0                 100                 100
                   0                 100                   0                   0             98.8636             98.8636
                   0                 110                   0                   0                 100                 100
                   0                 120                   0                   0                 100                 100
                   0                 130                   0           0.0177557             98.2955             98.3132
                   0                 140                   0                   0             98.2955             98.2955
                   0                 150                   0           0.0177557             95.4545             95.4723
                   0                 160                   0            0.053267             92.6136             92.6669
                   0                 170                   0            0.550426             86.3636             86.9141
                   0                 180                   0            0.408381             78.4091             78.8175
                   0                 190                   0            0.390625             67.0455             67.4361
                   0                 200                   0            0.372869             59.0909             59.4638
                   0                 210                   0            0.727983             53.9773             54.7053
                   0                 220                   0              1.2429             44.3182             45.5611
                   0                 230                   0            0.763494             42.0455             42.8089
                   0                 240                   0             1.36719                37.5             38.8672
                   0                 250                   0             1.54474                37.5             39.0447
                   0                 260                   0             1.79332             34.0909             35.8842
                   0                 270                   0             1.75781             34.6591             36.4169
                   0                 280                   0             1.79332             28.9773             30.7706
                   0                 290                   0             1.89986             30.1136             32.0135
                   0                 300                   0             3.24929             29.5455             32.7947
                   0                 310                   0              4.5277             27.8409             32.3686
                   0                 320                   0             4.75852             26.1364             30.8949
                   0                 330                   0             4.65199             26.1364             30.7884
                   0                 340                   0             5.07812             20.4545             25.5327
                   0                 350                   0             5.45099             22.7273             28.1783
                   0                 360                   0             5.80611             20.4545             26.2607
                   0                 370                   0             6.01918             15.9091             21.9283
                   0                 380                   0             6.03693             17.0455             23.0824
                   0                 390                   0              5.9304             19.3182             25.2486
                   0                 400                   0             4.19034             23.2955             27.4858
                   0                 410                   0             4.40341             23.2955             27.6989
                   0                 420                   0             5.25568             22.7273              27.983
                   0                 430                   0             5.36222             23.8636             29.2259
                   0                 440                   0             5.37997             23.8636             29.2436
                   0                 450                   0              5.7706             22.7273             28.4979
                   0                 460                   0             6.10795             22.7273             28.8352
                   0                 470                   0             6.26776             21.5909             27.8587
                   0                 480                   0             7.15554             20.4545             27.6101
                   0                 490                   0             7.61719             19.8864             27.5036
                   0                 500                   0             8.48722               18.75             27.2372
                   0                 510                   0             8.75355               18.75             27.5036
                   0                 520                   0             9.51705               18.75              28.267
                   0                 530                   0             9.90767             18.1818             28.0895
                   0                 540                   0              10.103             17.0455             27.1484
                   0                 550                   0             11.0085             14.7727             25.7812
                   0                 560                   0             11.3814             14.7727             26.1541
                   0                 570                   0             12.6243             11.3636             23.9879
                   0                 580                   0             12.7663             11.3636               24.13
                   0                 590                   0             13.8672             11.3636             25.2308
                   0                 600                   0             15.8026             10.7955              26.598
                   0                 610                   0             16.1754             10.2273             26.4027
                   0                 620                   0             16.0866             14.2045             30.2912
                   0                 630                   0             17.0099             14.2045             31.2145
                   0                 640                   0             17.9155             13.0682             30.9837
                   0                 650                   0             18.0575             13.0682             31.1257
                   0                 660                   0             18.2706             13.0682             31.3388
                   0                 670                   0             18.5547             13.0682             31.6229
                   0                 680                   0             18.9631             13.0682             32.0312
                   0                 690                   0             19.0341             13.0682             32.1023
                   0                 700                   0             19.4425             13.0682             32.5107
                   0                 710                   0             19.4957             13.0682             32.5639
                   0                 720                   0             20.0639                12.5             32.5639
                   0                 730                   0             20.6676             7.95455             28.6222
                   0                 740                   0             20.9695             7.95455              28.924
                   0                 750                   0             21.8928             7.95455             29.8473
                   0                 760                   0             23.2777             7.38636             30.6641
                   0                 770                   0              23.331             7.38636             30.7173
                   0                 780                   0             24.3608             6.81818              31.179
                   0                 790                   0             25.4261             6.81818             32.2443
                   0                 800                   0             25.9055             6.81818             32.7237
                   0                 810                   0             26.1186             6.81818             32.9368
                   0                 820                   0             26.7756             6.81818             33.5938
                   0                 830                   0             27.0774             6.81818             33.8956
                   0                 840                   0             27.3438             6.81818             34.1619
                   0                 850                   0             27.6456             6.81818             34.4638
                   0                 860                   0             28.3558             6.81818              35.174
                   0                 870                   0             29.8828             6.81818              36.701
                   0                 880                   0             30.7528                6.25             37.0028
                   0                 890                   0             30.9126                6.25             37.1626
                   0                 900                   0             31.5874                6.25             37.8374
                   0                 910                   0              31.978                6.25              38.228
                   0                 920                   0             32.5639                6.25             38.8139
                   0                 930                   0             32.6527                6.25             38.9027
                   0                 940                   0             32.7947                6.25             39.0447
                   0                 950                   0             35.7777                6.25             42.0277
                   0                 960                   0             36.2926             5.68182             41.9744
                   0                 970                   0             36.9141             5.68182             42.5959
                   0                 980                   0             37.3935             5.68182             43.0753
                   0                 990                   0             38.7074             5.68182             44.3892
                   0                1000                   0             39.1868             5.68182             44.8686
