                  70                   0                   0             27.1484             7.38636             34.5348
                  70                  10                   0             29.0128             5.11364             34.1264
                  70                  20                   0             29.8828             5.11364             34.9964
                  70                  30                   0             30.5575             5.11364             35.6712
                  70                  40                   0             31.4986             5.11364             36.6122
                  70                  50                   0             32.0668             5.11364             37.1804
                  70                  60                   0             30.9482             8.52273             39.4709
                  70                  70                   0             32.0312             4.54545             36.5767
                  70                  80                   0             32.1733             3.97727             36.1506
                  70                  90                   0             32.9901             3.97727             36.9673
                  70                 100                   0             33.4695             3.97727             37.4467
                  70                 110                   0             34.1797             2.84091             37.0206
                  70                 120                   0             35.1385             2.84091             37.9794
                  70                 130                   0             36.1506             2.84091             38.9915
                  70                 140                   0             36.7543             2.84091             39.5952
                  70                 150                   0             37.0916             2.84091             39.9325
                  70                 160                   0             37.2159             2.84091             40.0568
                  70                 170                   0             37.6243             2.84091             40.4652
                  70                 180                   0             37.9439             2.84091             40.7848
                  70                 190                   0             38.4233             2.84091             41.2642
                  70                 200                   0             38.8139             2.84091             41.6548
                  70                 210                   0             40.2344             2.27273             42.5071
                  70                 220                   0             40.5362             1.70455             42.2408
                  70                 230                   0             40.8736             1.70455             42.5781
                  70                 240                   0             41.0156             1.70455             42.7202
                  70                 250                   0             41.2997             1.70455             43.0043
                  70                 260                   0             41.5661             1.70455             43.2706
                  70                 270                   0             41.7791             1.70455             43.4837
                  70                 280                   0             42.4183             1.70455             44.1229
                  70                 290                   0             43.2884             1.70455             44.9929
                  70                 300                   0             43.4837             1.70455             45.1882
                  70                 310                   0             43.8033             1.70455             45.5078
                  70                 320                   0             44.0163             1.13636             45.1527
                  70                 330                   0             44.2827             1.13636              45.419
                  70                 340                   0             45.2947             1.13636             46.4311
                  70                 350                   0             45.6676             1.13636              46.804
                  70                 360                   0             45.8984             1.13636             47.0348
                  70                 370                   0             47.0881             1.13636             48.2244
                  70                 380                   0             48.5618             1.13636             49.6982
                  70                 390                   0             49.2543             1.13636             50.3906
                  70                 400                   0             51.0121             1.13636             52.1484
                  70                 410                   0             51.6335             1.13636             52.7699
                  70                 420                   0             51.9531             1.13636             53.0895
                  70                 430                   0             52.4503             1.13636             53.5866
                  70                 440                   0              53.125             1.13636             54.2614
                  70                 450                   0             54.1726             1.13636             55.3089
                  70                 460                   0             54.8473             1.13636             55.9837
                  70                 470                   0             55.7528             1.13636             56.8892
                  70                 480                   0             56.2855             1.13636             57.4219
                  70                 490                   0             56.7649             1.13636             57.9013
                  70                 500                   0             57.7237             1.13636             58.8601
                  70                 510                   0             58.3984             1.13636             59.5348
                  70                 520                   0             59.6591             1.13636             60.7955
                  70                 530                   0             59.9964             1.13636             61.1328
                  70                 540                   0             60.6001             1.13636             61.7365
                  70                 550                   0             61.0795             1.13636             62.2159
                  70                 560                   0             61.2038             1.13636             62.3402
                  70                 570                   0             61.2216             1.13636              62.358
                  70                 580                   0             61.8253             1.13636             62.9616
                  70                 590                   0             62.4467             1.13636             63.5831
                  70                 600                   0             63.4943             1.13636             64.6307
                  70                 610                   0             65.0746             1.13636             66.2109
                  70                 620                   0             67.7202             1.13636             68.8565
                  70                 630                   0              68.093             1.13636             69.2294
                  70                 640                   0             69.3182             1.13636             70.4545
                  70                 650                   0             69.3537             1.13636             70.4901
                  70                 660                   0             69.8864             1.13636             71.0227
                  70                 670                   0              70.277             1.13636             71.4134
                  70                 680                   0             70.5433             1.13636             71.6797
                  70                 690                   0             70.6499             1.13636             71.7862
                  70                 700                   0             72.2124             1.13636             73.3487
                  70                 710                   0             72.6207             1.13636             73.7571
                  70                 720                   0             72.8161             1.13636             73.9524
                  70                 730                   0             73.7571             1.13636             74.8935
                  70                 740                   0             74.8935             1.13636             76.0298
                  70                 750                   0             76.0476             1.13636             77.1839
                  70                 760                   0             76.0831             1.13636             77.2195
                  70                 770                   0             76.4915             1.13636             77.6278
                  70                 780                   0             76.5803             1.13636             77.7166
                  70                 790                   0             76.7223             1.13636             77.8587
                  70                 800                   0             76.7578             1.13636             77.8942
                  70                 810                   0             77.0952             1.13636             78.2315
                  70                 820                   0             77.2372             1.13636             78.3736
                  70                 830                   0             77.3793             1.13636             78.5156
                  70                 840                   0             77.6101             1.13636             78.7464
                  70                 850                   0             78.2315             1.13636             79.3679
                  70                 860                   0             78.4446             1.13636              79.581
                  70                 870                   0             78.7997             1.13636             79.9361
                  70                 880                   0             78.9773             1.13636             80.1136
                  70                 890                   0             79.2436             1.13636               80.38
                  70                 900                   0             79.4567             1.13636              80.593
                  70                 910                   0             79.4922             1.13636             80.6286
                  70                 920                   0             79.5099             1.13636             80.6463
                  70                 930                   0             81.2145             1.13636             82.3509
                  70                 940                   0             81.9602             1.13636             83.0966
                  70                 950                   0             84.7124             1.13636             85.8487
                  70                 960                   0             84.9432             1.13636             86.0795
                  70                 970                   0             85.0852             1.13636             86.2216
                  70                 980                   0             85.4226             1.13636             86.5589
                  70                 990                   0             85.4226             1.13636             86.5589
                  70                1000                   0             85.4581             1.13636             86.5945
