                  25                   0                   0             5.36222             27.8409             33.2031
                  25                  10                   0             5.62855             27.2727             32.9013
                  25                  20                   0             5.89489             26.7045             32.5994
                  25                  30                   0             6.00142             26.1364             32.1378
                  25                  40                   0             5.91264             23.2955             29.2081
                  25                  50                   0             6.14347             22.1591             28.3026
                  25                  60                   0             6.90696             21.5909             28.4979
                  25                  70                   0             7.19105             19.8864             27.0774
                  25                  80                   0             7.43963             19.3182             26.7578
                  25                  90                   0             7.90128               18.75             26.6513
                  25                 100                   0              8.2919             18.1818             26.4737
                  25                 110                   0              9.0554             17.6136              26.669
                  25                 120                   0             9.48153             17.6136             27.0952
                  25                 130                   0             9.88991             16.4773             26.3672
                  25                 140                   0             10.2273             15.3409             25.5682
                  25                 150                   0             10.6001             14.7727             25.3729
                  25                 160                   0             11.3991             14.2045             25.6037
                  25                 170                   0             12.3757                12.5             24.8757
                  25                 180                   0             12.8196             10.7955             23.6151
                  25                 190                   0             13.3523             9.65909             23.0114
                  25                 200                   0             14.1513             9.65909             23.8104
                  25                 210                   0             15.2521             9.09091              24.343
                  25                 220                   0              15.767             8.52273             24.2898
                  25                 230                   0             15.8736             9.09091             24.9645
                  25                 240                   0             16.2109             5.68182             21.8928
                  25                 250                   0             16.8679             3.97727             20.8452
                  25                 260                   0             17.3295             3.97727             21.3068
                  25                 270                   0             19.0163             2.84091             21.8572
                  25                 280                   0             20.1527             2.27273             22.4254
                  25                 290                   0             22.5497             2.27273             24.8224
                  25                 300                   0             23.2067             1.70455             24.9112
                  25                 310                   0              23.331             1.70455             25.0355
                  25                 320                   0             23.7038             1.70455             25.4084
                  25                 330                   0             25.1598             1.13636             26.2962
                  25                 340                   0             26.2251             1.13636             27.3615
                  25                 350                   0              27.326             1.13636             28.4624
                  25                 360                   0             28.2848             1.13636             29.4212
                  25                 370                   0             29.5455             1.13636             30.6818
                  25                 380                   0             30.1136             1.13636               31.25
                  25                 390                   0             30.8061             1.13636             31.9425
                  25                 400                   0             31.6406             1.13636              32.777
                  25                 410                   0             32.2266             1.13636             33.3629
                  25                 420                   0             32.7237             1.13636             33.8601
                  25                 430                   0             33.0078             1.13636             34.1442
                  25                 440                   0             33.4872             1.13636             34.6236
                  25                 450                   0              34.233             1.13636             35.3693
                  25                 460                   0              34.304             1.13636             35.4403
                  25                 470                   0             34.6413             1.13636             35.7777
                  25                 480                   0             35.2983             1.13636             36.4347
                  25                 490                   0             35.4226             1.13636             36.5589
                  25                 500                   0             35.4759             1.13636             36.6122
                  25                 510                   0               36.63             1.13636             37.7663
                  25                 520                   0             36.7543             1.13636             37.8906
                  25                 530                   0             37.0384             1.13636             38.1747
                  25                 540                   0             37.5533             1.13636             38.6896
                  25                 550                   0             38.4588             1.13636             39.5952
                  25                 560                   0             38.7784             1.13636             39.9148
                  25                 570                   0              40.554             1.13636             41.6903
                  25                 580                   0             41.2997             1.13636             42.4361
                  25                 590                   0              42.294             1.13636             43.4304
                  25                 600                   0             42.5604             1.13636             43.6967
                  25                 610                   0             43.4482             1.13636             44.5845
                  25                 620                   0             43.9453             1.13636             45.0817
                  25                 630                   0               44.62             1.13636             45.7564
                  25                 640                   0             44.8153             1.13636             45.9517
                  25                 650                   0             45.5433             1.13636             46.6797
                  25                 660                   0             45.8984             1.13636             47.0348
                  25                 670                   0             47.7983             1.13636             48.9347
                  25                 680                   0             48.2599             1.13636             49.3963
                  25                 690                   0             48.8636             1.13636                  50
                  25                 700                   0             49.1832             1.13636             50.3196
                  25                 710                   0             49.4318             1.13636             50.5682
                  25                 720                   0             50.6747             1.13636             51.8111
                  25                 730                   0             51.9354             1.13636             53.0717
                  25                 740                   0             53.3381             1.13636             54.4744
                  25                 750                   0             54.4744             1.13636             55.6108
                  25                 760                   0             55.9304             1.13636             57.0668
                  25                 770                   0              56.108             1.13636             57.2443
                  25                 780                   0             56.3565             1.13636             57.4929
                  25                 790                   0             57.5462             1.13636             58.6825
                  25                 800                   0             58.2564             1.13636             59.3928
                  25                 810                   0             59.6591             1.13636             60.7955
                  25                 820                   0             60.4048             1.13636             61.5412
                  25                 830                   0             61.3636             1.13636                62.5
                  25                 840                   0             61.9851             1.13636             63.1214
                  25                 850                   0             62.4822             1.13636             63.6186
                  25                 860                   0             62.8196             1.13636              63.956
                  25                 870                   0             63.2102             1.13636             64.3466
                  25                 880                   0             63.5653             1.13636             64.7017
                  25                 890                   0             63.6719             1.13636             64.8082
                  25                 900                   0             64.1335             1.13636             65.2699
                  25                 910                   0             64.1868             1.13636             65.3232
                  25                 920                   0             64.5064             1.13636             65.6428
                  25                 930                   0             64.9503             1.13636             66.0866
                  25                 940                   0             65.1456             1.13636              66.282
                  25                 950                   0              65.554             1.13636             66.6903
                  25                 960                   0             66.1577             1.13636              67.294
                  25                 970                   0             66.2464             1.13636             67.3828
                  25                 980                   0             66.2997             1.13636             67.4361
                  25                 990                   0             66.5661             1.13636             67.7024
                  25                1000                   0              67.081             1.13636             68.2173
