                  95                   0                   0             33.8423             5.11364              38.956
                  95                  10                   0             35.7244             4.54545             40.2699
                  95                  20                   0              35.174             8.52273             43.6967
                  95                  30                   0             36.3814             4.54545             40.9268
                  95                  40                   0             36.7543             4.54545             41.2997
                  95                  50                   0             37.0028             3.97727             40.9801
                  95                  60                   0             37.3402             3.97727             41.3175
                  95                  70                   0             37.6065             3.97727             41.5838
                  95                  80                   0             39.5774             2.84091             42.4183
                  95                  90                   0             40.2521             2.84091              43.093
                  95                 100                   0             40.5007             2.84091             43.3416
                  95                 110                   0             40.6428             2.84091             43.4837
                  95                 120                   0             41.1754             2.84091             44.0163
                  95                 130                   0              41.353             2.84091             44.1939
                  95                 140                   0             41.4418             2.84091             44.2827
                  95                 150                   0             41.6371             2.84091              44.478
                  95                 160                   0             42.0632             2.84091             44.9041
                  95                 170                   0             42.7202             2.84091             45.5611
                  95                 180                   0             43.1641             2.27273             45.4368
                  95                 190                   0             43.4304             2.27273             45.7031
                  95                 200                   0             43.6435             2.27273             45.9162
                  95                 210                   0             44.8864             1.70455             46.5909
                  95                 220                   0             45.8274             1.70455              47.532
                  95                 230                   0             46.4844             1.70455             48.1889
                  95                 240                   0             47.7628             1.70455             49.4673
                  95                 250                   0             49.3253             1.70455             51.0298
                  95                 260                   0             50.5859             1.70455             52.2905
                  95                 270                   0             51.4915             1.70455              53.196
                  95                 280                   0             51.8999             1.70455             53.6044
                  95                 290                   0             53.5689             1.70455             55.2734
                  95                 300                   0             57.9901             1.70455             59.6946
                  95                 310                   0             60.7955             1.13636             61.9318
                  95                 320                   0             62.1094             1.13636             63.2457
                  95                 330                   0             65.2699             1.13636             66.4062
                  95                 340                   0             66.1044             1.13636             67.2408
                  95                 350                   0             67.8445             1.13636             68.9808
                  95                 360                   0              68.821             1.13636             69.9574
                  95                 370                   0             70.4723             1.13636             71.6087
                  95                 380                   0             71.0227             1.13636             72.1591
                  95                 390                   0             73.1357             1.13636              74.272
                  95                 400                   0             73.7216             1.13636              74.858
                  95                 410                   0              74.858             1.13636             75.9943
                  95                 420                   0             76.8288            0.568182              77.397
                  95                 430                   0             77.1307            0.568182             77.6989
                  95                 440                   0             77.8054            0.568182             78.3736
                  95                 450                   0             78.5156            0.568182             79.0838
                  95                 460                   0             79.1193            0.568182             79.6875
                  95                 470                   0             79.4389            0.568182             80.0071
                  95                 480                   0             79.6875            0.568182             80.2557
                  95                 490                   0             80.6463            0.568182             81.2145
                  95                 500                   0             81.2855            0.568182             81.8537
                  95                 510                   0              82.919            0.568182             83.4872
                  95                 520                   0              83.718            0.568182             84.2862
                  95                 530                   0             83.8423            0.568182             84.4105
                  95                 540                   0             84.0199            0.568182             84.5881
                  95                 550                   0             84.3395            0.568182             84.9077
                  95                 560                   0             84.5348            0.568182              85.103
                  95                 570                   0             84.6413            0.568182             85.2095
                  95                 580                   0             84.8366            0.568182             85.4048
                  95                 590                   0             85.1918            0.568182             85.7599
                  95                 600                   0             85.3871            0.568182             85.9553
                  95                 610                   0             85.9375            0.568182             86.5057
                  95                 620                   0             86.5057            0.568182             87.0739
                  95                 630                   0             87.4112            0.568182             87.9794
                  95                 640                   0             87.6243            0.568182             88.1925
                  95                 650                   0             87.8906            0.568182             88.4588
                  95                 660                   0             88.1214            0.568182             88.6896
                  95                 670                   0             88.2102            0.568182             88.7784
                  95                 680                   0             88.6541            0.568182             89.2223
                  95                 690                   0             88.7607            0.568182             89.3288
                  95                 700                   0              89.027            0.568182             89.5952
                  95                 710                   0             89.0803            0.568182             89.6484
                  95                 720                   0              89.169            0.568182             89.7372
                  95                 730                   0             89.2223            0.568182             89.7905
                  95                 740                   0             90.1634            0.568182             90.7315
                  95                 750                   0             90.3232            0.568182             90.8913
                  95                 760                   0             90.3942            0.568182             90.9624
                  95                 770                   0             90.3942            0.568182             90.9624
                  95                 780                   0             90.7848            0.568182              91.353
                  95                 790                   0             90.7848            0.568182              91.353
                  95                 800                   0             90.8913            0.568182             91.4595
                  95                 810                   0             90.8913            0.568182             91.4595
                  95                 820                   0             91.1754            0.568182             91.7436
                  95                 830                   0             91.1754            0.568182             91.7436
                  95                 840                   0             91.2287            0.568182             91.7969
                  95                 850                   0             91.7791            0.568182             92.3473
                  95                 860                   0             91.9922            0.568182             92.5604
                  95                 870                   0             92.0455            0.568182             92.6136
                  95                 880                   0             92.4183            0.568182             92.9865
                  95                 890                   0             92.6847            0.568182             93.2528
                  95                 900                   0             92.7202            0.568182             93.2884
                  95                 910                   0              92.951            0.568182             93.5192
                  95                 920                   0             92.9865            0.568182             93.5547
                  95                 930                   0             93.2528            0.568182              93.821
                  95                 940                   0             93.4304            0.568182             93.9986
                  95                 950                   0             93.4837            0.568182             94.0518
                  95                 960                   0             93.4837            0.568182             94.0518
                  95                 970                   0             93.4837            0.568182             94.0518
                  95                 980                   0             94.6555            0.568182             95.2237
                  95                 990                   0             94.6555            0.568182             95.2237
                  95                1000                   0             94.6733            0.568182             95.2415
