                  50                   0                   0            0.639205             54.5455             55.1847
                  50                  10                   0            0.816761             53.4091             54.2259
                  50                  20                   0            0.923295             52.8409             53.7642
                  50                  30                   0            0.994318                  50             50.9943
                  50                  40                   0             1.13636             48.8636                  50
                  50                  50                   0             1.74006             43.1818             44.9219
                  50                  60                   0             1.98864             40.3409             42.3295
                  50                  70                   0              2.0419             39.7727             41.8146
                  50                  80                   0             2.36151             35.2273             37.5888
                  50                  90                   0             2.50355             34.0909             36.5945
                  50                 100                   0             3.03622             35.7955             38.8317
                  50                 110                   0             3.16051             34.6591             37.8196
                  50                 120                   0             3.30256             36.3636             39.6662
                  50                 130                   0             3.49787             31.8182             35.3161
                  50                 140                   0              3.7642             33.5227             37.2869
                  50                 150                   0             4.08381             27.2727             31.3565
                  50                 160                   0             5.18466             26.7045             31.8892
                  50                 170                   0             5.57528                  25             30.5753
                  50                 180                   0             8.02557             27.8409             35.8665
                  50                 190                   0              8.2919                  25             33.2919
                  50                 200                   0             8.11435                  25             33.1143
                  50                 210                   0             8.14986             25.5682              33.718
                  50                 220                   0              8.7358                  25             33.7358
                  50                 230                   0             9.10866             24.4318             33.5405
                  50                 240                   0             9.62358             24.4318             34.0554
                  50                 250                   0             10.0497             24.4318             34.4815
                  50                 260                   0             10.4048             23.8636             34.2685
                  50                 270                   0             11.4524             23.2955             34.7479
                  50                 280                   0             11.9141             23.2955             35.2095
                  50                 290                   0             12.5533             22.7273             35.2805
                  50                 300                   0             12.6598             23.2955             35.9553
                  50                 310                   0             12.9084             23.2955             36.2038
                  50                 320                   0             13.3523             22.7273             36.0795
                  50                 330                   0             13.7074             22.1591             35.8665
                  50                 340                   0             14.7727             22.1591             36.9318
                  50                 350                   0             15.9268             21.5909             37.5178
                  50                 360                   0             17.5426             21.0227             38.5653
                  50                 370                   0             17.9332             20.4545             38.3878
                  50                 380                   0             18.6967             20.4545             39.1513
                  50                 390                   0             19.3359             20.4545             39.7905
                  50                 400                   0             18.4482             14.2045             32.6527
                  50                 410                   0             19.1761             14.2045             33.3807
                  50                 420                   0             20.5788             14.2045             34.7834
                  50                 430                   0             21.1825             13.6364             34.8189
                  50                 440                   0             21.3246             11.9318             33.2564
                  50                 450                   0             21.9105             11.9318             33.8423
                  50                 460                   0             24.1477             13.0682             37.2159
                  50                 470                   0             24.7337             13.0682             37.8018
                  50                 480                   0             25.3374             11.9318             37.2692
                  50                 490                   0             26.5092             11.9318             38.4411
                  50                 500                   0             26.8466             11.9318             38.7784
                  50                 510                   0             27.3438             11.9318             39.2756
                  50                 520                   0              28.196             11.9318             40.1278
                  50                 530                   0             29.5277             11.9318             41.4595
                  50                 540                   0             31.4276             11.3636             42.7912
                  50                 550                   0              32.706             11.3636             44.0696
                  50                 560                   0             32.2798             11.3636             43.6435
                  50                 570                   0             33.3984             10.7955             44.1939
                  50                 580                   0             36.4169             9.09091             45.5078
                  50                 590                   0             39.5597             9.09091             48.6506
                  50                 600                   0             41.5483             8.52273              50.071
                  50                 610                   0             42.5249             10.7955             53.3203
                  50                 620                   0             42.5781             10.2273             52.8054
                  50                 630                   0             43.1463             10.2273             53.3736
                  50                 640                   0             44.2294             9.09091             53.3203
                  50                 650                   0             44.5135             9.09091             53.6044
                  50                 660                   0             46.7862             8.52273             55.3089
                  50                 670                   0             47.5497             8.52273             56.0724
                  50                 680                   0             50.6925             7.38636             58.0788
                  50                 690                   0             51.1896             7.38636              58.576
                  50                 700                   0             53.5156             6.81818             60.3338
                  50                 710                   0             54.2791             6.81818             61.0973
                  50                 720                   0              55.451             6.81818             62.2692
                  50                 730                   0             56.4453             6.81818             63.2635
                  50                 740                   0             56.8714             6.81818             63.6896
                  50                 750                   0             57.2443             6.81818             64.0625
                  50                 760                   0             57.3509             6.81818              64.169
                  50                 770                   0             58.0788             6.81818              64.897
                  50                 780                   0             59.0732             6.81818             65.8913
                  50                 790                   0             59.2152             6.81818             66.0334
                  50                 800                   0             59.5526             6.81818             66.3707
                  50                 810                   0             59.8722             6.81818             66.6903
                  50                 820                   0             61.1151             6.81818             67.9332
                  50                 830                   0             61.2216             6.81818             68.0398
                  50                 840                   0             62.8551             6.81818             69.6733
                  50                 850                   0             65.5362             6.81818             72.3544
                  50                 860                   0             65.6783             6.81818             72.4964
                  50                 870                   0             65.9091             6.81818             72.7273
                  50                 880                   0              67.152             6.81818             73.9702
                  50                 890                   0             67.1697             6.81818             73.9879
                  50                 900                   0             67.1875             6.81818             74.0057
                  50                 910                   0             68.3949             6.81818             75.2131
                  50                 920                   0             68.4126             6.81818             75.2308
                  50                 930                   0             68.5014             6.81818             75.3196
                  50                 940                   0             70.1172             6.81818             76.9354
                  50                 950                   0             70.5433             6.81818             77.3615
                  50                 960                   0             69.3182             6.81818             76.1364
                  50                 970                   0             69.3892             6.81818             76.2074
                  50                 980                   0             69.8509             6.81818              76.669
                  50                 990                   0             69.8686             6.81818             76.6868
                  50                1000                   0             69.9929             6.81818             76.8111
