                  30                   0                   0           0.0177557             76.7045             76.7223
                  30                  10                   0           0.0177557             78.4091             78.4268
                  30                  20                   0           0.0355114                  75             75.0355
                  30                  30                   0            0.053267             68.1818             68.2351
                  30                  40                   0            0.053267             65.3409             65.3942
                  30                  50                   0           0.0710227             61.3636             61.4347
                  30                  60                   0            0.142045             59.0909              59.233
                  30                  70                   0            0.142045             59.6591             59.8011
                  30                  80                   0            0.177557             55.1136             55.2912
                  30                  90                   0            0.319602             52.2727             52.5923
                  30                 100                   0             0.53267             51.1364              51.669
                  30                 110                   0             0.53267             46.0227             46.5554
                  30                 120                   0             1.02983             40.3409             41.3707
                  30                 130                   0              1.0831             38.0682             39.1513
                  30                 140                   0             1.20739             32.3864             33.5938
                  30                 150                   0             1.42045             31.8182             33.2386
                  30                 160                   0             1.59801             28.4091             30.0071
                  30                 170                   0             1.65128                  25             26.6513
                  30                 180                   0             2.21946             22.1591             24.3786
                  30                 190                   0             1.98864             21.5909             23.5795
                  30                 200                   0             2.37926             20.4545             22.8338
                  30                 210                   0             4.13707             18.1818             22.3189
                  30                 220                   0              4.0483             14.7727              18.821
                  30                 230                   0             4.26136             13.0682             17.3295
                  30                 240                   0             4.61648             25.5682             30.1847
                  30                 250                   0             4.79403             26.7045             31.4986
                  30                 260                   0             5.55753             26.7045             32.2621
                  30                 270                   0             6.19673                  25             31.1967
                  30                 280                   0             6.60511                  25             31.6051
                  30                 290                   0             7.22656             23.8636             31.0902
                  30                 300                   0             7.86577             23.8636             31.7294
                  30                 310                   0             8.02557             21.5909             29.6165
                  30                 320                   0             8.25639             21.5909             29.8473
                  30                 330                   0             8.50497             21.5909             30.0959
                  30                 340                   0             7.51065             23.8636             31.3743
                  30                 350                   0              7.9723             21.5909             29.5632
                  30                 360                   0             7.74148             20.4545              28.196
                  30                 370                   0             8.38068             24.4318             32.8125
                  30                 380                   0             8.66477             20.4545             29.1193
                  30                 390                   0             9.42827               18.75             28.1783
                  30                 400                   0              10.174             19.3182             29.4922
                  30                 410                   0              10.174             21.5909             31.7649
                  30                 420                   0             10.8132             21.5909             32.4041
                  30                 430                   0             11.3459             21.5909             32.9368
                  30                 440                   0             12.3757             21.0227             33.3984
                  30                 450                   0             12.6776             21.0227             33.7003
                  30                 460                   0              13.157             21.0227             34.1797
                  30                 470                   0             14.0092             20.4545             34.4638
                  30                 480                   0             14.4709             21.0227             35.4936
                  30                 490                   0             13.4766             21.0227             34.4993
                  30                 500                   0             16.7969             13.0682             29.8651
                  30                 510                   0              17.152                12.5              29.652
                  30                 520                   0             17.4716                12.5             29.9716
                  30                 530                   0             19.0696             14.7727             33.8423
                  30                 540                   0             19.5135             13.0682             32.5817
                  30                 550                   0             20.7031                12.5             33.2031
                  30                 560                   0             21.1825             11.9318             33.1143
                  30                 570                   0             21.3423             11.9318             33.2741
                  30                 580                   0              23.544                12.5              36.044
                  30                 590                   0              24.929                12.5              37.429
                  30                 600                   0             25.0888                12.5             37.5888
                  30                 610                   0             25.3374                12.5             37.8374
                  30                 620                   0             28.7464             11.3636             40.1101
                  30                 630                   0             29.1726             11.3636             40.5362
                  30                 640                   0             30.3089             14.2045             44.5135
                  30                 650                   0             30.5043             14.2045             44.7088
                  30                 660                   0             32.7947             14.2045             46.9993
                  30                 670                   0             33.8246             14.2045             48.0291
                  30                 680                   0             34.0732             13.6364             47.7095
                  30                 690                   0             34.8899             13.6364             48.5263
                  30                 700                   0             37.7663             13.6364             51.4027
                  30                 710                   0             38.0682             13.0682             51.1364
                  30                 720                   0             39.0447             9.65909             48.7038
                  30                 730                   0             39.5419             9.65909              49.201
                  30                 740                   0             40.2166             9.65909             49.8757
                  30                 750                   0             40.2876             13.0682             53.3558
                  30                 760                   0             40.9801             13.0682             54.0483
                  30                 770                   0             41.0511             13.0682             54.1193
                  30                 780                   0             41.0866             13.0682             54.1548
                  30                 790                   0             42.5604             11.9318             54.4922
                  30                 800                   0             44.5845             11.9318             56.5163
                  30                 810                   0             45.5966             11.9318             57.5284
                  30                 820                   0             49.1477             11.9318             61.0795
                  30                 830                   0             49.3075             11.9318             61.2393
                  30                 840                   0             50.0355             11.9318             61.9673
                  30                 850                   0             49.1655             11.9318             61.0973
                  30                 860                   0             49.3075             11.9318             61.2393
                  30                 870                   0             49.4496             11.9318             61.3814
                  30                 880                   0             49.6271             11.9318             61.5589
                  30                 890                   0              50.799             11.9318             62.7308
                  30                 900                   0             51.0298             11.9318             62.9616
                  30                 910                   0             51.0831             11.9318             63.0149
                  30                 920                   0             50.9233             10.2273             61.1506
                  30                 930                   0             51.0121             10.2273             61.2393
                  30                 940                   0             51.2962             10.2273             61.5234
                  30                 950                   0             51.3494             10.2273             61.5767
                  30                 960                   0             52.9119             10.2273             63.1392
                  30                 970                   0             53.0362             10.2273             63.2635
                  30                 980                   0              53.054             10.2273             63.2812
                  30                 990                   0             56.7116             10.2273             66.9389
                  30                1000                   0             56.7649             10.2273             66.9922
