                  60                   0                   0             1.36719             48.2955             49.6626
                  60                  10                   0             1.59801             46.0227             47.6207
                  60                  20                   0             1.93537             51.1364             53.0717
                  60                  30                   0             2.30824               43.75             46.0582
                  60                  40                   0             2.55682             38.0682              40.625
                  60                  50                   0             2.82315             34.6591             37.4822
                  60                  60                   0             3.05398                37.5              40.554
                  60                  70                   0             3.56889             35.2273             38.7962
                  60                  80                   0             3.81747                37.5             41.3175
                  60                  90                   0             4.17259             35.7955              39.968
                  60                 100                   0              4.3679             34.0909             38.4588
                  60                 110                   0             4.95384             34.6591             39.6129
                  60                 120                   0             5.66406             26.7045             32.3686
                  60                 130                   0             6.01918             29.5455             35.5646
                  60                 140                   0             6.17898             28.4091             34.5881
                  60                 150                   0             6.44531             26.1364             32.5817
                  60                 160                   0             6.94247                  25             31.9425
                  60                 170                   0             8.87784             28.4091             37.2869
                  60                 180                   0             9.23295             27.2727             36.5057
                  60                 190                   0             9.73011                  25             34.7301
                  60                 200                   0             10.1385                  25             35.1385
                  60                 210                   0             10.4048                  25             35.4048
                  60                 220                   0             11.0085             23.8636             34.8722
                  60                 230                   0             11.4169             24.4318             35.8487
                  60                 240                   0             11.9141             23.8636             35.7777
                  60                 250                   0             12.2692             23.2955             35.5646
                  60                 260                   0             13.0327             22.7273             35.7599
                  60                 270                   0             13.4943             22.1591             35.6534
                  60                 280                   0             15.2699             19.3182             34.5881
                  60                 290                   0             16.1577             17.6136             33.7713
                  60                 300                   0             16.5661             19.8864             36.4524
                  60                 310                   0             16.5305             19.8864             36.4169
                  60                 320                   0             16.3352               18.75             35.0852
                  60                 330                   0             17.6136             18.1818             35.7955
                  60                 340                   0             18.0753             17.0455             35.1207
                  60                 350                   0             18.6435             17.0455             35.6889
                  60                 360                   0             19.2116             19.3182             38.5298
                  60                 370                   0             20.0107             16.4773             36.4879
                  60                 380                   0             21.3246             16.4773             37.8018
                  60                 390                   0             22.2834             16.4773             38.7607
                  60                 400                   0             22.8693             16.4773             39.3466
                  60                 410                   0             24.4141             14.2045             38.6186
                  60                 420                   0             24.5206             14.2045             38.7251
                  60                 430                   0             24.8047             11.9318             36.7365
                  60                 440                   0             25.4261             14.2045             39.6307
                  60                 450                   0              28.196             14.2045             42.4006
                  60                 460                   0             29.4034             13.0682             42.4716
                  60                 470                   0             31.0369             13.0682             44.1051
                  60                 480                   0             32.8658             13.0682             45.9339
                  60                 490                   0             34.0554             13.0682             47.1236
                  60                 500                   0             38.4766             10.7955              49.272
                  60                 510                   0             40.8736             10.7955              51.669
                  60                 520                   0             43.0398             10.7955             53.8352
                  60                 530                   0             44.0696             10.7955             54.8651
                  60                 540                   0             47.1058             10.2273             57.3331
                  60                 550                   0             48.0469             9.65909              57.706
                  60                 560                   0              48.544             9.09091             57.6349
                  60                 570                   0             49.9112             9.09091             59.0021
                  60                 580                   0             51.3849             8.52273             59.9077
                  60                 590                   0             52.3615             8.52273             60.8842
                  60                 600                   0             53.4801             7.95455             61.4347
                  60                 610                   0             53.9595             7.95455             61.9141
                  60                 620                   0             54.6165             7.95455              62.571
                  60                 630                   0             55.1669             7.95455             63.1214
                  60                 640                   0             55.4865             7.95455             63.4411
                  60                 650                   0             55.6818             7.95455             63.6364
                  60                 660                   0             57.4574             7.38636             64.8438
                  60                 670                   0             58.0256             6.81818             64.8438
                  60                 680                   0             59.0199             6.81818             65.8381
                  60                 690                   0             59.8544             6.81818             66.6726
                  60                 700                   0             60.3693             6.81818             67.1875
                  60                 710                   0             60.9553             6.81818             67.7734
                  60                 720                   0             60.9908             6.81818             67.8089
                  60                 730                   0             61.1328             6.81818              67.951
                  60                 740                   0             61.5589             6.81818             68.3771
                  60                 750                   0             62.6953             6.81818             69.5135
                  60                 760                   0             63.7251             6.81818             70.5433
                  60                 770                   0             65.9446             6.81818             72.7628
                  60                 780                   0              70.277             2.27273             72.5497
                  60                 790                   0             70.4723             2.27273              72.745
                  60                 800                   0             71.9638             2.27273             74.2365
                  60                 810                   0             73.3487             2.27273             75.6214
                  60                 820                   0             73.4375             2.27273             75.7102
                  60                 830                   0             74.3608             2.27273             76.6335
                  60                 840                   0             78.0185             2.27273             80.2912
                  60                 850                   0             78.3381             2.27273             80.6108
                  60                 860                   0             78.3913             2.27273             80.6641
                  60                 870                   0             78.4624             2.27273             80.7351
                  60                 880                   0             78.5511             2.27273             80.8239
                  60                 890                   0             78.9062             2.27273              81.179
                  60                 900                   0             79.8828             2.27273             82.1555
                  60                 910                   0             80.7528             2.27273             83.0256
                  60                 920                   0             80.8239             2.27273             83.0966
                  60                 930                   0             81.0369             2.27273             83.3097
                  60                 940                   0             80.9659             2.27273             83.2386
                  60                 950                   0             81.2322             2.27273              83.505
                  60                 960                   0             81.5874             2.27273             83.8601
                  60                 970                   0             81.5874             2.27273             83.8601
                  60                 980                   0             82.3686             2.27273             84.6413
                  60                 990                   0             82.4396             2.27273             84.7124
                  60                1000                   0             82.4396             2.27273             84.7124
