                  25                   0                   0                   0             84.0909             84.0909
                  25                  10                   0                   0             80.6818             80.6818
                  25                  20                   0                   0             79.5455             79.5455
                  25                  30                   0           0.0177557             80.1136             80.1314
                  25                  40                   0           0.0177557             73.8636             73.8814
                  25                  50                   0           0.0177557             73.8636             73.8814
                  25                  60                   0           0.0177557             69.3182             69.3359
                  25                  70                   0           0.0355114             64.7727             64.8082
                  25                  80                   0           0.0355114             61.9318             61.9673
                  25                  90                   0           0.0355114             60.7955              60.831
                  25                 100                   0             0.24858             56.8182             57.0668
                  25                 110                   0            0.230824             52.2727             52.5036
                  25                 120                   0            0.585938             46.0227             46.6087
                  25                 130                   0            0.710227             42.6136             43.3239
                  25                 140                   0            0.870028             39.2045             40.0746
                  25                 150                   0            0.887784             35.2273             36.1151
                  25                 160                   0            0.710227             35.2273             35.9375
                  25                 170                   0            0.976562             28.9773             29.9538
                  25                 180                   0             1.36719             27.2727             28.6399
                  25                 190                   0             1.66903             26.7045             28.3736
                  25                 200                   0             1.68679             24.4318             26.1186
                  25                 210                   0             2.09517             21.5909             23.6861
                  25                 220                   0             3.48011             18.1818             21.6619
                  25                 230                   0             3.56889             18.1818             21.7507
                  25                 240                   0              3.7642             18.1818              21.946
                  25                 250                   0             3.90625             17.0455             20.9517
                  25                 260                   0             4.10156                12.5             16.6016
                  25                 270                   0             4.56321             16.4773             21.0405
                  25                 280                   0             4.90057             20.4545             25.3551
                  25                 290                   0             4.75852             15.3409             20.0994
                  25                 300                   0              5.3267             17.0455             22.3722
                  25                 310                   0             5.89489               18.75             24.6449
                  25                 320                   0             6.48082             20.4545             26.9354
                  25                 330                   0             7.01349             19.8864             26.8999
                  25                 340                   0             7.56392             19.8864             27.4503
                  25                 350                   0             7.99006             23.8636             31.8537
                  25                 360                   0             8.39844             23.8636             32.2621
                  25                 370                   0              8.8956             23.2955             32.1911
                  25                 380                   0             9.81889             22.7273             32.5462
                  25                 390                   0             10.0852             21.0227              31.108
                  25                 400                   0             10.2628             16.4773             26.7401
                  25                 410                   0             10.5646             15.3409             25.9055
                  25                 420                   0             9.83665             15.9091             25.7457
                  25                 430                   0             10.2805             15.9091             26.1896
                  25                 440                   0              11.044             15.9091             26.9531
                  25                 450                   0             11.9141             16.4773             28.3913
                  25                 460                   0             11.2216             20.4545             31.6761
                  25                 470                   0             11.7543             20.4545             32.2088
                  25                 480                   0             13.2102             20.4545             33.6648
                  25                 490                   0             13.2812             21.0227              34.304
                  25                 500                   0             13.4766             21.0227             34.4993
                  25                 510                   0             13.6541             19.8864             33.5405
                  25                 520                   0             14.0447             19.8864             33.9311
                  25                 530                   0             14.8438               18.75             33.5938
                  25                 540                   0             16.4595               18.75             35.2095
                  25                 550                   0             16.2287                12.5             28.7287
                  25                 560                   0             16.6903                12.5             29.1903
                  25                 570                   0             19.8331             13.0682             32.9013
                  25                 580                   0             20.8274             15.3409             36.1683
                  25                 590                   0             20.9517             15.3409             36.2926
                  25                 600                   0             21.0582             14.2045             35.2628
                  25                 610                   0             21.2713             14.2045             35.4759
                  25                 620                   0             23.1357                12.5             35.6357
                  25                 630                   0             25.7812             11.9318             37.7131
                  25                 640                   0             27.4503             11.9318             39.3821
                  25                 650                   0             27.5568             11.3636             38.9205
                  25                 660                   0             28.3558             11.3636             39.7195
                  25                 670                   0             28.4268             11.3636             39.7905
                  25                 680                   0             28.5334             11.3636              39.897
                  25                 690                   0             29.0305             11.3636             40.3942
                  25                 700                   0             33.0256             14.7727             47.7983
                  25                 710                   0             33.4339             14.7727             48.2067
                  25                 720                   0             33.4695             14.7727             48.2422
                  25                 730                   0             34.3395             14.2045              48.544
                  25                 740                   0             34.7124             14.2045             48.9169
                  25                 750                   0             34.8899             14.2045             49.0945
                  25                 760                   0             34.5703             14.2045             48.7749
                  25                 770                   0             35.2095             14.2045             49.4141
                  25                 780                   0             35.5291             16.4773             52.0064
                  25                 790                   0             38.4588             13.0682              51.527
                  25                 800                   0              39.755             11.9318             51.6868
                  25                 810                   0             39.8438             11.9318             51.7756
                  25                 820                   0             41.4773             10.7955             52.2727
                  25                 830                   0             42.7912             10.7955             53.5866
                  25                 840                   0             42.6491             11.9318              54.581
                  25                 850                   0             47.5142             11.9318              59.446
                  25                 860                   0             47.7095             11.9318             59.6413
                  25                 870                   0             48.4375             11.9318             60.3693
                  25                 880                   0             49.3253             11.9318             61.2571
                  25                 890                   0             49.4141             11.9318             61.3459
                  25                 900                   0             49.5028             11.9318             61.4347
                  25                 910                   0             49.6449             11.9318             61.5767
                  25                 920                   0             50.0533             11.9318             61.9851
                  25                 930                   0             49.3786             10.7955              60.174
                  25                 940                   0             49.7692             10.7955             60.5646
                  25                 950                   0             49.7692             10.2273             59.9964
                  25                 960                   0             49.9645             10.2273             60.1918
                  25                 970                   0             50.2308             10.2273             60.4581
                  25                 980                   0             51.3494             10.2273             61.5767
                  25                 990                   0             51.3672             10.2273             61.5945
                  25                1000                   0             51.5092             10.2273             61.7365
