                   0                   0                   0                   0                 100                 100
                   0                  10                   0             0.12429             99.4318             99.5561
                   0                  20                   0            0.195312             98.8636             99.0589
                   0                  30                   0           0.0710227                 100             100.071
                   0                  40                   0           0.0710227             99.4318             99.5028
                   0                  50                   0            0.053267             98.8636             98.9169
                   0                  60                   0            0.053267                 100             100.053
                   0                  70                   0            0.159801                 100              100.16
                   0                  80                   0           0.0355114             99.4318             99.4673
                   0                  90                   0                   0             99.4318             99.4318
                   0                 100                   0           0.0177557             98.8636             98.8814
                   0                 110                   0           0.0355114             97.7273             97.7628
                   0                 120                   0            0.053267             98.2955             98.3487
                   0                 130                   0             0.12429             96.0227              96.147
                   0                 140                   0            0.426136             90.9091             91.3352
                   0                 150                   0            0.692472               81.25             81.9425
                   0                 160                   0            0.923295             75.5682             76.4915
                   0                 170                   0             1.01207             67.6136             68.6257
                   0                 180                   0             1.34943             59.6591             61.0085
                   0                 190                   0             2.02415             53.9773             56.0014
                   0                 200                   0             1.82884             54.5455             56.3743
                   0                 210                   0             2.13068             53.9773              56.108
                   0                 220                   0             2.34375             52.2727             54.6165
                   0                 230                   0             2.87642             47.7273             50.6037
                   0                 240                   0             2.11293             44.8864             46.9993
                   0                 250                   0             2.05966             43.1818             45.2415
                   0                 260                   0             2.18395             42.6136             44.7976
                   0                 270                   0             2.32599             40.9091             43.2351
                   0                 280                   0             2.75213             38.0682             40.8203
                   0                 290                   0             2.78764             38.0682             40.8558
                   0                 300                   0             2.89418                37.5             40.3942
                   0                 310                   0             3.05398             34.6591             37.7131
                   0                 320                   0             3.32031             33.5227              36.843
                   0                 330                   0             3.35582             31.8182              35.174
                   0                 340                   0             3.48011             30.1136             33.5938
                   0                 350                   0             3.72869             28.4091             32.1378
                   0                 360                   0             3.78196             25.5682             29.3501
                   0                 370                   0             3.69318             24.4318              28.125
                   0                 380                   0             3.95952             22.1591             26.1186
                   0                 390                   0             4.11932             21.5909             25.7102
                   0                 400                   0             4.61648                  25             29.6165
                   0                 410                   0             4.33239                  25             29.3324
                   0                 420                   0             4.90057                  25             29.9006
                   0                 430                   0             5.02486             23.2955             28.3203
                   0                 440                   0             5.27344             22.7273             28.0007
                   0                 450                   0             5.50426             22.1591             27.6634
                   0                 460                   0             6.14347             22.1591             28.3026
                   0                 470                   0             6.48082             22.1591             28.6399
                   0                 480                   0             6.62287             22.1591              28.782
                   0                 490                   0             6.65838             22.1591             28.8175
                   0                 500                   0              6.8892             22.1591             29.0483
                   0                 510                   0             7.27983             22.1591             29.4389
                   0                 520                   0             7.90128             22.1591             30.0604
                   0                 530                   0             8.27415             22.1591             30.4332
                   0                 540                   0             8.50497             21.5909             30.0959
                   0                 550                   0              8.7358             21.5909             30.3267
                   0                 560                   0             9.03764             21.5909             30.6286
                   0                 570                   0             10.3516             21.5909             31.9425
                   0                 580                   0             11.5234             21.5909             33.1143
                   0                 590                   0             11.9673             21.5909             33.5582
                   0                 600                   0             11.8786             21.5909             33.4695
                   0                 610                   0             12.4822             21.5909             34.0732
                   0                 620                   0             13.4411             21.5909              35.032
                   0                 630                   0             14.0803             21.5909             35.6712
                   0                 640                   0             14.5064             21.0227             35.5291
                   0                 650                   0             16.1932             21.0227             37.2159
                   0                 660                   0             17.5604             21.0227             38.5831
                   0                 670                   0             18.0043             21.0227              39.027
                   0                 680                   0             19.3892             20.4545             39.8438
                   0                 690                   0             20.5611             20.4545             41.0156
                   0                 700                   0             21.4489             20.4545             41.9034
                   0                 710                   0             21.5376             20.4545             41.9922
                   0                 720                   0             22.5852             19.3182             41.9034
                   0                 730                   0             22.6918             19.3182             42.0099
                   0                 740                   0             23.6151             19.3182             42.9332
                   0                 750                   0             23.8814               18.75             42.6314
                   0                 760                   0             24.4141               18.75             43.1641
                   0                 770                   0             24.7337               18.75             43.4837
                   0                 780                   0             25.3906               18.75             44.1406
                   0                 790                   0             25.5149             17.0455             42.5604
                   0                 800                   0             25.9766             17.0455              43.022
                   0                 810                   0             26.8111             17.0455             43.8565
                   0                 820                   0             29.1903             17.0455             46.2358
                   0                 830                   0             29.6165             17.0455             46.6619
                   0                 840                   0              30.522             17.0455             47.5675
                   0                 850                   0             30.7173             17.0455             47.7628
                   0                 860                   0             31.4453             17.0455             48.4908
                   0                 870                   0             32.1733             17.0455             49.2188
                   0                 880                   0             32.7237             17.0455             49.7692
                   0                 890                   0             33.8068             17.0455             50.8523
                   0                 900                   0             33.9666             17.0455             51.0121
                   0                 910                   0             34.5526             17.0455              51.598
                   0                 920                   0             35.0497             17.0455             52.0952
                   0                 930                   0             35.6534             17.0455             52.6989
                   0                 940                   0             36.0618             16.4773             52.5391
                   0                 950                   0             36.5234             11.9318             48.4553
                   0                 960                   0             38.3523             11.9318             50.2841
                   0                 970                   0             39.7195             11.9318             51.6513
                   0                 980                   0             39.9148             11.3636             51.2784
                   0                 990                   0              39.968             11.3636             51.3317
                   0                1000                   0             41.0156             10.2273             51.2429
