13
55.36842105258256 104.86666666669771 10.704744696916627
122.76627051492687 95.57849462365266 18.847647942942654
163.36842105258256 176.59999999997672 6.770275002573076
10.0 103.59999999997672 8.51907589177983
116.54083484574221 31.255172413773835 10.524820207108489
55.03508771921042 30.66666666662786 10.704744696916627
164.8856624319451 158.56551724136807 10.524820207108489
161.1052631578641 102.33684210525826 12.047792665040703
265.36842105258256 109.59999999997672 7.569397566060481
261.08270676690154 163.74285714281723 7.312732791431452
56.6484210526105 83.76000000000931 9.772050238058398
13.983805667958222 27.599999999976717 7.046725639945928
120.16842105262913 10.0 4.370193722368317
28
0 58.73106011853088 106.92688588157762 107.45426792558283 100.2122868221486
0 58.04845608479809 101.97369986306876 106.77166389185004 95.25910080387257
1 9.930228271055967 106.09902619151399 52.71664804255124 107.29360450070817
1 10.069771728944033 101.10097380843945 52.85619150043931 102.29555211763363
2 58.04845608479809 101.97369986306876 58.97379282023758 86.71528265369125
2 53.05762514320668 101.67103418381885 53.982961878646165 86.41261697444133
3 114.32029292429797 34.263325864914805 119.86105854285415 91.51240385952406
3 119.29703855561092 33.781659049447626 124.83780417428352 91.03073704405688
4 125.6714824869996 99.64458538778126 151.27656684443355 104.1582161707338
4 126.8866968798684 92.75087419711053 152.49178123730235 97.26450498017948
5 59.24082680651918 86.76301469223108 106.77166389185004 95.25910080387257
5 60.120626631425694 81.84102807415184 107.65146371675655 90.33711418579333
6 165.85962041723542 176.80958465021104 167.16085791413207 161.3426025848603
6 160.8772216879297 176.3904153497424 162.17845918494277 160.92343328439165
7 57.6129614894744 33.191446986980736 113.58282648364548 33.72698372544255
7 57.66080082464032 28.19167585251853 113.6306658188114 28.727212590980344
8 119.49884320772253 28.783361101988703 122.63278799469117 10.420589555986226
8 114.57010932371486 27.942181990016252 117.70405411056709 9.579410444013774
9 52.62059078854509 33.518469611997716 54.05601529870182 80.75698530790396
9 57.61828400113154 33.36660600604955 59.05370851128828 80.6051217019558
10 13.7975663311081 30.093053330667317 52.07941276358906 32.95283398858737
10 14.170045004808344 25.106946669286117 52.451891437289305 27.966727327206172
11 158.89402969623916 106.71582643617876 162.20198299409822 155.91746305301785
11 163.8827673115302 106.38042070204392 167.19072060938925 155.58205731888302
12 167.56934186990838 161.2135714297183 260.948350825347 166.23924422834534
12 167.83805375301745 156.22079725866206 261.21706270845607 161.24647005728912
13 170.58649260294624 105.50338010548148 265.1946876186412 112.09395603288431
13 170.933959470829 100.5154680396663 265.54215448652394 107.10604396706913
