14
0 164.75130649039056 161.06190432689618 260.948350825347 166.23924422834534
1 165.85962041723542 176.80958465021104 167.37686179659795 158.7751018916024
2 159.0832834688481 102.64191598515026 162.389998532366 158.71269638440572
3 9.930228271055967 106.09902619151399 55.29864932363853 107.36569285823498
4 114.01445108372718 31.718305858783424 120.52946939878166 96.11537545581814
5 55.924929525121115 86.31034860643558 122.57328117347788 98.32408487016801
6 55.69822386826854 107.3448172074277 123.34657551662531 98.34188680443913
7 122.42363178159576 99.31311067799106 160.9858064490836 105.94411125639454
8 55.34413351037074 33.3726092929719 116.47746684367303 33.966548686963506
9 118.96606447652448 31.887589197722264 122.63273114326876 10.420922531047836
10 57.86559587542433 104.98548545292579 58.86559587542433 83.96881878620479
11 52.868866313714534 30.919908915064298 53.868866313714534 83.89718164235819
12 13.786719048162922 30.0922192648286 55.17133443278726 33.364946537534706
13 161.40820096235257 104.98889915936161 265.19767464650795 112.09416231722571
