                  90                   0                   0             97.4609             1.70455             99.1655
                  90                  10                   0             99.9467                   0             99.9467
                  90                  20                   0             99.9467                   0             99.9467
                  90                  30                   0             99.9467                   0             99.9467
                  90                  40                   0             99.9467                   0             99.9467
                  90                  50                   0             99.9645                   0             99.9645
                  90                  60                   0             99.9822                   0             99.9822
                  90                  70                   0             99.9822                   0             99.9822
                  90                  80                   0             99.9822                   0             99.9822
                  90                  90                   0             99.9822                   0             99.9822
                  90                 100                   0                 100                   0                 100
                  90                 110                   0                 100                   0                 100
                  90                 120                   0                 100                   0                 100
                  90                 130                   0                 100                   0                 100
                  90                 140                   0                 100                   0                 100
                  90                 150                   0                 100                   0                 100
                  90                 160                   0                 100                   0                 100
                  90                 170                   0                 100                   0                 100
                  90                 180                   0                 100                   0                 100
                  90                 190                   0                 100                   0                 100
                  90                 200                   0                 100                   0                 100
                  90                 210                   0                 100                   0                 100
                  90                 220                   0                 100                   0                 100
                  90                 230                   0                 100                   0                 100
                  90                 240                   0                 100                   0                 100
                  90                 250                   0                 100                   0                 100
                  90                 260                   0                 100                   0                 100
                  90                 270                   0                 100                   0                 100
                  90                 280                   0                 100                   0                 100
                  90                 290                   0                 100                   0                 100
                  90                 300                   0                 100                   0                 100
                  90                 310                   0                 100                   0                 100
                  90                 320                   0                 100                   0                 100
                  90                 330                   0                 100                   0                 100
                  90                 340                   0                 100                   0                 100
                  90                 350                   0                 100                   0                 100
                  90                 360                   0                 100                   0                 100
                  90                 370                   0                 100                   0                 100
                  90                 380                   0                 100                   0                 100
                  90                 390                   0                 100                   0                 100
                  90                 400                   0                 100                   0                 100
                  90                 410                   0                 100                   0                 100
                  90                 420                   0                 100                   0                 100
                  90                 430                   0                 100                   0                 100
                  90                 440                   0                 100                   0                 100
                  90                 450                   0                 100                   0                 100
                  90                 460                   0                 100                   0                 100
                  90                 470                   0                 100                   0                 100
                  90                 480                   0                 100                   0                 100
                  90                 490                   0                 100                   0                 100
                  90                 500                   0                 100                   0                 100
                  90                 510                   0                 100                   0                 100
                  90                 520                   0                 100                   0                 100
                  90                 530                   0                 100                   0                 100
                  90                 540                   0                 100                   0                 100
                  90                 550                   0                 100                   0                 100
                  90                 560                   0                 100                   0                 100
                  90                 570                   0                 100                   0                 100
                  90                 580                   0                 100                   0                 100
                  90                 590                   0                 100                   0                 100
                  90                 600                   0                 100                   0                 100
                  90                 610                   0                 100                   0                 100
                  90                 620                   0                 100                   0                 100
                  90                 630                   0                 100                   0                 100
                  90                 640                   0                 100                   0                 100
                  90                 650                   0                 100                   0                 100
                  90                 660                   0                 100                   0                 100
                  90                 670                   0                 100                   0                 100
                  90                 680                   0                 100                   0                 100
                  90                 690                   0                 100                   0                 100
                  90                 700                   0                 100                   0                 100
                  90                 710                   0                 100                   0                 100
                  90                 720                   0                 100                   0                 100
                  90                 730                   0                 100                   0                 100
                  90                 740                   0                 100                   0                 100
                  90                 750                   0                 100                   0                 100
                  90                 760                   0                 100                   0                 100
                  90                 770                   0                 100                   0                 100
                  90                 780                   0                 100                   0                 100
                  90                 790                   0                 100                   0                 100
                  90                 800                   0                 100                   0                 100
                  90                 810                   0                 100                   0                 100
                  90                 820                   0                 100                   0                 100
                  90                 830                   0                 100                   0                 100
                  90                 840                   0                 100                   0                 100
                  90                 850                   0                 100                   0                 100
                  90                 860                   0                 100                   0                 100
                  90                 870                   0                 100                   0                 100
                  90                 880                   0                 100                   0                 100
                  90                 890                   0                 100                   0                 100
                  90                 900                   0                 100                   0                 100
                  90                 910                   0                 100                   0                 100
                  90                 920                   0                 100                   0                 100
                  90                 930                   0                 100                   0                 100
                  90                 940                   0                 100                   0                 100
                  90                 950                   0                 100                   0                 100
                  90                 960                   0                 100                   0                 100
                  90                 970                   0                 100                   0                 100
                  90                 980                   0                 100                   0                 100
                  90                 990                   0                 100                   0                 100
                  90                1000                   0                 100                   0                 100
