                  15                   0                   0             58.0256             6.81818             64.8438
                  15                  10                   0             60.3161             6.81818             67.1342
                  15                  20                   0              61.772             6.81818             68.5902
                  15                  30                   0             63.1392                6.25             69.3892
                  15                  40                   0             64.5241             5.11364             69.6378
                  15                  50                   0             65.9801             5.11364             71.0938
                  15                  60                   0             67.6314             5.11364              72.745
                  15                  70                   0             69.1584             5.11364              74.272
                  15                  80                   0             70.6676             4.54545             75.2131
                  15                  90                   0             72.5675             4.54545             77.1129
                  15                 100                   0             74.0234             3.97727             78.0007
                  15                 110                   0             75.6925             3.97727             79.6697
                  15                 120                   0             77.0597             2.84091             79.9006
                  15                 130                   0             78.6222             2.84091             81.4631
                  15                 140                   0             80.2379             2.84091             83.0788
                  15                 150                   0             81.3388             2.84091             84.1797
                  15                 160                   0             82.6527             2.84091             85.4936
                  15                 170                   0             83.8778             2.84091             86.7188
                  15                 180                   0             84.6946             2.84091             87.5355
                  15                 190                   0             85.6001             2.84091             88.4411
                  15                 200                   0             86.1683             2.84091             89.0092
                  15                 210                   0              86.843             2.84091             89.6839
                  15                 220                   0             87.3402             2.84091             90.1811
                  15                 230                   0             88.0859             2.84091             90.9268
                  15                 240                   0             88.8494             2.84091             91.6903
                  15                 250                   0             89.3466             2.84091             92.1875
                  15                 260                   0             89.7372             2.84091             92.5781
                  15                 270                   0             90.1811             2.84091              93.022
                  15                 280                   0              90.767             2.84091              93.608
                  15                 290                   0             91.0156             2.84091             93.8565
                  15                 300                   0              91.353             2.84091             94.1939
                  15                 310                   0             91.7614             2.84091             94.6023
                  15                 320                   0             92.0099             2.84091             94.8509
                  15                 330                   0              92.223             2.84091             95.0639
                  15                 340                   0             92.4716             2.84091             95.3125
                  15                 350                   0             93.1108             2.84091             95.9517
                  15                 360                   0             93.7145             2.84091             96.5554
                  15                 370                   0             93.9631             2.84091              96.804
                  15                 380                   0             94.2472             2.27273             96.5199
                  15                 390                   0             94.4425             2.27273             96.7152
                  15                 400                   0             94.7088             2.27273             96.9815
                  15                 410                   0             94.9219             2.27273             97.1946
                  15                 420                   0             95.1882             2.27273             97.4609
                  15                 430                   0              95.206             2.27273             97.4787
                  15                 440                   0              95.419             2.27273             97.6918
                  15                 450                   0             95.5966             2.27273             97.8693
                  15                 460                   0             95.7209             2.27273             97.9936
                  15                 470                   0             95.7209             2.27273             97.9936
                  15                 480                   0             95.7209             2.27273             97.9936
                  15                 490                   0             95.7209             2.27273             97.9936
                  15                 500                   0             95.7386             2.27273             98.0114
                  15                 510                   0             95.7386             2.27273             98.0114
                  15                 520                   0             95.8807             2.27273             98.1534
                  15                 530                   0             95.8807             2.27273             98.1534
                  15                 540                   0             95.9872             2.27273             98.2599
                  15                 550                   0             96.1825             2.27273             98.4553
                  15                 560                   0             96.1825             2.27273             98.4553
                  15                 570                   0             96.1825             2.27273             98.4553
                  15                 580                   0             96.2003             2.27273              98.473
                  15                 590                   0             96.3068             2.27273             98.5795
                  15                 600                   0             96.3068             2.27273             98.5795
                  15                 610                   0             96.3068             2.27273             98.5795
                  15                 620                   0             96.3246             2.27273             98.5973
                  15                 630                   0             96.3246             2.27273             98.5973
                  15                 640                   0             96.3246             2.27273             98.5973
                  15                 650                   0             96.3246             2.27273             98.5973
                  15                 660                   0             96.3246             2.27273             98.5973
                  15                 670                   0             96.3246             2.27273             98.5973
                  15                 680                   0             96.3246             2.27273             98.5973
                  15                 690                   0             96.3246             2.27273             98.5973
                  15                 700                   0             96.3246             2.27273             98.5973
                  15                 710                   0             96.3246             2.27273             98.5973
                  15                 720                   0             96.3778             2.27273             98.6506
                  15                 730                   0             96.3778             2.27273             98.6506
                  15                 740                   0             96.3778             2.27273             98.6506
                  15                 750                   0             96.3778             2.27273             98.6506
                  15                 760                   0             96.3778             2.27273             98.6506
                  15                 770                   0             96.3956             2.27273             98.6683
                  15                 780                   0             96.3956             2.27273             98.6683
                  15                 790                   0             96.3956             2.27273             98.6683
                  15                 800                   0             96.4311             2.27273             98.7038
                  15                 810                   0             96.5199             2.27273             98.7926
                  15                 820                   0             96.5199             2.27273             98.7926
                  15                 830                   0             96.5199             2.27273             98.7926
                  15                 840                   0             96.5199             2.27273             98.7926
                  15                 850                   0             96.5199             2.27273             98.7926
                  15                 860                   0             96.5199             2.27273             98.7926
                  15                 870                   0             96.5376             2.27273             98.8104
                  15                 880                   0             96.5376             2.27273             98.8104
                  15                 890                   0             96.5376             2.27273             98.8104
                  15                 900                   0             96.5376             2.27273             98.8104
                  15                 910                   0             96.5376             2.27273             98.8104
                  15                 920                   0             96.5376             2.27273             98.8104
                  15                 930                   0             96.5376             2.27273             98.8104
                  15                 940                   0             96.5376             2.27273             98.8104
                  15                 950                   0             96.5376             2.27273             98.8104
                  15                 960                   0             96.5554             2.27273             98.8281
                  15                 970                   0             96.5554             2.27273             98.8281
                  15                 980                   0             96.5554             2.27273             98.8281
                  15                 990                   0             96.5554             2.27273             98.8281
                  15                1000                   0             96.5554             2.27273             98.8281
