                  40                   0                   0             95.2237             2.27273             97.4964
                  40                  10                   0             96.2891             2.27273             98.5618
                  40                  20                   0             96.4844             2.27273             98.7571
                  40                  30                   0             96.5732             2.27273             98.8459
                  40                  40                   0             96.6264             2.27273             98.8991
                  40                  50                   0              96.733             2.27273             99.0057
                  40                  60                   0             96.7862             2.27273             99.0589
                  40                  70                   0             96.8395             2.27273             99.1122
                  40                  80                   0             96.8572             2.27273               99.13
                  40                  90                   0             96.8928             2.27273             99.1655
                  40                 100                   0             96.9105             2.27273             99.1832
                  40                 110                   0             96.9283             2.27273              99.201
                  40                 120                   0              96.946             2.27273             99.2188
                  40                 130                   0              96.946             2.27273             99.2188
                  40                 140                   0              96.946             2.27273             99.2188
                  40                 150                   0              96.946             2.27273             99.2188
                  40                 160                   0              96.946             2.27273             99.2188
                  40                 170                   0              96.946             2.27273             99.2188
                  40                 180                   0              96.946             2.27273             99.2188
                  40                 190                   0              96.946             2.27273             99.2188
                  40                 200                   0              96.946             2.27273             99.2188
                  40                 210                   0              96.946             2.27273             99.2188
                  40                 220                   0              96.946             2.27273             99.2188
                  40                 230                   0              96.946             2.27273             99.2188
                  40                 240                   0              96.946             2.27273             99.2188
                  40                 250                   0              96.946             2.27273             99.2188
                  40                 260                   0              96.946             2.27273             99.2188
                  40                 270                   0              96.946             2.27273             99.2188
                  40                 280                   0              96.946             2.27273             99.2188
                  40                 290                   0              96.946             2.27273             99.2188
                  40                 300                   0              96.946             2.27273             99.2188
                  40                 310                   0              96.946             2.27273             99.2188
                  40                 320                   0              96.946             2.27273             99.2188
                  40                 330                   0              96.946             2.27273             99.2188
                  40                 340                   0              96.946             2.27273             99.2188
                  40                 350                   0              96.946             2.27273             99.2188
                  40                 360                   0              96.946             2.27273             99.2188
                  40                 370                   0              96.946             2.27273             99.2188
                  40                 380                   0              96.946             2.27273             99.2188
                  40                 390                   0              96.946             2.27273             99.2188
                  40                 400                   0              96.946             2.27273             99.2188
                  40                 410                   0              96.946             2.27273             99.2188
                  40                 420                   0              96.946             2.27273             99.2188
                  40                 430                   0              96.946             2.27273             99.2188
                  40                 440                   0              96.946             2.27273             99.2188
                  40                 450                   0              96.946             2.27273             99.2188
                  40                 460                   0              96.946             2.27273             99.2188
                  40                 470                   0              96.946             2.27273             99.2188
                  40                 480                   0              96.946             2.27273             99.2188
                  40                 490                   0              96.946             2.27273             99.2188
                  40                 500                   0              96.946             2.27273             99.2188
                  40                 510                   0              96.946             2.27273             99.2188
                  40                 520                   0              96.946             2.27273             99.2188
                  40                 530                   0              96.946             2.27273             99.2188
                  40                 540                   0              96.946             2.27273             99.2188
                  40                 550                   0              96.946             2.27273             99.2188
                  40                 560                   0              96.946             2.27273             99.2188
                  40                 570                   0             99.6626            0.568182             100.231
                  40                 580                   0             99.6626            0.568182             100.231
                  40                 590                   0             99.6626            0.568182             100.231
                  40                 600                   0             99.6626            0.568182             100.231
                  40                 610                   0             99.6626            0.568182             100.231
                  40                 620                   0             99.6626            0.568182             100.231
                  40                 630                   0             99.6626            0.568182             100.231
                  40                 640                   0             99.6626            0.568182             100.231
                  40                 650                   0             99.6626            0.568182             100.231
                  40                 660                   0             99.6626            0.568182             100.231
                  40                 670                   0             99.6626            0.568182             100.231
                  40                 680                   0             99.6626            0.568182             100.231
                  40                 690                   0             99.6626            0.568182             100.231
                  40                 700                   0             99.6626            0.568182             100.231
                  40                 710                   0             99.7692            0.568182             100.337
                  40                 720                   0             99.7692            0.568182             100.337
                  40                 730                   0             99.7692            0.568182             100.337
                  40                 740                   0             99.7692            0.568182             100.337
                  40                 750                   0             99.7692            0.568182             100.337
                  40                 760                   0                 100                   0                 100
                  40                 770                   0                 100                   0                 100
                  40                 780                   0                 100                   0                 100
                  40                 790                   0                 100                   0                 100
                  40                 800                   0                 100                   0                 100
                  40                 810                   0                 100                   0                 100
                  40                 820                   0                 100                   0                 100
                  40                 830                   0                 100                   0                 100
                  40                 840                   0                 100                   0                 100
                  40                 850                   0                 100                   0                 100
                  40                 860                   0                 100                   0                 100
                  40                 870                   0                 100                   0                 100
                  40                 880                   0                 100                   0                 100
                  40                 890                   0                 100                   0                 100
                  40                 900                   0                 100                   0                 100
                  40                 910                   0                 100                   0                 100
                  40                 920                   0                 100                   0                 100
                  40                 930                   0                 100                   0                 100
                  40                 940                   0                 100                   0                 100
                  40                 950                   0                 100                   0                 100
                  40                 960                   0                 100                   0                 100
                  40                 970                   0                 100                   0                 100
                  40                 980                   0                 100                   0                 100
                  40                 990                   0                 100                   0                 100
                  40                1000                   0                 100                   0                 100
