                 100                   0                   0              98.331            0.568182             98.8991
                 100                  10                   0                 100                   0                 100
                 100                  20                   0                 100                   0                 100
                 100                  30                   0                 100                   0                 100
                 100                  40                   0                 100                   0                 100
                 100                  50                   0                 100                   0                 100
                 100                  60                   0                 100                   0                 100
                 100                  70                   0                 100                   0                 100
                 100                  80                   0                 100                   0                 100
                 100                  90                   0                 100                   0                 100
                 100                 100                   0                 100                   0                 100
                 100                 110                   0                 100                   0                 100
                 100                 120                   0                 100                   0                 100
                 100                 130                   0                 100                   0                 100
                 100                 140                   0                 100                   0                 100
                 100                 150                   0                 100                   0                 100
                 100                 160                   0                 100                   0                 100
                 100                 170                   0                 100                   0                 100
                 100                 180                   0                 100                   0                 100
                 100                 190                   0                 100                   0                 100
                 100                 200                   0                 100                   0                 100
                 100                 210                   0                 100                   0                 100
                 100                 220                   0                 100                   0                 100
                 100                 230                   0                 100                   0                 100
                 100                 240                   0                 100                   0                 100
                 100                 250                   0                 100                   0                 100
                 100                 260                   0                 100                   0                 100
                 100                 270                   0                 100                   0                 100
                 100                 280                   0                 100                   0                 100
                 100                 290                   0                 100                   0                 100
                 100                 300                   0                 100                   0                 100
                 100                 310                   0                 100                   0                 100
                 100                 320                   0                 100                   0                 100
                 100                 330                   0                 100                   0                 100
                 100                 340                   0                 100                   0                 100
                 100                 350                   0                 100                   0                 100
                 100                 360                   0                 100                   0                 100
                 100                 370                   0                 100                   0                 100
                 100                 380                   0                 100                   0                 100
                 100                 390                   0                 100                   0                 100
                 100                 400                   0                 100                   0                 100
                 100                 410                   0                 100                   0                 100
                 100                 420                   0                 100                   0                 100
                 100                 430                   0                 100                   0                 100
                 100                 440                   0                 100                   0                 100
                 100                 450                   0                 100                   0                 100
                 100                 460                   0                 100                   0                 100
                 100                 470                   0                 100                   0                 100
                 100                 480                   0                 100                   0                 100
                 100                 490                   0                 100                   0                 100
                 100                 500                   0                 100                   0                 100
                 100                 510                   0                 100                   0                 100
                 100                 520                   0                 100                   0                 100
                 100                 530                   0                 100                   0                 100
                 100                 540                   0                 100                   0                 100
                 100                 550                   0                 100                   0                 100
                 100                 560                   0                 100                   0                 100
                 100                 570                   0                 100                   0                 100
                 100                 580                   0                 100                   0                 100
                 100                 590                   0                 100                   0                 100
                 100                 600                   0                 100                   0                 100
                 100                 610                   0                 100                   0                 100
                 100                 620                   0                 100                   0                 100
                 100                 630                   0                 100                   0                 100
                 100                 640                   0                 100                   0                 100
                 100                 650                   0                 100                   0                 100
                 100                 660                   0                 100                   0                 100
                 100                 670                   0                 100                   0                 100
                 100                 680                   0                 100                   0                 100
                 100                 690                   0                 100                   0                 100
                 100                 700                   0                 100                   0                 100
                 100                 710                   0                 100                   0                 100
                 100                 720                   0                 100                   0                 100
                 100                 730                   0                 100                   0                 100
                 100                 740                   0                 100                   0                 100
                 100                 750                   0                 100                   0                 100
                 100                 760                   0                 100                   0                 100
                 100                 770                   0                 100                   0                 100
                 100                 780                   0                 100                   0                 100
                 100                 790                   0                 100                   0                 100
                 100                 800                   0                 100                   0                 100
                 100                 810                   0                 100                   0                 100
                 100                 820                   0                 100                   0                 100
                 100                 830                   0                 100                   0                 100
                 100                 840                   0                 100                   0                 100
                 100                 850                   0                 100                   0                 100
                 100                 860                   0                 100                   0                 100
                 100                 870                   0                 100                   0                 100
                 100                 880                   0                 100                   0                 100
                 100                 890                   0                 100                   0                 100
                 100                 900                   0                 100                   0                 100
                 100                 910                   0                 100                   0                 100
                 100                 920                   0                 100                   0                 100
                 100                 930                   0                 100                   0                 100
                 100                 940                   0                 100                   0                 100
                 100                 950                   0                 100                   0                 100
                 100                 960                   0                 100                   0                 100
                 100                 970                   0                 100                   0                 100
                 100                 980                   0                 100                   0                 100
                 100                 990                   0                 100                   0                 100
                 100                1000                   0                 100                   0                 100
