                  50                   0                   0             96.7685             2.27273             99.0412
                  50                  10                   0             96.9283             2.27273              99.201
                  50                  20                   0              96.946             2.27273             99.2188
                  50                  30                   0              96.946             2.27273             99.2188
                  50                  40                   0              96.946             2.27273             99.2188
                  50                  50                   0              96.946             2.27273             99.2188
                  50                  60                   0              96.946             2.27273             99.2188
                  50                  70                   0              96.946             2.27273             99.2188
                  50                  80                   0              96.946             2.27273             99.2188
                  50                  90                   0              96.946             2.27273             99.2188
                  50                 100                   0              96.946             2.27273             99.2188
                  50                 110                   0              96.946             2.27273             99.2188
                  50                 120                   0              96.946             2.27273             99.2188
                  50                 130                   0              96.946             2.27273             99.2188
                  50                 140                   0              96.946             2.27273             99.2188
                  50                 150                   0              96.946             2.27273             99.2188
                  50                 160                   0              96.946             2.27273             99.2188
                  50                 170                   0              96.946             2.27273             99.2188
                  50                 180                   0              96.946             2.27273             99.2188
                  50                 190                   0              96.946             2.27273             99.2188
                  50                 200                   0              96.946             2.27273             99.2188
                  50                 210                   0              96.946             2.27273             99.2188
                  50                 220                   0              96.946             2.27273             99.2188
                  50                 230                   0              96.946             2.27273             99.2188
                  50                 240                   0              96.946             2.27273             99.2188
                  50                 250                   0              96.946             2.27273             99.2188
                  50                 260                   0              96.946             2.27273             99.2188
                  50                 270                   0              96.946             2.27273             99.2188
                  50                 280                   0              96.946             2.27273             99.2188
                  50                 290                   0              96.946             2.27273             99.2188
                  50                 300                   0              96.946             2.27273             99.2188
                  50                 310                   0              96.946             2.27273             99.2188
                  50                 320                   0              96.946             2.27273             99.2188
                  50                 330                   0              96.946             2.27273             99.2188
                  50                 340                   0              96.946             2.27273             99.2188
                  50                 350                   0              96.946             2.27273             99.2188
                  50                 360                   0              96.946             2.27273             99.2188
                  50                 370                   0              96.946             2.27273             99.2188
                  50                 380                   0              96.946             2.27273             99.2188
                  50                 390                   0             99.6449            0.568182             100.213
                  50                 400                   0             99.6449            0.568182             100.213
                  50                 410                   0             99.6449            0.568182             100.213
                  50                 420                   0             99.6449            0.568182             100.213
                  50                 430                   0             99.6449            0.568182             100.213
                  50                 440                   0             99.6449            0.568182             100.213
                  50                 450                   0             99.6449            0.568182             100.213
                  50                 460                   0             99.6626            0.568182             100.231
                  50                 470                   0             99.6626            0.568182             100.231
                  50                 480                   0             99.6626            0.568182             100.231
                  50                 490                   0             99.6626            0.568182             100.231
                  50                 500                   0             99.6626            0.568182             100.231
                  50                 510                   0             99.6626            0.568182             100.231
                  50                 520                   0             99.6626            0.568182             100.231
                  50                 530                   0             99.7692            0.568182             100.337
                  50                 540                   0             99.7692            0.568182             100.337
                  50                 550                   0             99.7692            0.568182             100.337
                  50                 560                   0             99.7692            0.568182             100.337
                  50                 570                   0             99.7692            0.568182             100.337
                  50                 580                   0                 100                   0                 100
                  50                 590                   0                 100                   0                 100
                  50                 600                   0                 100                   0                 100
                  50                 610                   0                 100                   0                 100
                  50                 620                   0                 100                   0                 100
                  50                 630                   0                 100                   0                 100
                  50                 640                   0                 100                   0                 100
                  50                 650                   0                 100                   0                 100
                  50                 660                   0                 100                   0                 100
                  50                 670                   0                 100                   0                 100
                  50                 680                   0                 100                   0                 100
                  50                 690                   0                 100                   0                 100
                  50                 700                   0                 100                   0                 100
                  50                 710                   0                 100                   0                 100
                  50                 720                   0                 100                   0                 100
                  50                 730                   0                 100                   0                 100
                  50                 740                   0                 100                   0                 100
                  50                 750                   0                 100                   0                 100
                  50                 760                   0                 100                   0                 100
                  50                 770                   0                 100                   0                 100
                  50                 780                   0                 100                   0                 100
                  50                 790                   0                 100                   0                 100
                  50                 800                   0                 100                   0                 100
                  50                 810                   0                 100                   0                 100
                  50                 820                   0                 100                   0                 100
                  50                 830                   0                 100                   0                 100
                  50                 840                   0                 100                   0                 100
                  50                 850                   0                 100                   0                 100
                  50                 860                   0                 100                   0                 100
                  50                 870                   0                 100                   0                 100
                  50                 880                   0                 100                   0                 100
                  50                 890                   0                 100                   0                 100
                  50                 900                   0                 100                   0                 100
                  50                 910                   0                 100                   0                 100
                  50                 920                   0                 100                   0                 100
                  50                 930                   0                 100                   0                 100
                  50                 940                   0                 100                   0                 100
                  50                 950                   0                 100                   0                 100
                  50                 960                   0                 100                   0                 100
                  50                 970                   0                 100                   0                 100
                  50                 980                   0                 100                   0                 100
                  50                 990                   0                 100                   0                 100
                  50                1000                   0                 100                   0                 100
