                  85                   0                   0             97.1058             2.27273             99.3786
                  85                  10                   0             99.8935                   0             99.8935
                  85                  20                   0             99.8935                   0             99.8935
                  85                  30                   0             99.9112                   0             99.9112
                  85                  40                   0             99.9112                   0             99.9112
                  85                  50                   0             99.9112                   0             99.9112
                  85                  60                   0             99.9467                   0             99.9467
                  85                  70                   0             99.9467                   0             99.9467
                  85                  80                   0             99.9467                   0             99.9467
                  85                  90                   0             99.9822                   0             99.9822
                  85                 100                   0             99.9822                   0             99.9822
                  85                 110                   0             99.9822                   0             99.9822
                  85                 120                   0             99.9822                   0             99.9822
                  85                 130                   0             99.9822                   0             99.9822
                  85                 140                   0                 100                   0                 100
                  85                 150                   0                 100                   0                 100
                  85                 160                   0                 100                   0                 100
                  85                 170                   0                 100                   0                 100
                  85                 180                   0                 100                   0                 100
                  85                 190                   0                 100                   0                 100
                  85                 200                   0                 100                   0                 100
                  85                 210                   0                 100                   0                 100
                  85                 220                   0                 100                   0                 100
                  85                 230                   0                 100                   0                 100
                  85                 240                   0                 100                   0                 100
                  85                 250                   0                 100                   0                 100
                  85                 260                   0                 100                   0                 100
                  85                 270                   0                 100                   0                 100
                  85                 280                   0                 100                   0                 100
                  85                 290                   0                 100                   0                 100
                  85                 300                   0                 100                   0                 100
                  85                 310                   0                 100                   0                 100
                  85                 320                   0                 100                   0                 100
                  85                 330                   0                 100                   0                 100
                  85                 340                   0                 100                   0                 100
                  85                 350                   0                 100                   0                 100
                  85                 360                   0                 100                   0                 100
                  85                 370                   0                 100                   0                 100
                  85                 380                   0                 100                   0                 100
                  85                 390                   0                 100                   0                 100
                  85                 400                   0                 100                   0                 100
                  85                 410                   0                 100                   0                 100
                  85                 420                   0                 100                   0                 100
                  85                 430                   0                 100                   0                 100
                  85                 440                   0                 100                   0                 100
                  85                 450                   0                 100                   0                 100
                  85                 460                   0                 100                   0                 100
                  85                 470                   0                 100                   0                 100
                  85                 480                   0                 100                   0                 100
                  85                 490                   0                 100                   0                 100
                  85                 500                   0                 100                   0                 100
                  85                 510                   0                 100                   0                 100
                  85                 520                   0                 100                   0                 100
                  85                 530                   0                 100                   0                 100
                  85                 540                   0                 100                   0                 100
                  85                 550                   0                 100                   0                 100
                  85                 560                   0                 100                   0                 100
                  85                 570                   0                 100                   0                 100
                  85                 580                   0                 100                   0                 100
                  85                 590                   0                 100                   0                 100
                  85                 600                   0                 100                   0                 100
                  85                 610                   0                 100                   0                 100
                  85                 620                   0                 100                   0                 100
                  85                 630                   0                 100                   0                 100
                  85                 640                   0                 100                   0                 100
                  85                 650                   0                 100                   0                 100
                  85                 660                   0                 100                   0                 100
                  85                 670                   0                 100                   0                 100
                  85                 680                   0                 100                   0                 100
                  85                 690                   0                 100                   0                 100
                  85                 700                   0                 100                   0                 100
                  85                 710                   0                 100                   0                 100
                  85                 720                   0                 100                   0                 100
                  85                 730                   0                 100                   0                 100
                  85                 740                   0                 100                   0                 100
                  85                 750                   0                 100                   0                 100
                  85                 760                   0                 100                   0                 100
                  85                 770                   0                 100                   0                 100
                  85                 780                   0                 100                   0                 100
                  85                 790                   0                 100                   0                 100
                  85                 800                   0                 100                   0                 100
                  85                 810                   0                 100                   0                 100
                  85                 820                   0                 100                   0                 100
                  85                 830                   0                 100                   0                 100
                  85                 840                   0                 100                   0                 100
                  85                 850                   0                 100                   0                 100
                  85                 860                   0                 100                   0                 100
                  85                 870                   0                 100                   0                 100
                  85                 880                   0                 100                   0                 100
                  85                 890                   0                 100                   0                 100
                  85                 900                   0                 100                   0                 100
                  85                 910                   0                 100                   0                 100
                  85                 920                   0                 100                   0                 100
                  85                 930                   0                 100                   0                 100
                  85                 940                   0                 100                   0                 100
                  85                 950                   0                 100                   0                 100
                  85                 960                   0                 100                   0                 100
                  85                 970                   0                 100                   0                 100
                  85                 980                   0                 100                   0                 100
                  85                 990                   0                 100                   0                 100
                  85                1000                   0                 100                   0                 100
