                  55                   0                   0             96.9283             2.27273              99.201
                  55                  10                   0              96.946             2.27273             99.2188
                  55                  20                   0              96.946             2.27273             99.2188
                  55                  30                   0              96.946             2.27273             99.2188
                  55                  40                   0              96.946             2.27273             99.2188
                  55                  50                   0              96.946             2.27273             99.2188
                  55                  60                   0              96.946             2.27273             99.2188
                  55                  70                   0              96.946             2.27273             99.2188
                  55                  80                   0              96.946             2.27273             99.2188
                  55                  90                   0              96.946             2.27273             99.2188
                  55                 100                   0              96.946             2.27273             99.2188
                  55                 110                   0              96.946             2.27273             99.2188
                  55                 120                   0              96.946             2.27273             99.2188
                  55                 130                   0              96.946             2.27273             99.2188
                  55                 140                   0              96.946             2.27273             99.2188
                  55                 150                   0              96.946             2.27273             99.2188
                  55                 160                   0              96.946             2.27273             99.2188
                  55                 170                   0              96.946             2.27273             99.2188
                  55                 180                   0              96.946             2.27273             99.2188
                  55                 190                   0              96.946             2.27273             99.2188
                  55                 200                   0              96.946             2.27273             99.2188
                  55                 210                   0              96.946             2.27273             99.2188
                  55                 220                   0              96.946             2.27273             99.2188
                  55                 230                   0              96.946             2.27273             99.2188
                  55                 240                   0              96.946             2.27273             99.2188
                  55                 250                   0              96.946             2.27273             99.2188
                  55                 260                   0              96.946             2.27273             99.2188
                  55                 270                   0              96.946             2.27273             99.2188
                  55                 280                   0              96.946             2.27273             99.2188
                  55                 290                   0              96.946             2.27273             99.2188
                  55                 300                   0             99.6094            0.568182             100.178
                  55                 310                   0             99.6094            0.568182             100.178
                  55                 320                   0             99.6271            0.568182             100.195
                  55                 330                   0             99.6449            0.568182             100.213
                  55                 340                   0             99.6449            0.568182             100.213
                  55                 350                   0             99.6449            0.568182             100.213
                  55                 360                   0             99.6449            0.568182             100.213
                  55                 370                   0             99.6449            0.568182             100.213
                  55                 380                   0             99.6449            0.568182             100.213
                  55                 390                   0             99.6449            0.568182             100.213
                  55                 400                   0             99.6449            0.568182             100.213
                  55                 410                   0             99.6449            0.568182             100.213
                  55                 420                   0             99.6449            0.568182             100.213
                  55                 430                   0             99.7692            0.568182             100.337
                  55                 440                   0             99.7692            0.568182             100.337
                  55                 450                   0             99.7692            0.568182             100.337
                  55                 460                   0             99.7692            0.568182             100.337
                  55                 470                   0             99.7692            0.568182             100.337
                  55                 480                   0                 100                   0                 100
                  55                 490                   0                 100                   0                 100
                  55                 500                   0                 100                   0                 100
                  55                 510                   0                 100                   0                 100
                  55                 520                   0                 100                   0                 100
                  55                 530                   0                 100                   0                 100
                  55                 540                   0                 100                   0                 100
                  55                 550                   0                 100                   0                 100
                  55                 560                   0                 100                   0                 100
                  55                 570                   0                 100                   0                 100
                  55                 580                   0                 100                   0                 100
                  55                 590                   0                 100                   0                 100
                  55                 600                   0                 100                   0                 100
                  55                 610                   0                 100                   0                 100
                  55                 620                   0                 100                   0                 100
                  55                 630                   0                 100                   0                 100
                  55                 640                   0                 100                   0                 100
                  55                 650                   0                 100                   0                 100
                  55                 660                   0                 100                   0                 100
                  55                 670                   0                 100                   0                 100
                  55                 680                   0                 100                   0                 100
                  55                 690                   0                 100                   0                 100
                  55                 700                   0                 100                   0                 100
                  55                 710                   0                 100                   0                 100
                  55                 720                   0                 100                   0                 100
                  55                 730                   0                 100                   0                 100
                  55                 740                   0                 100                   0                 100
                  55                 750                   0                 100                   0                 100
                  55                 760                   0                 100                   0                 100
                  55                 770                   0                 100                   0                 100
                  55                 780                   0                 100                   0                 100
                  55                 790                   0                 100                   0                 100
                  55                 800                   0                 100                   0                 100
                  55                 810                   0                 100                   0                 100
                  55                 820                   0                 100                   0                 100
                  55                 830                   0                 100                   0                 100
                  55                 840                   0                 100                   0                 100
                  55                 850                   0                 100                   0                 100
                  55                 860                   0                 100                   0                 100
                  55                 870                   0                 100                   0                 100
                  55                 880                   0                 100                   0                 100
                  55                 890                   0                 100                   0                 100
                  55                 900                   0                 100                   0                 100
                  55                 910                   0                 100                   0                 100
                  55                 920                   0                 100                   0                 100
                  55                 930                   0                 100                   0                 100
                  55                 940                   0                 100                   0                 100
                  55                 950                   0                 100                   0                 100
                  55                 960                   0                 100                   0                 100
                  55                 970                   0                 100                   0                 100
                  55                 980                   0                 100                   0                 100
                  55                 990                   0                 100                   0                 100
                  55                1000                   0                 100                   0                 100
