                  20                   0                   0             72.1591             4.54545             76.7045
                  20                  10                   0             75.3551             3.97727             79.3324
                  20                  20                   0             76.5625             3.97727             80.5398
                  20                  30                   0              78.054             3.40909             81.4631
                  20                  40                   0             79.5099             3.40909              82.919
                  20                  50                   0             80.7173             2.84091             83.5582
                  20                  60                   0             81.9957             2.84091             84.8366
                  20                  70                   0             83.2741             2.84091             86.1151
                  20                  80                   0             84.4638             2.84091             87.3047
                  20                  90                   0             85.5469             2.84091             88.3878
                  20                 100                   0             86.2038             2.84091             89.0447
                  20                 110                   0             86.8786             2.84091             89.7195
                  20                 120                   0             88.1214             2.84091             90.9624
                  20                 130                   0             88.8317             2.84091             91.6726
                  20                 140                   0             89.4531             2.84091              92.294
                  20                 150                   0             89.9503             2.84091             92.7912
                  20                 160                   0             90.4474             2.84091             93.2884
                  20                 170                   0             90.9268             2.84091             93.7678
                  20                 180                   0             91.6193             2.84091             94.4602
                  20                 190                   0             92.0277             2.84091             94.8686
                  20                 200                   0             92.3651             2.84091              95.206
                  20                 210                   0             92.9332             2.84091             95.7741
                  20                 220                   0             93.3239             2.27273             95.5966
                  20                 230                   0             93.5547             2.27273             95.8274
                  20                 240                   0             94.3359             2.27273             96.6087
                  20                 250                   0             94.6733             2.27273              96.946
                  20                 260                   0             94.9041             2.27273             97.1768
                  20                 270                   0             95.1172             2.27273             97.3899
                  20                 280                   0             95.3125             2.27273             97.5852
                  20                 290                   0             95.5611             2.27273             97.8338
                  20                 300                   0             95.8097             2.27273             98.0824
                  20                 310                   0             95.8807             2.27273             98.1534
                  20                 320                   0             96.0405             2.27273             98.3132
                  20                 330                   0             96.1115             2.27273             98.3842
                  20                 340                   0             96.1115             2.27273             98.3842
                  20                 350                   0              96.147             2.27273             98.4197
                  20                 360                   0             96.3601             2.27273             98.6328
                  20                 370                   0             96.4489             2.27273             98.7216
                  20                 380                   0             96.4666             2.27273             98.7393
                  20                 390                   0             96.4844             2.27273             98.7571
                  20                 400                   0             96.5021             2.27273             98.7749
                  20                 410                   0             96.5021             2.27273             98.7749
                  20                 420                   0             96.5021             2.27273             98.7749
                  20                 430                   0             96.5021             2.27273             98.7749
                  20                 440                   0             96.5021             2.27273             98.7749
                  20                 450                   0             96.5021             2.27273             98.7749
                  20                 460                   0             96.5021             2.27273             98.7749
                  20                 470                   0             96.5021             2.27273             98.7749
                  20                 480                   0             96.5021             2.27273             98.7749
                  20                 490                   0             96.5199             2.27273             98.7926
                  20                 500                   0             96.6264             2.27273             98.8991
                  20                 510                   0             96.6264             2.27273             98.8991
                  20                 520                   0             96.6264             2.27273             98.8991
                  20                 530                   0             96.6264             2.27273             98.8991
                  20                 540                   0             96.6264             2.27273             98.8991
                  20                 550                   0             96.6264             2.27273             98.8991
                  20                 560                   0             96.6797             2.27273             98.9524
                  20                 570                   0             96.6797             2.27273             98.9524
                  20                 580                   0             96.6797             2.27273             98.9524
                  20                 590                   0             96.6797             2.27273             98.9524
                  20                 600                   0             96.6797             2.27273             98.9524
                  20                 610                   0             96.6797             2.27273             98.9524
                  20                 620                   0             96.6797             2.27273             98.9524
                  20                 630                   0             96.6797             2.27273             98.9524
                  20                 640                   0             96.6797             2.27273             98.9524
                  20                 650                   0             96.6797             2.27273             98.9524
                  20                 660                   0             96.6797             2.27273             98.9524
                  20                 670                   0             96.6797             2.27273             98.9524
                  20                 680                   0             96.6797             2.27273             98.9524
                  20                 690                   0             96.6797             2.27273             98.9524
                  20                 700                   0             96.6797             2.27273             98.9524
                  20                 710                   0             96.6974             2.27273             98.9702
                  20                 720                   0             96.6974             2.27273             98.9702
                  20                 730                   0             96.6974             2.27273             98.9702
                  20                 740                   0             96.6974             2.27273             98.9702
                  20                 750                   0             96.6974             2.27273             98.9702
                  20                 760                   0             96.7152             2.27273             98.9879
                  20                 770                   0             96.7152             2.27273             98.9879
                  20                 780                   0             96.7152             2.27273             98.9879
                  20                 790                   0             96.7152             2.27273             98.9879
                  20                 800                   0             96.7152             2.27273             98.9879
                  20                 810                   0             96.7152             2.27273             98.9879
                  20                 820                   0             96.7152             2.27273             98.9879
                  20                 830                   0             96.7152             2.27273             98.9879
                  20                 840                   0             96.7152             2.27273             98.9879
                  20                 850                   0              96.733             2.27273             99.0057
                  20                 860                   0              96.733             2.27273             99.0057
                  20                 870                   0              96.733             2.27273             99.0057
                  20                 880                   0              96.733             2.27273             99.0057
                  20                 890                   0              96.733             2.27273             99.0057
                  20                 900                   0              96.733             2.27273             99.0057
                  20                 910                   0              96.733             2.27273             99.0057
                  20                 920                   0              96.733             2.27273             99.0057
                  20                 930                   0              96.733             2.27273             99.0057
                  20                 940                   0             99.4496            0.568182             100.018
                  20                 950                   0             99.4496            0.568182             100.018
                  20                 960                   0             99.4496            0.568182             100.018
                  20                 970                   0             99.4496            0.568182             100.018
                  20                 980                   0             99.4496            0.568182             100.018
                  20                 990                   0             99.4496            0.568182             100.018
                  20                1000                   0             99.4496            0.568182             100.018
