                  65                   0                   0              96.946             2.27273             99.2188
                  65                  10                   0              96.946             2.27273             99.2188
                  65                  20                   0              96.946             2.27273             99.2188
                  65                  30                   0              96.946             2.27273             99.2188
                  65                  40                   0              96.946             2.27273             99.2188
                  65                  50                   0              96.946             2.27273             99.2188
                  65                  60                   0              96.946             2.27273             99.2188
                  65                  70                   0              96.946             2.27273             99.2188
                  65                  80                   0              96.946             2.27273             99.2188
                  65                  90                   0              96.946             2.27273             99.2188
                  65                 100                   0              96.946             2.27273             99.2188
                  65                 110                   0              99.201            0.568182             99.7692
                  65                 120                   0             99.3253            0.568182             99.8935
                  65                 130                   0             99.4141            0.568182             99.9822
                  65                 140                   0             99.5206            0.568182             100.089
                  65                 150                   0             99.5206            0.568182             100.089
                  65                 160                   0             99.5561            0.568182             100.124
                  65                 170                   0             99.5916            0.568182              100.16
                  65                 180                   0             99.5916            0.568182              100.16
                  65                 190                   0             99.5916            0.568182              100.16
                  65                 200                   0             99.6094            0.568182             100.178
                  65                 210                   0             99.6094            0.568182             100.178
                  65                 220                   0             99.6094            0.568182             100.178
                  65                 230                   0             99.6094            0.568182             100.178
                  65                 240                   0             99.6094            0.568182             100.178
                  65                 250                   0             99.7692            0.568182             100.337
                  65                 260                   0             99.7692            0.568182             100.337
                  65                 270                   0             99.7692            0.568182             100.337
                  65                 280                   0             99.7692            0.568182             100.337
                  65                 290                   0             99.7692            0.568182             100.337
                  65                 300                   0                 100                   0                 100
                  65                 310                   0                 100                   0                 100
                  65                 320                   0                 100                   0                 100
                  65                 330                   0                 100                   0                 100
                  65                 340                   0                 100                   0                 100
                  65                 350                   0                 100                   0                 100
                  65                 360                   0                 100                   0                 100
                  65                 370                   0                 100                   0                 100
                  65                 380                   0                 100                   0                 100
                  65                 390                   0                 100                   0                 100
                  65                 400                   0                 100                   0                 100
                  65                 410                   0                 100                   0                 100
                  65                 420                   0                 100                   0                 100
                  65                 430                   0                 100                   0                 100
                  65                 440                   0                 100                   0                 100
                  65                 450                   0                 100                   0                 100
                  65                 460                   0                 100                   0                 100
                  65                 470                   0                 100                   0                 100
                  65                 480                   0                 100                   0                 100
                  65                 490                   0                 100                   0                 100
                  65                 500                   0                 100                   0                 100
                  65                 510                   0                 100                   0                 100
                  65                 520                   0                 100                   0                 100
                  65                 530                   0                 100                   0                 100
                  65                 540                   0                 100                   0                 100
                  65                 550                   0                 100                   0                 100
                  65                 560                   0                 100                   0                 100
                  65                 570                   0                 100                   0                 100
                  65                 580                   0                 100                   0                 100
                  65                 590                   0                 100                   0                 100
                  65                 600                   0                 100                   0                 100
                  65                 610                   0                 100                   0                 100
                  65                 620                   0                 100                   0                 100
                  65                 630                   0                 100                   0                 100
                  65                 640                   0                 100                   0                 100
                  65                 650                   0                 100                   0                 100
                  65                 660                   0                 100                   0                 100
                  65                 670                   0                 100                   0                 100
                  65                 680                   0                 100                   0                 100
                  65                 690                   0                 100                   0                 100
                  65                 700                   0                 100                   0                 100
                  65                 710                   0                 100                   0                 100
                  65                 720                   0                 100                   0                 100
                  65                 730                   0                 100                   0                 100
                  65                 740                   0                 100                   0                 100
                  65                 750                   0                 100                   0                 100
                  65                 760                   0                 100                   0                 100
                  65                 770                   0                 100                   0                 100
                  65                 780                   0                 100                   0                 100
                  65                 790                   0                 100                   0                 100
                  65                 800                   0                 100                   0                 100
                  65                 810                   0                 100                   0                 100
                  65                 820                   0                 100                   0                 100
                  65                 830                   0                 100                   0                 100
                  65                 840                   0                 100                   0                 100
                  65                 850                   0                 100                   0                 100
                  65                 860                   0                 100                   0                 100
                  65                 870                   0                 100                   0                 100
                  65                 880                   0                 100                   0                 100
                  65                 890                   0                 100                   0                 100
                  65                 900                   0                 100                   0                 100
                  65                 910                   0                 100                   0                 100
                  65                 920                   0                 100                   0                 100
                  65                 930                   0                 100                   0                 100
                  65                 940                   0                 100                   0                 100
                  65                 950                   0                 100                   0                 100
                  65                 960                   0                 100                   0                 100
                  65                 970                   0                 100                   0                 100
                  65                 980                   0                 100                   0                 100
                  65                 990                   0                 100                   0                 100
                  65                1000                   0                 100                   0                 100
