                   5                   0                   0             20.6321             38.6364             59.2685
                   5                  10                   0              21.147                37.5              58.647
                   5                  20                   0             21.6797             35.2273              56.907
                   5                  30                   0             22.2834             33.5227             55.8061
                   5                  40                   0             22.9759             32.3864             55.3622
                   5                  50                   0             23.2955             31.8182             55.1136
                   5                  60                   0             23.8991             30.6818              54.581
                   5                  70                   0             24.6271             29.5455             54.1726
                   5                  80                   0             25.2841             28.4091             53.6932
                   5                  90                   0             26.1009             27.2727             53.3736
                   5                 100                   0             26.8288             27.2727             54.1016
                   5                 110                   0             27.5923             24.4318             52.0241
                   5                 120                   0             28.6577             23.2955             51.9531
                   5                 130                   0             29.4389             22.7273             52.1662
                   5                 140                   0             30.3089             20.4545             50.7635
                   5                 150                   0               31.25             20.4545             51.7045
                   5                 160                   0             32.3864             19.3182             51.7045
                   5                 170                   0             33.4162               18.75             52.1662
                   5                 180                   0             34.1974               18.75             52.9474
                   5                 190                   0             35.1562             17.6136             52.7699
                   5                 200                   0             36.6122             17.0455             53.6577
                   5                 210                   0             37.4645             15.9091             53.3736
                   5                 220                   0             38.4411             14.7727             53.2138
                   5                 230                   0             39.4531             14.2045             53.6577
                   5                 240                   0              40.767             13.6364             54.4034
                   5                 250                   0             42.0987             13.6364             55.7351
                   5                 260                   0             44.0874                12.5             56.5874
                   5                 270                   0             46.1293             11.9318             58.0611
                   5                 280                   0             47.4432             11.9318              59.375
                   5                 290                   0             50.0178             11.3636             61.3814
                   5                 300                   0             51.7578             10.2273             61.9851
                   5                 310                   0             53.4268             10.2273             63.6541
                   5                 320                   0             55.9659             9.09091             65.0568
                   5                 330                   0             57.7237             9.09091             66.8146
                   5                 340                   0             59.9432             8.52273             68.4659
                   5                 350                   0             61.1506             6.81818             67.9688
                   5                 360                   0             62.3224                6.25             68.5724
                   5                 370                   0             64.0625             5.11364             69.1761
                   5                 380                   0             65.3587             5.11364             70.4723
                   5                 390                   0             67.2585             5.11364             72.3722
                   5                 400                   0             68.3239             5.11364             73.4375
                   5                 410                   0              70.348             4.54545             74.8935
                   5                 420                   0             71.5376             4.54545             76.0831
                   5                 430                   0             73.4553             4.54545             78.0007
                   5                 440                   0             74.3253             3.97727             78.3026
                   5                 450                   0             75.1598             3.97727             79.1371
                   5                 460                   0             76.2074             3.97727             80.1847
                   5                 470                   0             76.8821             3.97727             80.8594
                   5                 480                   0             77.4503             3.97727             81.4276
                   5                 490                   0             78.7642             3.97727             82.7415
                   5                 500                   0             79.3679             3.97727             83.3452
                   5                 510                   0             80.5575             3.97727             84.5348
                   5                 520                   0             81.2145             3.97727             85.1918
                   5                 530                   0             82.3331             3.40909             85.7422
                   5                 540                   0             82.9368             3.40909             86.3459
                   5                 550                   0             84.2685             3.40909             87.6776
                   5                 560                   0             84.6768             3.40909             88.0859
                   5                 570                   0             85.2983             3.40909             88.7074
                   5                 580                   0             85.6534             3.40909             89.0625
                   5                 590                   0             87.0384             2.84091             89.8793
                   5                 600                   0             87.4112             2.84091             90.2521
                   5                 610                   0             88.0859             2.84091             90.9268
                   5                 620                   0             88.6009             2.84091             91.4418
                   5                 630                   0             88.9915             2.84091             91.8324
                   5                 640                   0             89.5419             2.84091             92.3828
                   5                 650                   0             90.0391             2.84091               92.88
                   5                 660                   0             90.1456             2.84091             92.9865
                   5                 670                   0             90.4119             2.84091             93.2528
                   5                 680                   0             90.6605             2.84091             93.5014
                   5                 690                   0             90.8736             2.84091             93.7145
                   5                 700                   0             91.3352             2.84091             94.1761
                   5                 710                   0             91.3885             2.84091             94.2294
                   5                 720                   0             92.0099             2.84091             94.8509
                   5                 730                   0             92.1165             2.84091             94.9574
                   5                 740                   0             92.2763             2.84091             95.1172
                   5                 750                   0             92.3828             2.84091             95.2237
                   5                 760                   0             92.4006             2.84091             95.2415
                   5                 770                   0             92.5071             2.84091              95.348
                   5                 780                   0             92.5781             2.84091              95.419
                   5                 790                   0             92.5959             2.27273             94.8686
                   5                 800                   0             92.6491             2.27273             94.9219
                   5                 810                   0             92.7379             2.27273             95.0107
                   5                 820                   0             92.7734             2.27273             95.0462
                   5                 830                   0             92.8267             2.27273             95.0994
                   5                 840                   0             92.8445             2.27273             95.1172
                   5                 850                   0               92.88             2.27273             95.1527
                   5                 860                   0              92.951             2.27273             95.2237
                   5                 870                   0             93.1108             2.27273             95.3835
                   5                 880                   0             93.1286             2.27273             95.4013
                   5                 890                   0             93.1286             2.27273             95.4013
                   5                 900                   0             93.1641             2.27273             95.4368
                   5                 910                   0             93.1818             2.27273             95.4545
                   5                 920                   0             93.2884             2.27273             95.5611
                   5                 930                   0             93.3594             2.27273             95.6321
                   5                 940                   0             93.4304             2.27273             95.7031
                   5                 950                   0             93.4482             2.27273             95.7209
                   5                 960                   0             93.4837             2.27273             95.7564
                   5                 970                   0             93.5192             2.27273             95.7919
                   5                 980                   0             93.5192             2.27273             95.7919
                   5                 990                   0             93.5547             2.27273             95.8274
                   5                1000                   0              93.679             2.27273             95.9517
