                  10                   0                   0             40.5185             15.3409             55.8594
                  10                  10                   0             41.9922             14.7727             56.7649
                  10                  20                   0             43.0575             14.2045             57.2621
                  10                  30                   0              44.407             13.6364             58.0433
                  10                  40                   0             45.6676             13.0682             58.7358
                  10                  50                   0             46.7862             13.0682             59.8544
                  10                  60                   0             47.8693                12.5             60.3693
                  10                  70                   0             49.1832             11.3636             60.5469
                  10                  80                   0             50.4261             11.3636             61.7898
                  10                  90                   0             51.5447             10.7955             62.3402
                  10                 100                   0             53.1783             9.09091             62.2692
                  10                 110                   0             54.5632             9.09091             63.6541
                  10                 120                   0              56.108             8.52273             64.6307
                  10                 130                   0             57.5639             7.38636             64.9503
                  10                 140                   0             58.8956             7.38636              66.282
                  10                 150                   0             60.4403             6.81818             67.2585
                  10                 160                   0             62.2337             6.81818             69.0518
                  10                 170                   0             63.9737                6.25             70.2237
                  10                 180                   0              65.483             5.11364             70.5966
                  10                 190                   0             66.8501             5.11364             71.9638
                  10                 200                   0             68.6967             5.11364             73.8104
                  10                 210                   0             70.0107             3.97727             73.9879
                  10                 220                   0             71.7507             3.40909             75.1598
                  10                 230                   0             73.6683             3.40909             77.0774
                  10                 240                   0             75.2841             3.40909             78.6932
                  10                 250                   0             76.4027             3.40909             79.8118
                  10                 260                   0             78.3026             3.40909             81.7116
                  10                 270                   0             79.6342             3.40909             83.0433
                  10                 280                   0             80.7528             3.40909             84.1619
                  10                 290                   0             82.2266             3.40909             85.6357
                  10                 300                   0             83.2031             2.84091              86.044
                  10                 310                   0             83.7536             2.84091             86.5945
                  10                 320                   0             84.4105             2.84091             87.2514
                  10                 330                   0             84.9254             2.84091             87.7663
                  10                 340                   0             85.4048             2.84091             88.2457
                  10                 350                   0             85.8842             2.84091             88.7251
                  10                 360                   0             86.4702             2.84091             89.3111
                  10                 370                   0             87.2337             2.84091             90.0746
                  10                 380                   0             87.7308             2.84091             90.5717
                  10                 390                   0              88.157             2.84091             90.9979
                  10                 400                   0             88.5831             2.84091              91.424
                  10                 410                   0             89.2756             2.84091             92.1165
                  10                 420                   0             89.8082             2.84091             92.6491
                  10                 430                   0             91.0334             2.84091             93.8743
                  10                 440                   0             91.5483             2.84091             94.3892
                  10                 450                   0             91.8857             2.84091             94.7266
                  10                 460                   0             92.3828             2.84091             95.2237
                  10                 470                   0             92.9332             2.27273              95.206
                  10                 480                   0             93.0753             2.27273              95.348
                  10                 490                   0             93.4126             2.27273             95.6854
                  10                 500                   0             93.7145             2.27273             95.9872
                  10                 510                   0             93.9098             2.27273             96.1825
                  10                 520                   0             93.9631             2.27273             96.2358
                  10                 530                   0             94.2649             2.27273             96.5376
                  10                 540                   0             94.4957             2.27273             96.7685
                  10                 550                   0             94.4957             2.27273             96.7685
                  10                 560                   0             94.5312             2.27273              96.804
                  10                 570                   0             94.5312             2.27273              96.804
                  10                 580                   0             94.5312             2.27273              96.804
                  10                 590                   0             94.6378             2.27273             96.9105
                  10                 600                   0             94.9041             2.27273             97.1768
                  10                 610                   0             94.9396             2.27273             97.2124
                  10                 620                   0             95.0462             2.27273             97.3189
                  10                 630                   0             95.0639             2.27273             97.3366
                  10                 640                   0             95.0817             2.27273             97.3544
                  10                 650                   0             95.0817             2.27273             97.3544
                  10                 660                   0             95.1172             2.27273             97.3899
                  10                 670                   0             95.1527             2.27273             97.4254
                  10                 680                   0             95.1527             2.27273             97.4254
                  10                 690                   0              95.206             2.27273             97.4787
                  10                 700                   0              95.206             2.27273             97.4787
                  10                 710                   0             95.2947             2.27273             97.5675
                  10                 720                   0             95.2947             2.27273             97.5675
                  10                 730                   0             95.2947             2.27273             97.5675
                  10                 740                   0              95.419             2.27273             97.6918
                  10                 750                   0              95.419             2.27273             97.6918
                  10                 760                   0              95.419             2.27273             97.6918
                  10                 770                   0             95.5078             2.27273             97.7805
                  10                 780                   0             95.5611             2.27273             97.8338
                  10                 790                   0             95.5611             2.27273             97.8338
                  10                 800                   0             95.6321             2.27273             97.9048
                  10                 810                   0             95.7209             2.27273             97.9936
                  10                 820                   0             95.7386             2.27273             98.0114
                  10                 830                   0             95.7386             2.27273             98.0114
                  10                 840                   0             95.7564             2.27273             98.0291
                  10                 850                   0             95.7564             2.27273             98.0291
                  10                 860                   0             95.7741             2.27273             98.0469
                  10                 870                   0             95.7919             2.27273             98.0646
                  10                 880                   0             95.8274             2.27273             98.1001
                  10                 890                   0             95.8452             2.27273             98.1179
                  10                 900                   0             95.8452             2.27273             98.1179
                  10                 910                   0             95.8452             2.27273             98.1179
                  10                 920                   0             95.8452             2.27273             98.1179
                  10                 930                   0             95.8452             2.27273             98.1179
                  10                 940                   0             95.8452             2.27273             98.1179
                  10                 950                   0             95.9517             2.27273             98.2244
                  10                 960                   0             95.9517             2.27273             98.2244
                  10                 970                   0             95.9517             2.27273             98.2244
                  10                 980                   0             95.9517             2.27273             98.2244
                  10                 990                   0             95.9517             2.27273             98.2244
                  10                1000                   0             95.9517             2.27273             98.2244
