                  45                   0                   0             96.3601             2.27273             98.6328
                  45                  10                   0             96.8217             2.27273             99.0945
                  45                  20                   0              96.875             2.27273             99.1477
                  45                  30                   0             96.8928             2.27273             99.1655
                  45                  40                   0             96.9105             2.27273             99.1832
                  45                  50                   0             96.9283             2.27273              99.201
                  45                  60                   0              96.946             2.27273             99.2188
                  45                  70                   0              96.946             2.27273             99.2188
                  45                  80                   0              96.946             2.27273             99.2188
                  45                  90                   0              96.946             2.27273             99.2188
                  45                 100                   0              96.946             2.27273             99.2188
                  45                 110                   0              96.946             2.27273             99.2188
                  45                 120                   0              96.946             2.27273             99.2188
                  45                 130                   0              96.946             2.27273             99.2188
                  45                 140                   0              96.946             2.27273             99.2188
                  45                 150                   0              96.946             2.27273             99.2188
                  45                 160                   0              96.946             2.27273             99.2188
                  45                 170                   0              96.946             2.27273             99.2188
                  45                 180                   0              96.946             2.27273             99.2188
                  45                 190                   0              96.946             2.27273             99.2188
                  45                 200                   0              96.946             2.27273             99.2188
                  45                 210                   0              96.946             2.27273             99.2188
                  45                 220                   0              96.946             2.27273             99.2188
                  45                 230                   0              96.946             2.27273             99.2188
                  45                 240                   0              96.946             2.27273             99.2188
                  45                 250                   0              96.946             2.27273             99.2188
                  45                 260                   0              96.946             2.27273             99.2188
                  45                 270                   0              96.946             2.27273             99.2188
                  45                 280                   0              96.946             2.27273             99.2188
                  45                 290                   0              96.946             2.27273             99.2188
                  45                 300                   0              96.946             2.27273             99.2188
                  45                 310                   0              96.946             2.27273             99.2188
                  45                 320                   0              96.946             2.27273             99.2188
                  45                 330                   0              96.946             2.27273             99.2188
                  45                 340                   0              96.946             2.27273             99.2188
                  45                 350                   0              96.946             2.27273             99.2188
                  45                 360                   0              96.946             2.27273             99.2188
                  45                 370                   0              96.946             2.27273             99.2188
                  45                 380                   0              96.946             2.27273             99.2188
                  45                 390                   0              96.946             2.27273             99.2188
                  45                 400                   0              96.946             2.27273             99.2188
                  45                 410                   0              96.946             2.27273             99.2188
                  45                 420                   0              96.946             2.27273             99.2188
                  45                 430                   0              96.946             2.27273             99.2188
                  45                 440                   0              96.946             2.27273             99.2188
                  45                 450                   0              96.946             2.27273             99.2188
                  45                 460                   0              96.946             2.27273             99.2188
                  45                 470                   0              96.946             2.27273             99.2188
                  45                 480                   0             99.6626            0.568182             100.231
                  45                 490                   0             99.6626            0.568182             100.231
                  45                 500                   0             99.6626            0.568182             100.231
                  45                 510                   0             99.6626            0.568182             100.231
                  45                 520                   0             99.6626            0.568182             100.231
                  45                 530                   0             99.6626            0.568182             100.231
                  45                 540                   0             99.6626            0.568182             100.231
                  45                 550                   0             99.6626            0.568182             100.231
                  45                 560                   0             99.6626            0.568182             100.231
                  45                 570                   0             99.6626            0.568182             100.231
                  45                 580                   0             99.6626            0.568182             100.231
                  45                 590                   0             99.6626            0.568182             100.231
                  45                 600                   0             99.6626            0.568182             100.231
                  45                 610                   0             99.6626            0.568182             100.231
                  45                 620                   0             99.7692            0.568182             100.337
                  45                 630                   0             99.7692            0.568182             100.337
                  45                 640                   0             99.7692            0.568182             100.337
                  45                 650                   0             99.7692            0.568182             100.337
                  45                 660                   0             99.7692            0.568182             100.337
                  45                 670                   0                 100                   0                 100
                  45                 680                   0                 100                   0                 100
                  45                 690                   0                 100                   0                 100
                  45                 700                   0                 100                   0                 100
                  45                 710                   0                 100                   0                 100
                  45                 720                   0                 100                   0                 100
                  45                 730                   0                 100                   0                 100
                  45                 740                   0                 100                   0                 100
                  45                 750                   0                 100                   0                 100
                  45                 760                   0                 100                   0                 100
                  45                 770                   0                 100                   0                 100
                  45                 780                   0                 100                   0                 100
                  45                 790                   0                 100                   0                 100
                  45                 800                   0                 100                   0                 100
                  45                 810                   0                 100                   0                 100
                  45                 820                   0                 100                   0                 100
                  45                 830                   0                 100                   0                 100
                  45                 840                   0                 100                   0                 100
                  45                 850                   0                 100                   0                 100
                  45                 860                   0                 100                   0                 100
                  45                 870                   0                 100                   0                 100
                  45                 880                   0                 100                   0                 100
                  45                 890                   0                 100                   0                 100
                  45                 900                   0                 100                   0                 100
                  45                 910                   0                 100                   0                 100
                  45                 920                   0                 100                   0                 100
                  45                 930                   0                 100                   0                 100
                  45                 940                   0                 100                   0                 100
                  45                 950                   0                 100                   0                 100
                  45                 960                   0                 100                   0                 100
                  45                 970                   0                 100                   0                 100
                  45                 980                   0                 100                   0                 100
                  45                 990                   0                 100                   0                 100
                  45                1000                   0                 100                   0                 100
