                  70                   0                   0              96.946             2.27273             99.2188
                  70                  10                   0              96.946             2.27273             99.2188
                  70                  20                   0             96.9993             2.27273              99.272
                  70                  30                   0             96.9993             2.27273              99.272
                  70                  40                   0             97.0348             2.27273             99.3075
                  70                  50                   0              98.331             1.13636             99.4673
                  70                  60                   0             98.7216            0.568182             99.2898
                  70                  70                   0             98.8814            0.568182             99.4496
                  70                  80                   0             99.0234            0.568182             99.5916
                  70                  90                   0             99.2543            0.568182             99.8224
                  70                 100                   0             99.3253            0.568182             99.8935
                  70                 110                   0             99.3608            0.568182              99.929
                  70                 120                   0             99.5206            0.568182             100.089
                  70                 130                   0             99.5206            0.568182             100.089
                  70                 140                   0             99.5561            0.568182             100.124
                  70                 150                   0             99.5916            0.568182              100.16
                  70                 160                   0             99.7159            0.568182             100.284
                  70                 170                   0             99.7514            0.568182              100.32
                  70                 180                   0             99.7514            0.568182              100.32
                  70                 190                   0             99.7692            0.568182             100.337
                  70                 200                   0             99.7692            0.568182             100.337
                  70                 210                   0             99.9822                   0             99.9822
                  70                 220                   0             99.9822                   0             99.9822
                  70                 230                   0             99.9822                   0             99.9822
                  70                 240                   0                 100                   0                 100
                  70                 250                   0                 100                   0                 100
                  70                 260                   0                 100                   0                 100
                  70                 270                   0                 100                   0                 100
                  70                 280                   0                 100                   0                 100
                  70                 290                   0                 100                   0                 100
                  70                 300                   0                 100                   0                 100
                  70                 310                   0                 100                   0                 100
                  70                 320                   0                 100                   0                 100
                  70                 330                   0                 100                   0                 100
                  70                 340                   0                 100                   0                 100
                  70                 350                   0                 100                   0                 100
                  70                 360                   0                 100                   0                 100
                  70                 370                   0                 100                   0                 100
                  70                 380                   0                 100                   0                 100
                  70                 390                   0                 100                   0                 100
                  70                 400                   0                 100                   0                 100
                  70                 410                   0                 100                   0                 100
                  70                 420                   0                 100                   0                 100
                  70                 430                   0                 100                   0                 100
                  70                 440                   0                 100                   0                 100
                  70                 450                   0                 100                   0                 100
                  70                 460                   0                 100                   0                 100
                  70                 470                   0                 100                   0                 100
                  70                 480                   0                 100                   0                 100
                  70                 490                   0                 100                   0                 100
                  70                 500                   0                 100                   0                 100
                  70                 510                   0                 100                   0                 100
                  70                 520                   0                 100                   0                 100
                  70                 530                   0                 100                   0                 100
                  70                 540                   0                 100                   0                 100
                  70                 550                   0                 100                   0                 100
                  70                 560                   0                 100                   0                 100
                  70                 570                   0                 100                   0                 100
                  70                 580                   0                 100                   0                 100
                  70                 590                   0                 100                   0                 100
                  70                 600                   0                 100                   0                 100
                  70                 610                   0                 100                   0                 100
                  70                 620                   0                 100                   0                 100
                  70                 630                   0                 100                   0                 100
                  70                 640                   0                 100                   0                 100
                  70                 650                   0                 100                   0                 100
                  70                 660                   0                 100                   0                 100
                  70                 670                   0                 100                   0                 100
                  70                 680                   0                 100                   0                 100
                  70                 690                   0                 100                   0                 100
                  70                 700                   0                 100                   0                 100
                  70                 710                   0                 100                   0                 100
                  70                 720                   0                 100                   0                 100
                  70                 730                   0                 100                   0                 100
                  70                 740                   0                 100                   0                 100
                  70                 750                   0                 100                   0                 100
                  70                 760                   0                 100                   0                 100
                  70                 770                   0                 100                   0                 100
                  70                 780                   0                 100                   0                 100
                  70                 790                   0                 100                   0                 100
                  70                 800                   0                 100                   0                 100
                  70                 810                   0                 100                   0                 100
                  70                 820                   0                 100                   0                 100
                  70                 830                   0                 100                   0                 100
                  70                 840                   0                 100                   0                 100
                  70                 850                   0                 100                   0                 100
                  70                 860                   0                 100                   0                 100
                  70                 870                   0                 100                   0                 100
                  70                 880                   0                 100                   0                 100
                  70                 890                   0                 100                   0                 100
                  70                 900                   0                 100                   0                 100
                  70                 910                   0                 100                   0                 100
                  70                 920                   0                 100                   0                 100
                  70                 930                   0                 100                   0                 100
                  70                 940                   0                 100                   0                 100
                  70                 950                   0                 100                   0                 100
                  70                 960                   0                 100                   0                 100
                  70                 970                   0                 100                   0                 100
                  70                 980                   0                 100                   0                 100
                  70                 990                   0                 100                   0                 100
                  70                1000                   0                 100                   0                 100
