                  80                   0                   0             96.9993             2.27273              99.272
                  80                  10                   0             99.1655            0.568182             99.7337
                  80                  20                   0              99.272            0.568182             99.8402
                  80                  30                   0             99.7514                   0             99.7514
                  80                  40                   0             99.7692                   0             99.7692
                  80                  50                   0              99.858                   0              99.858
                  80                  60                   0             99.9112                   0             99.9112
                  80                  70                   0             99.9112                   0             99.9112
                  80                  80                   0             99.9112                   0             99.9112
                  80                  90                   0             99.9467                   0             99.9467
                  80                 100                   0             99.9467                   0             99.9467
                  80                 110                   0             99.9645                   0             99.9645
                  80                 120                   0             99.9822                   0             99.9822
                  80                 130                   0             99.9822                   0             99.9822
                  80                 140                   0             99.9822                   0             99.9822
                  80                 150                   0             99.9822                   0             99.9822
                  80                 160                   0             99.9822                   0             99.9822
                  80                 170                   0             99.9822                   0             99.9822
                  80                 180                   0                 100                   0                 100
                  80                 190                   0                 100                   0                 100
                  80                 200                   0                 100                   0                 100
                  80                 210                   0                 100                   0                 100
                  80                 220                   0                 100                   0                 100
                  80                 230                   0                 100                   0                 100
                  80                 240                   0                 100                   0                 100
                  80                 250                   0                 100                   0                 100
                  80                 260                   0                 100                   0                 100
                  80                 270                   0                 100                   0                 100
                  80                 280                   0                 100                   0                 100
                  80                 290                   0                 100                   0                 100
                  80                 300                   0                 100                   0                 100
                  80                 310                   0                 100                   0                 100
                  80                 320                   0                 100                   0                 100
                  80                 330                   0                 100                   0                 100
                  80                 340                   0                 100                   0                 100
                  80                 350                   0                 100                   0                 100
                  80                 360                   0                 100                   0                 100
                  80                 370                   0                 100                   0                 100
                  80                 380                   0                 100                   0                 100
                  80                 390                   0                 100                   0                 100
                  80                 400                   0                 100                   0                 100
                  80                 410                   0                 100                   0                 100
                  80                 420                   0                 100                   0                 100
                  80                 430                   0                 100                   0                 100
                  80                 440                   0                 100                   0                 100
                  80                 450                   0                 100                   0                 100
                  80                 460                   0                 100                   0                 100
                  80                 470                   0                 100                   0                 100
                  80                 480                   0                 100                   0                 100
                  80                 490                   0                 100                   0                 100
                  80                 500                   0                 100                   0                 100
                  80                 510                   0                 100                   0                 100
                  80                 520                   0                 100                   0                 100
                  80                 530                   0                 100                   0                 100
                  80                 540                   0                 100                   0                 100
                  80                 550                   0                 100                   0                 100
                  80                 560                   0                 100                   0                 100
                  80                 570                   0                 100                   0                 100
                  80                 580                   0                 100                   0                 100
                  80                 590                   0                 100                   0                 100
                  80                 600                   0                 100                   0                 100
                  80                 610                   0                 100                   0                 100
                  80                 620                   0                 100                   0                 100
                  80                 630                   0                 100                   0                 100
                  80                 640                   0                 100                   0                 100
                  80                 650                   0                 100                   0                 100
                  80                 660                   0                 100                   0                 100
                  80                 670                   0                 100                   0                 100
                  80                 680                   0                 100                   0                 100
                  80                 690                   0                 100                   0                 100
                  80                 700                   0                 100                   0                 100
                  80                 710                   0                 100                   0                 100
                  80                 720                   0                 100                   0                 100
                  80                 730                   0                 100                   0                 100
                  80                 740                   0                 100                   0                 100
                  80                 750                   0                 100                   0                 100
                  80                 760                   0                 100                   0                 100
                  80                 770                   0                 100                   0                 100
                  80                 780                   0                 100                   0                 100
                  80                 790                   0                 100                   0                 100
                  80                 800                   0                 100                   0                 100
                  80                 810                   0                 100                   0                 100
                  80                 820                   0                 100                   0                 100
                  80                 830                   0                 100                   0                 100
                  80                 840                   0                 100                   0                 100
                  80                 850                   0                 100                   0                 100
                  80                 860                   0                 100                   0                 100
                  80                 870                   0                 100                   0                 100
                  80                 880                   0                 100                   0                 100
                  80                 890                   0                 100                   0                 100
                  80                 900                   0                 100                   0                 100
                  80                 910                   0                 100                   0                 100
                  80                 920                   0                 100                   0                 100
                  80                 930                   0                 100                   0                 100
                  80                 940                   0                 100                   0                 100
                  80                 950                   0                 100                   0                 100
                  80                 960                   0                 100                   0                 100
                  80                 970                   0                 100                   0                 100
                  80                 980                   0                 100                   0                 100
                  80                 990                   0                 100                   0                 100
                  80                1000                   0                 100                   0                 100
