                  95                   0                   0             97.8693             1.70455             99.5739
                  95                  10                   0             99.9822                   0             99.9822
                  95                  20                   0             99.9822                   0             99.9822
                  95                  30                   0             99.9822                   0             99.9822
                  95                  40                   0             99.9822                   0             99.9822
                  95                  50                   0                 100                   0                 100
                  95                  60                   0                 100                   0                 100
                  95                  70                   0                 100                   0                 100
                  95                  80                   0                 100                   0                 100
                  95                  90                   0                 100                   0                 100
                  95                 100                   0                 100                   0                 100
                  95                 110                   0                 100                   0                 100
                  95                 120                   0                 100                   0                 100
                  95                 130                   0                 100                   0                 100
                  95                 140                   0                 100                   0                 100
                  95                 150                   0                 100                   0                 100
                  95                 160                   0                 100                   0                 100
                  95                 170                   0                 100                   0                 100
                  95                 180                   0                 100                   0                 100
                  95                 190                   0                 100                   0                 100
                  95                 200                   0                 100                   0                 100
                  95                 210                   0                 100                   0                 100
                  95                 220                   0                 100                   0                 100
                  95                 230                   0                 100                   0                 100
                  95                 240                   0                 100                   0                 100
                  95                 250                   0                 100                   0                 100
                  95                 260                   0                 100                   0                 100
                  95                 270                   0                 100                   0                 100
                  95                 280                   0                 100                   0                 100
                  95                 290                   0                 100                   0                 100
                  95                 300                   0                 100                   0                 100
                  95                 310                   0                 100                   0                 100
                  95                 320                   0                 100                   0                 100
                  95                 330                   0                 100                   0                 100
                  95                 340                   0                 100                   0                 100
                  95                 350                   0                 100                   0                 100
                  95                 360                   0                 100                   0                 100
                  95                 370                   0                 100                   0                 100
                  95                 380                   0                 100                   0                 100
                  95                 390                   0                 100                   0                 100
                  95                 400                   0                 100                   0                 100
                  95                 410                   0                 100                   0                 100
                  95                 420                   0                 100                   0                 100
                  95                 430                   0                 100                   0                 100
                  95                 440                   0                 100                   0                 100
                  95                 450                   0                 100                   0                 100
                  95                 460                   0                 100                   0                 100
                  95                 470                   0                 100                   0                 100
                  95                 480                   0                 100                   0                 100
                  95                 490                   0                 100                   0                 100
                  95                 500                   0                 100                   0                 100
                  95                 510                   0                 100                   0                 100
                  95                 520                   0                 100                   0                 100
                  95                 530                   0                 100                   0                 100
                  95                 540                   0                 100                   0                 100
                  95                 550                   0                 100                   0                 100
                  95                 560                   0                 100                   0                 100
                  95                 570                   0                 100                   0                 100
                  95                 580                   0                 100                   0                 100
                  95                 590                   0                 100                   0                 100
                  95                 600                   0                 100                   0                 100
                  95                 610                   0                 100                   0                 100
                  95                 620                   0                 100                   0                 100
                  95                 630                   0                 100                   0                 100
                  95                 640                   0                 100                   0                 100
                  95                 650                   0                 100                   0                 100
                  95                 660                   0                 100                   0                 100
                  95                 670                   0                 100                   0                 100
                  95                 680                   0                 100                   0                 100
                  95                 690                   0                 100                   0                 100
                  95                 700                   0                 100                   0                 100
                  95                 710                   0                 100                   0                 100
                  95                 720                   0                 100                   0                 100
                  95                 730                   0                 100                   0                 100
                  95                 740                   0                 100                   0                 100
                  95                 750                   0                 100                   0                 100
                  95                 760                   0                 100                   0                 100
                  95                 770                   0                 100                   0                 100
                  95                 780                   0                 100                   0                 100
                  95                 790                   0                 100                   0                 100
                  95                 800                   0                 100                   0                 100
                  95                 810                   0                 100                   0                 100
                  95                 820                   0                 100                   0                 100
                  95                 830                   0                 100                   0                 100
                  95                 840                   0                 100                   0                 100
                  95                 850                   0                 100                   0                 100
                  95                 860                   0                 100                   0                 100
                  95                 870                   0                 100                   0                 100
                  95                 880                   0                 100                   0                 100
                  95                 890                   0                 100                   0                 100
                  95                 900                   0                 100                   0                 100
                  95                 910                   0                 100                   0                 100
                  95                 920                   0                 100                   0                 100
                  95                 930                   0                 100                   0                 100
                  95                 940                   0                 100                   0                 100
                  95                 950                   0                 100                   0                 100
                  95                 960                   0                 100                   0                 100
                  95                 970                   0                 100                   0                 100
                  95                 980                   0                 100                   0                 100
                  95                 990                   0                 100                   0                 100
                  95                1000                   0                 100                   0                 100
