                   0                   0                   0                   0                 100                 100
                   0                  10                   0           0.0710227             98.2955             98.3665
                   0                  20                   0           0.0887784             99.4318             99.5206
                   0                  30                   0           0.0177557                 100             100.018
                   0                  40                   0           0.0355114                 100             100.036
                   0                  50                   0            0.159801             98.2955             98.4553
                   0                  60                   0            0.230824             97.1591             97.3899
                   0                  70                   0            0.159801             97.7273             97.8871
                   0                  80                   0            0.213068             98.8636             99.0767
                   0                  90                   0            0.213068             98.2955             98.5085
                   0                 100                   0            0.266335             98.2955             98.5618
                   0                 110                   0            0.390625             97.7273             98.1179
                   0                 120                   0            0.514915             97.1591              97.674
                   0                 130                   0            0.941051             96.5909              97.532
                   0                 140                   0             1.34943             94.8864             96.2358
                   0                 150                   0             1.58026             93.1818             94.7621
                   0                 160                   0             1.77557             90.9091             92.6847
                   0                 170                   0             1.95312             90.3409              92.294
                   0                 180                   0              2.0419             90.3409             92.3828
                   0                 190                   0             2.18395             89.2045             91.3885
                   0                 200                   0             2.41477             88.6364             91.0511
                   0                 210                   0             2.68111             86.3636             89.0447
                   0                 220                   0             2.85866             84.6591             87.5178
                   0                 230                   0             2.87642             84.0909             86.9673
                   0                 240                   0             3.14276             80.6818             83.8246
                   0                 250                   0             3.33807             78.4091             81.7472
                   0                 260                   0             3.51562             78.4091             81.9247
                   0                 270                   0              3.7642             76.7045             80.4688
                   0                 280                   0              4.0483             76.7045             80.7528
                   0                 290                   0             4.45668             76.1364              80.593
                   0                 300                   0             4.63423                  75             79.6342
                   0                 310                   0             4.79403             73.2955             78.0895
                   0                 320                   0             5.02486             73.2955             78.3203
                   0                 330                   0             5.43324             71.5909             77.0241
                   0                 340                   0             5.71733             71.0227             76.7401
                   0                 350                   0             6.05469             70.4545             76.5092
                   0                 360                   0             6.37429             70.4545             76.8288
                   0                 370                   0              7.1733               68.75             75.9233
                   0                 380                   0             7.47514             68.1818              75.657
                   0                 390                   0             7.83026             67.6136             75.4439
                   0                 400                   0             8.50497             67.0455             75.5504
                   0                 410                   0             9.07315             65.3409             74.4141
                   0                 420                   0              9.2152             65.3409             74.5561
                   0                 430                   0             9.51705             64.7727             74.2898
                   0                 440                   0             9.92543             64.2045               74.13
                   0                 450                   0             10.5114             64.2045             74.7159
                   0                 460                   0             10.9553             63.6364             74.5916
                   0                 470                   0             11.2393                62.5             73.7393
                   0                 480                   0             11.8786             61.3636             73.2422
                   0                 490                   0             12.4467             60.2273              72.674
                   0                 500                   0             13.4233             59.6591             73.0824
                   0                 510                   0             14.1513             58.5227              72.674
                   0                 520                   0             15.3232             58.5227             73.8459
                   0                 530                   0              15.696               56.25              71.946
                   0                 540                   0             16.2287             55.1136             71.3423
                   0                 550                   0             17.0455             53.9773             71.0227
                   0                 560                   0              18.093             53.4091             71.5021
                   0                 570                   0              18.821             52.2727             71.0938
                   0                 580                   0             19.5135             51.7045              71.218
                   0                 590                   0             20.6854             50.5682             71.2536
                   0                 600                   0             21.1293                  50             71.1293
                   0                 610                   0             21.8572             49.4318             71.2891
                   0                 620                   0             23.1179             47.7273             70.8452
                   0                 630                   0             24.6271             46.5909              71.218
                   0                 640                   0             27.6278             46.5909             74.2188
                   0                 650                   0             28.6399             45.4545             74.0945
                   0                 660                   0             29.8295             44.8864             74.7159
                   0                 670                   0             31.5163             44.3182             75.8345
                   0                 680                   0             32.9368             42.0455             74.9822
                   0                 690                   0             36.2926             39.2045             75.4972
                   0                 700                   0             36.5767             39.2045             75.7812
                   0                 710                   0             38.3878             38.6364             77.0241
                   0                 720                   0             40.8381             35.7955             76.6335
                   0                 730                   0             43.3771             32.3864             75.7635
                   0                 740                   0             44.2649             32.3864             76.6513
                   0                 750                   0             45.4013               31.25             76.6513
                   0                 760                   0              47.532               31.25              78.782
                   0                 770                   0             48.9347               31.25             80.1847
                   0                 780                   0             51.0121               31.25             82.2621
                   0                 790                   0             53.5334             30.6818             84.2152
                   0                 800                   0             54.1726             30.6818             84.8544
                   0                 810                   0             54.5277             30.6818             85.2095
                   0                 820                   0             55.7706             30.1136             85.8842
                   0                 830                   0             56.4808             30.1136             86.5945
                   0                 840                   0              57.777             29.5455             87.3224
                   0                 850                   0              58.505             28.9773             87.4822
                   0                 860                   0             59.9609             26.1364             86.0973
                   0                 870                   0              60.174             26.1364             86.3104
                   0                 880                   0             60.7955             26.1364             86.9318
                   0                 890                   0             61.3991             26.1364             87.5355
                   0                 900                   0             61.9496             26.1364             88.0859
                   0                 910                   0             62.2514             25.5682             87.8196
                   0                 920                   0             63.4766             25.5682             89.0447
                   0                 930                   0             63.5476             25.5682             89.1158
                   0                 940                   0             64.7017             25.5682             90.2699
                   0                 950                   0             64.8615             25.5682             90.4297
                   0                 960                   0             66.1044             25.5682             91.6726
                   0                 970                   0             66.8146             25.5682             92.3828
                   0                 980                   0             67.5071             23.2955             90.8026
                   0                 990                   0             67.7734             23.2955             91.0689
                   0                1000                   0             67.8267             23.2955             91.1222
