                  60                   0                   0              96.946             2.27273             99.2188
                  60                  10                   0              96.946             2.27273             99.2188
                  60                  20                   0              96.946             2.27273             99.2188
                  60                  30                   0              96.946             2.27273             99.2188
                  60                  40                   0              96.946             2.27273             99.2188
                  60                  50                   0              96.946             2.27273             99.2188
                  60                  60                   0              96.946             2.27273             99.2188
                  60                  70                   0              96.946             2.27273             99.2188
                  60                  80                   0              96.946             2.27273             99.2188
                  60                  90                   0              96.946             2.27273             99.2188
                  60                 100                   0              96.946             2.27273             99.2188
                  60                 110                   0              96.946             2.27273             99.2188
                  60                 120                   0              96.946             2.27273             99.2188
                  60                 130                   0              96.946             2.27273             99.2188
                  60                 140                   0              96.946             2.27273             99.2188
                  60                 150                   0              96.946             2.27273             99.2188
                  60                 160                   0              96.946             2.27273             99.2188
                  60                 170                   0              96.946             2.27273             99.2188
                  60                 180                   0              96.946             2.27273             99.2188
                  60                 190                   0              96.946             2.27273             99.2188
                  60                 200                   0             99.5916            0.568182              100.16
                  60                 210                   0             99.5916            0.568182              100.16
                  60                 220                   0             99.5916            0.568182              100.16
                  60                 230                   0             99.6094            0.568182             100.178
                  60                 240                   0             99.6094            0.568182             100.178
                  60                 250                   0             99.6094            0.568182             100.178
                  60                 260                   0             99.6094            0.568182             100.178
                  60                 270                   0             99.6094            0.568182             100.178
                  60                 280                   0             99.6094            0.568182             100.178
                  60                 290                   0             99.6094            0.568182             100.178
                  60                 300                   0             99.6449            0.568182             100.213
                  60                 310                   0             99.6449            0.568182             100.213
                  60                 320                   0             99.6449            0.568182             100.213
                  60                 330                   0             99.6449            0.568182             100.213
                  60                 340                   0             99.7692            0.568182             100.337
                  60                 350                   0             99.7692            0.568182             100.337
                  60                 360                   0             99.7692            0.568182             100.337
                  60                 370                   0             99.7692            0.568182             100.337
                  60                 380                   0             99.7692            0.568182             100.337
                  60                 390                   0                 100                   0                 100
                  60                 400                   0                 100                   0                 100
                  60                 410                   0                 100                   0                 100
                  60                 420                   0                 100                   0                 100
                  60                 430                   0                 100                   0                 100
                  60                 440                   0                 100                   0                 100
                  60                 450                   0                 100                   0                 100
                  60                 460                   0                 100                   0                 100
                  60                 470                   0                 100                   0                 100
                  60                 480                   0                 100                   0                 100
                  60                 490                   0                 100                   0                 100
                  60                 500                   0                 100                   0                 100
                  60                 510                   0                 100                   0                 100
                  60                 520                   0                 100                   0                 100
                  60                 530                   0                 100                   0                 100
                  60                 540                   0                 100                   0                 100
                  60                 550                   0                 100                   0                 100
                  60                 560                   0                 100                   0                 100
                  60                 570                   0                 100                   0                 100
                  60                 580                   0                 100                   0                 100
                  60                 590                   0                 100                   0                 100
                  60                 600                   0                 100                   0                 100
                  60                 610                   0                 100                   0                 100
                  60                 620                   0                 100                   0                 100
                  60                 630                   0                 100                   0                 100
                  60                 640                   0                 100                   0                 100
                  60                 650                   0                 100                   0                 100
                  60                 660                   0                 100                   0                 100
                  60                 670                   0                 100                   0                 100
                  60                 680                   0                 100                   0                 100
                  60                 690                   0                 100                   0                 100
                  60                 700                   0                 100                   0                 100
                  60                 710                   0                 100                   0                 100
                  60                 720                   0                 100                   0                 100
                  60                 730                   0                 100                   0                 100
                  60                 740                   0                 100                   0                 100
                  60                 750                   0                 100                   0                 100
                  60                 760                   0                 100                   0                 100
                  60                 770                   0                 100                   0                 100
                  60                 780                   0                 100                   0                 100
                  60                 790                   0                 100                   0                 100
                  60                 800                   0                 100                   0                 100
                  60                 810                   0                 100                   0                 100
                  60                 820                   0                 100                   0                 100
                  60                 830                   0                 100                   0                 100
                  60                 840                   0                 100                   0                 100
                  60                 850                   0                 100                   0                 100
                  60                 860                   0                 100                   0                 100
                  60                 870                   0                 100                   0                 100
                  60                 880                   0                 100                   0                 100
                  60                 890                   0                 100                   0                 100
                  60                 900                   0                 100                   0                 100
                  60                 910                   0                 100                   0                 100
                  60                 920                   0                 100                   0                 100
                  60                 930                   0                 100                   0                 100
                  60                 940                   0                 100                   0                 100
                  60                 950                   0                 100                   0                 100
                  60                 960                   0                 100                   0                 100
                  60                 970                   0                 100                   0                 100
                  60                 980                   0                 100                   0                 100
                  60                 990                   0                 100                   0                 100
                  60                1000                   0                 100                   0                 100
