                  25                   0                   0               3.125             28.9773             32.1023
                  25                  10                   0              3.4446             28.9773             32.4219
                  25                  20                   0             3.72869             26.1364             29.8651
                  25                  30                   0             3.58665                  25             28.5866
                  25                  40                   0             3.88849             23.2955             27.1839
                  25                  50                   0             3.97727             22.1591             26.1364
                  25                  60                   0             4.45668             22.1591             26.6158
                  25                  70                   0             4.63423             21.5909             26.2251
                  25                  80                   0             4.97159             19.8864              24.858
                  25                  90                   0             5.27344               18.75             24.0234
                  25                 100                   0             5.78835             18.1818             23.9702
                  25                 110                   0              6.0902             13.6364             19.7266
                  25                 120                   0             6.71165             13.6364              20.348
                  25                 130                   0              6.8892             13.6364             20.5256
                  25                 140                   0             7.22656             8.52273             15.7493
                  25                 150                   0             8.09659             11.3636             19.4602
                  25                 160                   0             8.64702             14.2045             22.8516
                  25                 170                   0             9.42827             13.0682             22.4964
                  25                 180                   0             9.71236             11.9318             21.6442
                  25                 190                   0             10.1385                12.5             22.6385
                  25                 200                   0             11.5767             11.3636             22.9403
                  25                 210                   0             11.0618             14.7727             25.8345
                  25                 220                   0              12.358             10.2273             22.5852
                  25                 230                   0             12.8374             10.2273             23.0646
                  25                 240                   0             13.7607             9.65909             23.4197
                  25                 250                   0             14.1158             9.09091             23.2067
                  25                 260                   0             15.0213             7.95455             22.9759
                  25                 270                   0              16.282             2.27273             18.5547
                  25                 280                   0             17.1165             2.27273             19.3892
                  25                 290                   0             18.2528             2.84091             21.0938
                  25                 300                   0             19.3182             5.68182                  25
                  25                 310                   0             21.1648                6.25             27.4148
                  25                 320                   0             22.7273                6.25             28.9773
                  25                 330                   0             23.7393             5.68182             29.4212
                  25                 340                   0             24.5561             5.68182             30.2379
                  25                 350                   0             25.3729             5.68182             31.0547
                  25                 360                   0              25.657             5.68182             31.3388
                  25                 370                   0             25.9766             5.68182             31.6584
                  25                 380                   0             26.9354             5.68182             32.6172
                  25                 390                   0             27.5746             5.68182             33.2564
                  25                 400                   0             28.5334             5.68182             34.2152
                  25                 410                   0             29.5099             1.13636             30.6463
                  25                 420                   0             30.2379             1.13636             31.3743
                  25                 430                   0             31.3565             1.13636             32.4929
                  25                 440                   0             31.7827             1.13636              32.919
                  25                 450                   0             32.4396             1.13636              33.576
                  25                 460                   0             32.5462             1.13636             33.6825
                  25                 470                   0             33.6648             1.13636             34.8011
                  25                 480                   0             33.9311             1.13636             35.0675
                  25                 490                   0             34.1264             1.13636             35.2628
                  25                 500                   0             34.1974             1.13636             35.3338
                  25                 510                   0             35.5646             1.13636              36.701
                  25                 520                   0             35.6889             1.13636             36.8253
                  25                 530                   0              35.973             1.13636             37.1094
                  25                 540                   0             36.9318             1.13636             38.0682
                  25                 550                   0             37.8374             1.13636             38.9737
                  25                 560                   0             38.1037             1.13636             39.2401
                  25                 570                   0             39.4886             1.13636              40.625
                  25                 580                   0             40.2344             1.13636             41.3707
                  25                 590                   0             41.1932             1.13636             42.3295
                  25                 600                   0             41.4595             1.13636             42.5959
                  25                 610                   0             42.1165             1.13636             43.2528
                  25                 620                   0             42.6136             1.13636               43.75
                  25                 630                   0             43.2884             1.13636             44.4247
                  25                 640                   0             43.4659             1.13636             44.6023
                  25                 650                   0             44.1761             1.13636             45.3125
                  25                 660                   0             44.5312             1.13636             45.6676
                  25                 670                   0             46.4489             1.13636             47.5852
                  25                 680                   0             46.9105             1.13636             48.0469
                  25                 690                   0             47.5142             1.13636             48.6506
                  25                 700                   0             47.8161             1.13636             48.9524
                  25                 710                   0             48.0824             1.13636             49.2188
                  25                 720                   0             49.3253             1.13636             50.4616
                  25                 730                   0             49.7692             1.13636             50.9055
                  25                 740                   0             51.1541             1.13636             52.2905
                  25                 750                   0             52.2905             1.13636             53.4268
                  25                 760                   0             53.6399             1.13636             54.7763
                  25                 770                   0              53.924             1.13636             55.0604
                  25                 780                   0             54.1726             1.13636             55.3089
                  25                 790                   0             55.3622             1.13636             56.4986
                  25                 800                   0             56.0724             1.13636             57.2088
                  25                 810                   0             57.3331             1.13636             58.4695
                  25                 820                   0             58.0078             1.13636             59.1442
                  25                 830                   0             58.8601             1.13636             59.9964
                  25                 840                   0             59.4638             1.13636             60.6001
                  25                 850                   0             59.9609             1.13636             61.0973
                  25                 860                   0             60.1918             1.13636             61.3281
                  25                 870                   0             60.6179             1.13636             61.7543
                  25                 880                   0             60.9553             1.13636             62.0916
                  25                 890                   0             61.0618             1.13636             62.1982
                  25                 900                   0             61.5234             1.13636             62.6598
                  25                 910                   0             61.5767             1.13636             62.7131
                  25                 920                   0             61.9673             1.13636             63.1037
                  25                 930                   0             62.4112             1.13636             63.5476
                  25                 940                   0             62.6065             1.13636             63.7429
                  25                 950                   0             63.0149             1.13636             64.1513
                  25                 960                   0              63.299             1.13636             64.4354
                  25                 970                   0             63.3523             1.13636             64.4886
                  25                 980                   0             63.4411             1.13636             64.5774
                  25                 990                   0             63.7074             1.13636             64.8438
                  25                1000                   0             64.2223             1.13636             65.3587
