                  35                   0                   0             7.54616             21.5909             29.1371
                  35                  10                   0             8.16761             21.0227             29.1903
                  35                  20                   0             8.14986             22.7273             30.8771
                  35                  30                   0             9.00213             22.1591             31.1612
                  35                  40                   0             8.96662             19.3182             28.2848
                  35                  50                   0             9.46378             19.3182              28.782
                  35                  60                   0             9.96094             17.6136             27.5746
                  35                  70                   0             10.6357             14.2045             24.8402
                  35                  80                   0             11.2038             13.6364             24.8402
                  35                  90                   0             11.7365             13.0682             24.8047
                  35                 100                   0             12.6065             13.0682             25.6747
                  35                 110                   0             13.6186             18.1818             31.8004
                  35                 120                   0             14.3643             10.7955             25.1598
                  35                 130                   0             15.4474             10.7955             26.2429
                  35                 140                   0             16.4773                12.5             28.9773
                  35                 150                   0             17.2763             9.09091             26.3672
                  35                 160                   0              18.093             6.81818             24.9112
                  35                 170                   0              18.821             3.97727             22.7983
                  35                 180                   0             18.7322             7.95455             26.6868
                  35                 190                   0             19.3182             7.95455             27.2727
                  35                 200                   0             19.7976             7.95455             27.7521
                  35                 210                   0             20.3125             6.81818             27.1307
                  35                 220                   0             22.0526             3.40909             25.4616
                  35                 230                   0             24.2365             1.70455             25.9411
                  35                 240                   0             24.5916             1.70455             26.2962
                  35                 250                   0             25.1953             1.70455             26.8999
                  35                 260                   0              25.728             1.70455             27.4325
                  35                 270                   0             26.1896             1.70455             27.8942
                  35                 280                   0             26.7578             1.70455             28.4624
                  35                 290                   0              27.983             1.70455             29.6875
                  35                 300                   0             29.6342             1.70455             31.3388
                  35                 310                   0             30.7351             1.70455             32.4396
                  35                 320                   0             31.8004             1.13636             32.9368
                  35                 330                   0             32.5107             1.13636              33.647
                  35                 340                   0             33.1499             1.13636             34.2862
                  35                 350                   0             33.8956             1.13636              35.032
                  35                 360                   0             34.7479             1.13636             35.8842
                  35                 370                   0             35.6179             1.13636             36.7543
                  35                 380                   0             36.1328             1.13636             37.2692
                  35                 390                   0             36.3991             1.13636             37.5355
                  35                 400                   0             36.5767             1.13636             37.7131
                  35                 410                   0             36.6832             1.13636             37.8196
                  35                 420                   0              36.772             1.13636             37.9084
                  35                 430                   0             37.8196             1.13636              38.956
                  35                 440                   0             38.4233             1.13636             39.5597
                  35                 450                   0             38.4943             1.13636             39.6307
                  35                 460                   0             38.9915             1.13636             40.1278
                  35                 470                   0             39.3821             1.13636             40.5185
                  35                 480                   0             39.5597             1.13636              40.696
                  35                 490                   0             40.0213             1.13636             41.1577
                  35                 500                   0             40.6428             1.13636             41.7791
                  35                 510                   0             41.3352             1.13636             42.4716
                  35                 520                   0             41.7969             1.13636             42.9332
                  35                 530                   0             42.0099             1.13636             43.1463
                  35                 540                   0             42.6314             1.13636             43.7678
                  35                 550                   0              42.951             1.13636             44.0874
                  35                 560                   0             43.3771             1.13636             44.5135
                  35                 570                   0             43.8388             1.13636             44.9751
                  35                 580                   0              44.478             1.13636             45.6143
                  35                 590                   0             45.6854             1.13636             46.8217
                  35                 600                   0             46.0227             1.13636             47.1591
                  35                 610                   0             48.0469             1.13636             49.1832
                  35                 620                   0             48.8459             1.13636             49.9822
                  35                 630                   0             49.5028             1.13636             50.6392
                  35                 640                   0             51.0831             1.13636             52.2195
                  35                 650                   0             51.5447             1.13636             52.6811
                  35                 660                   0              51.669             1.13636             52.8054
                  35                 670                   0             52.2195             1.13636             53.3558
                  35                 680                   0             52.4325             1.13636             53.5689
                  35                 690                   0             52.6989             1.13636             53.8352
                  35                 700                   0             52.9474             1.13636             54.0838
                  35                 710                   0             55.5043             1.13636             56.6406
                  35                 720                   0             55.5753             1.13636             56.7116
                  35                 730                   0             56.0724             1.13636             57.2088
                  35                 740                   0             56.2145             1.13636             57.3509
                  35                 750                   0             56.6406             1.13636              57.777
                  35                 760                   0              57.049             1.13636             58.1854
                  35                 770                   0             57.5639             1.13636             58.7003
                  35                 780                   0             58.3097             1.13636              59.446
                  35                 790                   0             59.4993             1.13636             60.6357
                  35                 800                   0             59.9964             1.13636             61.1328
                  35                 810                   0             60.4048             1.13636             61.5412
                  35                 820                   0             61.5589             1.13636             62.6953
                  35                 830                   0             61.7543             1.13636             62.8906
                  35                 840                   0             61.9496             1.13636             63.0859
                  35                 850                   0             62.4467             1.13636             63.5831
                  35                 860                   0             62.7131             1.13636             63.8494
                  35                 870                   0             62.7841             1.13636             63.9205
                  35                 880                   0             63.2102             1.13636             64.3466
                  35                 890                   0             63.4588             1.13636             64.5952
                  35                 900                   0             63.6009             1.13636             64.7372
                  35                 910                   0             63.9027             1.13636             65.0391
                  35                 920                   0              64.027             1.13636             65.1634
                  35                 930                   0              64.027             1.13636             65.1634
                  35                 940                   0             64.0447             1.13636             65.1811
                  35                 950                   0             64.2756             1.13636             65.4119
                  35                 960                   0             64.4176             1.13636              65.554
                  35                 970                   0             64.5241             1.13636             65.6605
                  35                 980                   0             64.5774             1.13636             65.7138
                  35                 990                   0             64.7372             1.13636             65.8736
                  35                1000                   0             65.2166             1.13636              66.353
