                  40                   0                   0             9.60582             17.6136             27.2195
                  40                  10                   0             10.3516             17.6136             27.9652
                  40                  20                   0             10.5646             19.3182             29.8828
                  40                  30                   0             11.0973               18.75             29.8473
                  40                  40                   0             11.6477               18.75             30.3977
                  40                  50                   0             12.2869             15.9091              28.196
                  40                  60                   0             13.3345             13.0682             26.4027
                  40                  70                   0             13.4943             15.3409             28.8352
                  40                  80                   0             14.8082             15.9091             30.7173
                  40                  90                   0             16.1044             11.9318             28.0362
                  40                 100                   0             16.7259             10.2273             26.9531
                  40                 110                   0             17.6669             9.65909              27.326
                  40                 120                   0             18.9276             8.52273             27.4503
                  40                 130                   0             19.1229                6.25             25.3729
                  40                 140                   0             19.9219             6.81818             26.7401
                  40                 150                   0             20.4545             5.11364             25.5682
                  40                 160                   0             20.9695             5.11364             26.0831
                  40                 170                   0             21.0938             9.09091             30.1847
                  40                 180                   0             22.9048             7.38636             30.2912
                  40                 190                   0             24.0767             3.40909             27.4858
                  40                 200                   0              24.858             3.40909              28.267
                  40                 210                   0             25.2841             3.40909             28.6932
                  40                 220                   0             26.2784             2.27273             28.5511
                  40                 230                   0             26.8821             1.70455             28.5866
                  40                 240                   0              27.397             1.70455             29.1016
                  40                 250                   0             27.9119             1.70455             29.6165
                  40                 260                   0             29.3146             1.70455             31.0192
                  40                 270                   0             30.8416             1.70455             32.5462
                  40                 280                   0             32.2088             1.70455             33.9134
                  40                 290                   0             33.4872             1.70455             35.1918
                  40                 300                   0             34.0199             1.70455             35.7244
                  40                 310                   0             34.8544             1.70455             36.5589
                  40                 320                   0             35.5114             1.13636             36.6477
                  40                 330                   0             35.6534             1.13636             36.7898
                  40                 340                   0             36.4169             1.13636             37.5533
                  40                 350                   0             37.1449             1.13636             38.2812
                  40                 360                   0              37.429             1.13636             38.5653
                  40                 370                   0             37.5178             1.13636             38.6541
                  40                 380                   0             37.6243             1.13636             38.7607
                  40                 390                   0             37.6776             1.13636             38.8139
                  40                 400                   0             38.1747             1.13636             39.3111
                  40                 410                   0             38.3345             1.13636             39.4709
                  40                 420                   0             38.9382             1.13636             40.0746
                  40                 430                   0             39.0625             1.13636             40.1989
                  40                 440                   0             39.2933             1.13636             40.4297
                  40                 450                   0             39.5774             1.13636             40.7138
                  40                 460                   0              39.755             1.13636             40.8913
                  40                 470                   0             40.7848             1.13636             41.9212
                  40                 480                   0             41.3175             1.13636             42.4538
                  40                 490                   0             42.0632             1.13636             43.1996
                  40                 500                   0             43.1641             1.13636             44.3004
                  40                 510                   0             43.4126             1.13636              44.549
                  40                 520                   0             43.9986             1.13636             45.1349
                  40                 530                   0             44.2472             1.13636             45.3835
                  40                 540                   0             44.8509             1.13636             45.9872
                  40                 550                   0             45.8274             1.13636             46.9638
                  40                 560                   0              46.218             1.13636             47.3544
                  40                 570                   0             46.8395             1.13636             47.9759
                  40                 580                   0             47.9936             1.13636               49.13
                  40                 590                   0              49.201             1.13636             50.3374
                  40                 600                   0             50.9943             1.13636             52.1307
                  40                 610                   0             51.5092             1.13636             52.6456
                  40                 620                   0             51.9176             1.13636              53.054
                  40                 630                   0             52.4148             1.13636             53.5511
                  40                 640                   0             52.5746             1.13636             53.7109
                  40                 650                   0             53.2315             1.13636             54.3679
                  40                 660                   0             53.3736             1.13636             54.5099
                  40                 670                   0             54.3679             1.13636             55.5043
                  40                 680                   0              54.652             1.13636             55.7884
                  40                 690                   0             56.0192             1.13636             57.1555
                  40                 700                   0             56.2145             1.13636             57.3509
                  40                 710                   0             56.5874             1.13636             57.7237
                  40                 720                   0              56.907             1.13636             58.0433
                  40                 730                   0             57.5817             1.13636              58.718
                  40                 740                   0              58.647             1.13636             59.7834
                  40                 750                   0             59.6768             1.13636             60.8132
                  40                 760                   0             59.8899             1.13636             61.0263
                  40                 770                   0             60.4759             1.13636             61.6122
                  40                 780                   0             61.0263             1.13636             62.1626
                  40                 790                   0              61.772             1.13636             62.9084
                  40                 800                   0             62.0028             1.13636             63.1392
                  40                 810                   0             62.1982             1.13636             63.3345
                  40                 820                   0             62.2869             1.13636             63.4233
                  40                 830                   0             62.7841             1.13636             63.9205
                  40                 840                   0             62.8729             1.13636             64.0092
                  40                 850                   0             63.3168             1.13636             64.4531
                  40                 860                   0               63.37             1.13636             64.5064
                  40                 870                   0             63.5298             1.13636             64.6662
                  40                 880                   0             63.6364             1.13636             64.7727
                  40                 890                   0             63.7784             1.13636             64.9148
                  40                 900                   0             64.0092             1.13636             65.1456
                  40                 910                   0              64.098             1.13636             65.2344
                  40                 920                   0             64.2933             1.13636             65.4297
                  40                 930                   0             64.3111             1.13636             65.4474
                  40                 940                   0             64.4886             1.13636              65.625
                  40                 950                   0             64.5774             1.13636             65.7138
                  40                 960                   0             64.7372             1.13636             65.8736
                  40                 970                   0             64.7372             1.13636             65.8736
                  40                 980                   0             65.3942             1.13636             66.5305
                  40                 990                   0             65.6072             1.13636             66.7436
                  40                1000                   0             65.7138             1.13636             66.8501
