                  85                   0                   0             30.5398             7.38636             37.9261
                  85                  10                   0             32.2443             5.11364              37.358
                  85                  20                   0             32.6882             4.54545             37.2337
                  85                  30                   0             31.5696             8.52273             40.0923
                  85                  40                   0             32.3509             5.11364             37.4645
                  85                  50                   0             32.9545             5.11364             38.0682
                  85                  60                   0             33.9666             3.97727             37.9439
                  85                  70                   0             34.8011             3.40909             38.2102
                  85                  80                   0             35.6712             2.84091             38.5121
                  85                  90                   0              35.902             2.84091             38.7429
                  85                 100                   0             36.4702             3.40909             39.8793
                  85                 110                   0             36.7898             3.40909             40.1989
                  85                 120                   0             37.1982             3.40909             40.6072
                  85                 130                   0             37.6953             3.40909             41.1044
                  85                 140                   0             38.0504             2.84091             40.8913
                  85                 150                   0             38.1747             2.84091             41.0156
                  85                 160                   0             38.3878             2.84091             41.2287
                  85                 170                   0             39.2401             2.84091              42.081
                  85                 180                   0             39.6839             2.84091             42.5249
                  85                 190                   0             40.4119             2.84091             43.2528
                  85                 200                   0             40.8913             2.27273             43.1641
                  85                 210                   0             42.1875             1.70455              43.892
                  85                 220                   0             42.7912             1.70455             44.4957
                  85                 230                   0             43.0398             1.70455             44.7443
                  85                 240                   0             43.2351             1.70455             44.9396
                  85                 250                   0             43.6257             1.70455             45.3303
                  85                 260                   0             44.1406             1.70455             45.8452
                  85                 270                   0             44.8509             1.70455             46.5554
                  85                 280                   0             45.2947             1.70455             46.9993
                  85                 290                   0             45.5966             1.70455             47.3011
                  85                 300                   0             47.1591             1.70455             48.8636
                  85                 310                   0             48.1889             1.13636             49.3253
                  85                 320                   0              48.544             1.13636             49.6804
                  85                 330                   0             48.9169             1.13636             50.0533
                  85                 340                   0             49.8935             1.13636             51.0298
                  85                 350                   0             50.5682             1.13636             51.7045
                  85                 360                   0             50.9411             1.13636             52.0774
                  85                 370                   0             52.0241             1.13636             53.1605
                  85                 380                   0             54.4389             1.13636             55.5753
                  85                 390                   0              56.179             1.13636             57.3153
                  85                 400                   0             57.5994             1.13636             58.7358
                  85                 410                   0             58.3629             1.13636             59.4993
                  85                 420                   0             60.1918             1.13636             61.3281
                  85                 430                   0             61.9496             1.13636             63.0859
                  85                 440                   0             62.8906             1.13636              64.027
                  85                 450                   0             64.7727             1.13636             65.9091
                  85                 460                   0             65.7493             1.13636             66.8857
                  85                 470                   0             66.1222             1.13636             67.2585
                  85                 480                   0             67.0632             1.13636             68.1996
                  85                 490                   0             68.2173             1.13636             69.3537
                  85                 500                   0             68.5192             1.13636             69.6555
                  85                 510                   0             68.8565             1.13636             69.9929
                  85                 520                   0             69.1761             1.13636             70.3125
                  85                 530                   0             69.8153             1.13636             70.9517
                  85                 540                   0             74.4673             1.13636             75.6037
                  85                 550                   0              75.657             1.13636             76.7933
                  85                 560                   0             76.2429             1.13636             77.3793
                  85                 570                   0             76.5803             1.13636             77.7166
                  85                 580                   0             77.4325             1.13636             78.5689
                  85                 590                   0             78.3558             1.13636             79.4922
                  85                 600                   0             79.2969             1.13636             80.4332
                  85                 610                   0             79.3324             1.13636             80.4688
                  85                 620                   0             79.3501             1.13636             80.4865
                  85                 630                   0             79.5099             1.13636             80.6463
                  85                 640                   0             79.7585             1.13636             80.8949
                  85                 650                   0             81.1435             1.13636             82.2798
                  85                 660                   0             82.8835             1.13636             84.0199
                  85                 670                   0             83.1499             1.13636             84.2862
                  85                 680                   0              83.576             1.13636             84.7124
                  85                 690                   0             83.8601             1.13636             84.9964
                  85                 700                   0             85.0497             1.13636             86.1861
                  85                 710                   0             85.2273             1.13636             86.3636
                  85                 720                   0             85.3161             1.13636             86.4524
                  85                 730                   0             88.0682            0.568182             88.6364
                  85                 740                   0             88.1747            0.568182             88.7429
                  85                 750                   0              88.228            0.568182             88.7962
                  85                 760                   0             88.6186            0.568182             89.1868
                  85                 770                   0             88.8317            0.568182             89.3999
                  85                 780                   0             88.8672            0.568182             89.4354
                  85                 790                   0             89.2933            0.568182             89.8615
                  85                 800                   0             89.4354            0.568182             90.0036
                  85                 810                   0             89.9503            0.568182             90.5185
                  85                 820                   0             90.0391            0.568182             90.6072
                  85                 830                   0             90.0746            0.568182             90.6428
                  85                 840                   0             90.1456            0.568182             90.7138
                  85                 850                   0             90.3764            0.568182             90.9446
                  85                 860                   0              90.483            0.568182             91.0511
                  85                 870                   0             90.5895            0.568182             91.1577
                  85                 880                   0             90.9801            0.568182             91.5483
                  85                 890                   0             91.0156            0.568182             91.5838
                  85                 900                   0             91.7436            0.568182             92.3118
                  85                 910                   0             91.8679            0.568182             92.4361
                  85                 920                   0             91.9034            0.568182             92.4716
                  85                 930                   0             92.0099            0.568182             92.5781
                  85                 940                   0              92.081            0.568182             92.6491
                  85                 950                   0             92.1342            0.568182             92.7024
                  85                 960                   0             92.1342            0.568182             92.7024
                  85                 970                   0             92.1342            0.568182             92.7024
                  85                 980                   0              92.152            0.568182             92.7202
                  85                 990                   0              92.152            0.568182             92.7202
                  85                1000                   0             92.2763            0.568182             92.8445
