                  15                   0                   0            0.639205             47.7273             48.3665
                  15                  10                   0             0.78125             44.3182             45.0994
                  15                  20                   0            0.958807             42.0455             43.0043
                  15                  30                   0             1.04759             41.4773             42.5249
                  15                  40                   0             1.27841             39.7727             41.0511
                  15                  50                   0             1.36719             39.2045             40.5717
                  15                  60                   0             1.66903             35.7955             37.4645
                  15                  70                   0             1.63352             34.0909             35.7244
                  15                  80                   0             1.75781             31.8182              33.576
                  15                  90                   0             1.97088             30.1136             32.0845
                  15                 100                   0             1.89986             30.6818             32.5817
                  15                 110                   0             2.11293             27.8409             29.9538
                  15                 120                   0             2.30824             25.5682             27.8764
                  15                 130                   0             2.62784             25.5682              28.196
                  15                 140                   0             2.78764             22.7273             25.5149
                  15                 150                   0              3.4446             21.5909             25.0355
                  15                 160                   0             3.95952             20.4545             24.4141
                  15                 170                   0             4.27912             20.4545             24.7337
                  15                 180                   0             3.72869             15.9091             19.6378
                  15                 190                   0             4.01278             14.2045             18.2173
                  15                 200                   0             4.38565             14.2045             18.5902
                  15                 210                   0             4.79403             13.6364             18.4304
                  15                 220                   0             5.87713             8.52273             14.3999
                  15                 230                   0             5.89489             10.2273             16.1222
                  15                 240                   0             6.12571             9.65909             15.7848
                  15                 250                   0             6.96023                12.5             19.4602
                  15                 260                   0             7.43963             13.0682             20.5078
                  15                 270                   0             7.68821             13.0682             20.7564
                  15                 280                   0              7.9723                12.5             20.4723
                  15                 290                   0             8.57599                12.5              21.076
                  15                 300                   0             9.30398                12.5              21.804
                  15                 310                   0             9.73011                12.5             22.2301
                  15                 320                   0             10.6001             11.9318              22.532
                  15                 330                   0             10.8487             10.2273              21.076
                  15                 340                   0             11.2216             10.2273             21.4489
                  15                 350                   0             11.4702             11.3636             22.8338
                  15                 360                   0             13.0327             11.3636             24.3963
                  15                 370                   0             13.5831             11.3636             24.9467
                  15                 380                   0              13.956             7.38636             21.3423
                  15                 390                   0             14.7017             6.81818             21.5199
                  15                 400                   0             15.2166             5.68182             20.8984
                  15                 410                   0             15.5895             5.68182             21.2713
                  15                 420                   0             15.9268             5.68182             21.6087
                  15                 430                   0             16.4418             5.68182             22.1236
                  15                 440                   0             16.5305             5.68182             22.2124
                  15                 450                   0             17.7202             5.68182              23.402
                  15                 460                   0             18.0398             5.68182             23.7216
                  15                 470                   0              21.005             1.13636             22.1413
                  15                 480                   0              21.946             1.13636             23.0824
                  15                 490                   0             22.1768             1.13636             23.3132
                  15                 500                   0             22.0881             1.13636             23.2244
                  15                 510                   0             22.3189             1.13636             23.4553
                  15                 520                   0             22.9759             1.13636             24.1122
                  15                 530                   0             23.4908             1.13636             24.6271
                  15                 540                   0              24.343             5.68182             30.0249
                  15                 550                   0             24.5739             5.68182             30.2557
                  15                 560                   0             24.7869             5.68182             30.4688
                  15                 570                   0             24.9645             5.68182             30.6463
                  15                 580                   0              25.071             1.13636             26.2074
                  15                 590                   0             26.1541             1.13636             27.2905
                  15                 600                   0             26.4382             1.13636             27.5746
                  15                 610                   0             27.1839             1.13636             28.3203
                  15                 620                   0             30.2202             1.13636             31.3565
                  15                 630                   0             31.0724             1.13636             32.2088
                  15                 640                   0              31.978             1.13636             33.1143
                  15                 650                   0             33.0966             1.13636              34.233
                  15                 660                   0             33.2919             1.13636             34.4283
                  15                 670                   0             34.3395             1.13636             35.4759
                  15                 680                   0             34.9077             1.13636              36.044
                  15                 690                   0             37.9261             1.13636             39.0625
                  15                 700                   0             38.8139             1.13636             39.9503
                  15                 710                   0             38.8494             1.13636             39.9858
                  15                 720                   0             39.4531             1.13636             40.5895
                  15                 730                   0             40.0746             1.13636             41.2109
                  15                 740                   0             40.6072             1.13636             41.7436
                  15                 750                   0              41.495             1.13636             42.6314
                  15                 760                   0             42.6491             1.13636             43.7855
                  15                 770                   0             43.4837             1.13636               44.62
                  15                 780                   0              45.348             1.13636             46.4844
                  15                 790                   0             46.6797             1.13636             47.8161
                  15                 800                   0             47.1946             1.13636              48.331
                  15                 810                   0             47.6562             1.13636             48.7926
                  15                 820                   0             46.3956             1.13636              47.532
                  15                 830                   0             46.4489             1.13636             47.5852
                  15                 840                   0             46.6797             1.13636             47.8161
                  15                 850                   0             49.2188             1.13636             50.3551
                  15                 860                   0             50.0888             1.13636             51.2251
                  15                 870                   0             50.3196             1.13636              51.456
                  15                 880                   0             52.0419             1.13636             53.1783
                  15                 890                   0             52.4148             1.13636             53.5511
                  15                 900                   0             53.4091             1.13636             54.5455
                  15                 910                   0             54.0661             1.13636             55.2024
                  15                 920                   0             54.1726             1.13636             55.3089
                  15                 930                   0             55.5575             1.13636             56.6939
                  15                 940                   0             56.0192             1.13636             57.1555
                  15                 950                   0              56.978             1.13636             58.1143
                  15                 960                   0             57.1555             1.13636             58.2919
                  15                 970                   0             57.3509             1.13636             58.4872
                  15                 980                   0             57.5994             1.13636             58.7358
                  15                 990                   0             57.8658             1.13636             59.0021
                  15                1000                   0              59.233             1.13636             60.3693
