                  90                   0                   0              31.321             5.68182             37.0028
                  90                  10                   0             33.2919             4.54545             37.8374
                  90                  20                   0              32.049             8.52273             40.5717
                  90                  30                   0             33.0256             4.54545              37.571
                  90                  40                   0             33.8778             5.11364             38.9915
                  90                  50                   0             34.9964             3.40909             38.4055
                  90                  60                   0             35.4581             3.40909             38.8672
                  90                  70                   0             35.7599             3.97727             39.7372
                  90                  80                   0             37.4112             2.84091             40.2521
                  90                  90                   0             37.7841             2.84091              40.625
                  90                 100                   0             38.3345             2.84091             41.1754
                  90                 110                   0             38.6364             2.84091             41.4773
                  90                 120                   0             38.9205             2.84091             41.7614
                  90                 130                   0             39.4886             2.84091             42.3295
                  90                 140                   0             39.9858             2.84091             42.8267
                  90                 150                   0             40.4652             2.84091             43.3061
                  90                 160                   0             40.5895             2.84091             43.4304
                  90                 170                   0             41.0334             2.84091             43.8743
                  90                 180                   0             41.6548             2.84091             44.4957
                  90                 190                   0             42.3118             2.27273             44.5845
                  90                 200                   0             42.8089             2.27273             45.0817
                  90                 210                   0             43.0575             1.70455             44.7621
                  90                 220                   0             43.2351             1.70455             44.9396
                  90                 230                   0             43.7678             1.70455             45.4723
                  90                 240                   0             44.1761             1.70455             45.8807
                  90                 250                   0             44.6555             1.70455             46.3601
                  90                 260                   0             45.1172             1.70455             46.8217
                  90                 270                   0             46.3246             1.70455             48.0291
                  90                 280                   0              47.745             1.70455             49.4496
                  90                 290                   0             48.7216             1.70455             50.4261
                  90                 300                   0             49.7159             1.70455             51.4205
                  90                 310                   0             50.5327             1.13636              51.669
                  90                 320                   0             51.2784             1.13636             52.4148
                  90                 330                   0             52.5923             1.13636             53.7287
                  90                 340                   0             54.5987             1.13636             55.7351
                  90                 350                   0              55.522             1.13636             56.6584
                  90                 360                   0              58.505             1.13636             59.6413
                  90                 370                   0             59.6236             1.13636             60.7599
                  90                 380                   0             60.2983             1.13636             61.4347
                  90                 390                   0             61.8963             1.13636             63.0327
                  90                 400                   0             66.3352             1.13636             67.4716
                  90                 410                   0             66.8501             1.13636             67.9865
                  90                 420                   0             67.6491             1.13636             68.7855
                  90                 430                   0               68.75             1.13636             69.8864
                  90                 440                   0              70.348             1.13636             71.4844
                  90                 450                   0             71.7507             1.13636             72.8871
                  90                 460                   0             72.4254             1.13636             73.5618
                  90                 470                   0             73.4908             1.13636             74.6271
                  90                 480                   0             73.9347             1.13636              75.071
                  90                 490                   0              75.728             1.13636             76.8643
                  90                 500                   0             76.1009             1.13636             77.2372
                  90                 510                   0             76.8821             1.13636             78.0185
                  90                 520                   0             77.9652             1.13636             79.1016
                  90                 530                   0             79.7585             1.13636             80.8949
                  90                 540                   0             83.2919            0.568182             83.8601
                  90                 550                   0             83.6825            0.568182             84.2507
                  90                 560                   0             83.8778            0.568182              84.446
                  90                 570                   0             84.2685            0.568182             84.8366
                  90                 580                   0             84.3928            0.568182             84.9609
                  90                 590                   0             84.4283            0.568182             84.9964
                  90                 600                   0             84.5703            0.568182             85.1385
                  90                 610                   0             84.7124            0.568182             85.2805
                  90                 620                   0             85.0675            0.568182             85.6357
                  90                 630                   0             85.4403            0.568182             86.0085
                  90                 640                   0             86.3636            0.568182             86.9318
                  90                 650                   0             87.1271            0.568182             87.6953
                  90                 660                   0             87.2692            0.568182             87.8374
                  90                 670                   0             87.6598            0.568182              88.228
                  90                 680                   0             87.8374            0.568182             88.4055
                  90                 690                   0             87.9972            0.568182             88.5653
                  90                 700                   0             88.0682            0.568182             88.6364
                  90                 710                   0             88.2102            0.568182             88.7784
                  90                 720                   0             88.5653            0.568182             89.1335
                  90                 730                   0             88.5653            0.568182             89.1335
                  90                 740                   0             88.6896            0.568182             89.2578
                  90                 750                   0             88.8494            0.568182             89.4176
                  90                 760                   0             89.3821            0.568182             89.9503
                  90                 770                   0              89.826            0.568182             90.3942
                  90                 780                   0             89.9325            0.568182             90.5007
                  90                 790                   0             89.9325            0.568182             90.5007
                  90                 800                   0             90.2521            0.568182             90.8203
                  90                 810                   0             90.2699            0.568182             90.8381
                  90                 820                   0             90.3409            0.568182             90.9091
                  90                 830                   0             90.5717            0.568182             91.1399
                  90                 840                   0             90.6605            0.568182             91.2287
                  90                 850                   0             90.6783            0.568182             91.2464
                  90                 860                   0             90.9446            0.568182             91.5128
                  90                 870                   0             91.2642            0.568182             91.8324
                  90                 880                   0             91.5661            0.568182             92.1342
                  90                 890                   0             92.0987            0.568182             92.6669
                  90                 900                   0             92.1165            0.568182             92.6847
                  90                 910                   0             92.4361            0.568182             93.0043
                  90                 920                   0             92.4538            0.568182              93.022
                  90                 930                   0             92.5071            0.568182             93.0753
                  90                 940                   0             92.5426            0.568182             93.1108
                  90                 950                   0             92.5604            0.568182             93.1286
                  90                 960                   0             92.8977            0.568182             93.4659
                  90                 970                   0              92.951            0.568182             93.5192
                  90                 980                   0             93.1286            0.568182             93.6967
                  90                 990                   0             93.1286            0.568182             93.6967
                  90                1000                   0             93.1286            0.568182             93.6967
