                   5                   0                   0                   0             84.0909             84.0909
                   5                  10                   0                   0             84.0909             84.0909
                   5                  20                   0           0.0177557             85.2273              85.245
                   5                  30                   0           0.0177557             82.3864             82.4041
                   5                  40                   0           0.0177557               81.25             81.2678
                   5                  50                   0           0.0355114             75.5682             75.6037
                   5                  60                   0           0.0355114             76.1364             76.1719
                   5                  70                   0           0.0355114             73.8636             73.8991
                   5                  80                   0            0.106534               68.75             68.8565
                   5                  90                   0            0.053267             64.2045             64.2578
                   5                 100                   0             0.12429             59.0909             59.2152
                   5                 110                   0            0.159801             56.8182              56.978
                   5                 120                   0            0.230824               56.25             56.4808
                   5                 130                   0            0.284091             51.1364             51.4205
                   5                 140                   0            0.284091             45.4545             45.7386
                   5                 150                   0            0.301847               43.75             44.0518
                   5                 160                   0            0.479403             39.7727             40.2521
                   5                 170                   0            0.603693             38.0682             38.6719
                   5                 180                   0             0.78125             31.8182             32.5994
                   5                 190                   0             0.90554             27.8409             28.7464
                   5                 200                   0            0.994318             24.4318             25.4261
                   5                 210                   0              1.7223             26.1364             27.8587
                   5                 220                   0             1.91761             27.2727             29.1903
                   5                 230                   0             2.00639             25.5682             27.5746
                   5                 240                   0              2.0419             27.2727             29.3146
                   5                 250                   0             2.27273                  25             27.2727
                   5                 260                   0             2.71662             17.6136             20.3303
                   5                 270                   0             2.98295             16.4773             19.4602
                   5                 280                   0             3.07173             13.0682             16.1399
                   5                 290                   0             3.49787             14.7727             18.2706
                   5                 300                   0             3.67543             11.9318             15.6072
                   5                 310                   0             3.90625             23.2955             27.2017
                   5                 320                   0             4.22585             22.1591             26.3849
                   5                 330                   0             4.56321             21.5909             26.1541
                   5                 340                   0             4.74077             21.0227             25.7635
                   5                 350                   0             5.13139             21.0227             26.1541
                   5                 360                   0             5.43324             21.0227              26.456
                   5                 370                   0              5.6108             21.0227             26.6335
                   5                 380                   0             5.96591             21.0227             26.9886
                   5                 390                   0             6.26776             20.4545             26.7223
                   5                 400                   0             6.78267             17.0455             23.8281
                   5                 410                   0             7.01349             15.9091             22.9226
                   5                 420                   0             7.40412             15.9091             23.3132
                   5                 430                   0             8.39844             13.0682             21.4666
                   5                 440                   0             8.82457             13.0682             21.8928
                   5                 450                   0             9.10866             13.0682             22.1768
                   5                 460                   0             9.80114             7.95455             17.7557
                   5                 470                   0              10.831             7.95455             18.7855
                   5                 480                   0             11.2749             7.95455             19.2294
                   5                 490                   0             12.0384             7.38636             19.4247
                   5                 500                   0             12.2514             7.38636             19.6378
                   5                 510                   0             12.4645             7.38636             19.8509
                   5                 520                   0             12.2692             7.38636             19.6555
                   5                 530                   0             12.6953                6.25             18.9453
                   5                 540                   0             12.9261                6.25             19.1761
                   5                 550                   0             13.2102                6.25             19.4602
                   5                 560                   0             14.2401                6.25             20.4901
                   5                 570                   0             13.6186             6.81818             20.4368
                   5                 580                   0             14.5597             6.81818             21.3778
                   5                 590                   0             15.0923             6.81818             21.9105
                   5                 600                   0             15.3232             6.81818             22.1413
                   5                 610                   0             15.6428             6.81818             22.4609
                   5                 620                   0             16.6726             6.81818             23.4908
                   5                 630                   0             17.5781             6.81818             24.3963
                   5                 640                   0             18.1286             6.81818             24.9467
                   5                 650                   0             20.5611             6.81818             27.3793
                   5                 660                   0             20.5611                6.25             26.8111
                   5                 670                   0             21.3778                6.25             27.6278
                   5                 680                   0             21.8395                6.25             28.0895
                   5                 690                   0             22.4254                6.25             28.6754
                   5                 700                   0             23.3665                6.25             29.6165
                   5                 710                   0             22.8693                6.25             29.1193
                   5                 720                   0             23.0291                6.25             29.2791
                   5                 730                   0             25.4261                6.25             31.6761
                   5                 740                   0             25.9766                6.25             32.2266
                   5                 750                   0             25.7102                6.25             31.9602
                   5                 760                   0             26.0653                6.25             32.3153
                   5                 770                   0             25.6214             1.70455              27.326
                   5                 780                   0             25.9411             1.70455             27.6456
                   5                 790                   0             28.1605                6.25             34.4105
                   5                 800                   0             28.8885             1.13636             30.0249
                   5                 810                   0             28.9595             1.13636             30.0959
                   5                 820                   0             29.0305             1.13636             30.1669
                   5                 830                   0             30.2202             1.13636             31.3565
                   5                 840                   0             30.4688             1.13636             31.6051
                   5                 850                   0             31.6229             1.13636             32.7592
                   5                 860                   0             32.3153             1.13636             33.4517
                   5                 870                   0             33.8956             1.13636              35.032
                   5                 880                   0             38.9205             1.13636             40.0568
                   5                 890                   0              39.027             1.13636             40.1634
                   5                 900                   0             39.7017             1.13636             40.8381
                   5                 910                   0             39.7905             1.13636             40.9268
                   5                 920                   0             39.9148             1.13636             41.0511
                   5                 930                   0             40.1811             1.13636             41.3175
                   5                 940                   0             41.8857             1.13636              43.022
                   5                 950                   0              42.152             1.13636             43.2884
                   5                 960                   0             43.5902             1.13636             44.7266
                   5                 970                   0             44.3004             1.13636             45.4368
                   5                 980                   0             44.6023             1.13636             45.7386
                   5                 990                   0             44.8331             1.13636             45.9695
                   5                1000                   0             45.1349             1.13636             46.2713
