                  10                   0                   0            0.142045             64.2045             64.3466
                  10                  10                   0            0.177557             60.7955              60.973
                  10                  20                   0            0.230824             55.6818             55.9126
                  10                  30                   0            0.266335             55.1136               55.38
                  10                  40                   0            0.284091             54.5455             54.8295
                  10                  50                   0            0.301847             52.8409             53.1428
                  10                  60                   0            0.319602             52.2727             52.5923
                  10                  70                   0            0.443892             47.7273             48.1712
                  10                  80                   0            0.692472               43.75             44.4425
                  10                  90                   0            0.799006             42.6136             43.4126
                  10                 100                   0            0.887784             38.6364             39.5241
                  10                 110                   0            0.923295             35.2273             36.1506
                  10                 120                   0             1.10085               31.25             32.3509
                  10                 130                   0             1.22514             27.8409             29.0661
                  10                 140                   0             1.29616             27.8409             29.1371
                  10                 150                   0             1.43821                  25             26.4382
                  10                 160                   0             1.81108             22.7273             24.5384
                  10                 170                   0             2.76989             16.4773             19.2472
                  10                 180                   0             3.05398             15.9091             18.9631
                  10                 190                   0             3.17827             19.3182             22.4964
                  10                 200                   0             3.53338             20.4545             23.9879
                  10                 210                   0             3.10724             19.3182             22.4254
                  10                 220                   0             3.14276             17.0455             20.1882
                  10                 230                   0             3.05398             14.7727             17.8267
                  10                 240                   0              3.4446             13.0682             16.5128
                  10                 250                   0             4.27912                12.5             16.7791
                  10                 260                   0             4.77628             11.3636             16.1399
                  10                 270                   0             4.98935                12.5             17.4893
                  10                 280                   0             5.45099             11.3636             16.8146
                  10                 290                   0              5.6108             10.7955             16.4062
                  10                 300                   0             5.66406             14.2045             19.8686
                  10                 310                   0             6.17898             14.2045             20.3835
                  10                 320                   0             6.51634             14.2045             20.7209
                  10                 330                   0             6.92472             13.6364             20.5611
                  10                 340                   0             7.47514             13.6364             21.1115
                  10                 350                   0             7.77699             13.6364             21.4134
                  10                 360                   0              8.4517             13.6364             22.0881
                  10                 370                   0               9.375             13.6364             23.0114
                  10                 380                   0             10.2095             13.6364             23.8459
                  10                 390                   0             10.8132             7.38636             18.1996
                  10                 400                   0             11.0085             13.0682             24.0767
                  10                 410                   0             11.2571                12.5             23.7571
                  10                 420                   0               11.63                12.5               24.13
                  10                 430                   0             12.8018             6.81818               19.62
                  10                 440                   0             14.2933             5.68182             19.9751
                  10                 450                   0             14.4354             5.68182             20.1172
                  10                 460                   0             14.5774             5.68182             20.2592
                  10                 470                   0             14.7727             5.68182             20.4545
                  10                 480                   0             14.7905             5.68182             20.4723
                  10                 490                   0             15.1456             5.68182             20.8274
                  10                 500                   0             15.6783             5.68182             21.3601
                  10                 510                   0              16.282             5.68182             21.9638
                  10                 520                   0             16.3885             5.68182             22.0703
                  10                 530                   0             17.0987                6.25             23.3487
                  10                 540                   0             17.2408                6.25             23.4908
                  10                 550                   0             17.8977                6.25             24.1477
                  10                 560                   0             19.1051                6.25             25.3551
                  10                 570                   0             19.3004                6.25             25.5504
                  10                 580                   0             19.9041                6.25             26.1541
                  10                 590                   0             20.2592                6.25             26.5092
                  10                 600                   0             20.3125                6.25             26.5625
                  10                 610                   0             20.8097                6.25             27.0597
                  10                 620                   0             22.2656                6.25             28.5156
                  10                 630                   0             23.7216             1.13636              24.858
                  10                 640                   0              24.929             1.13636             26.0653
                  10                 650                   0                  25             1.13636             26.1364
                  10                 660                   0             25.1776             1.13636             26.3139
                  10                 670                   0             26.7578             1.13636             27.8942
                  10                 680                   0              27.255             1.13636             28.3913
                  10                 690                   0             27.3615             1.13636             28.4979
                  10                 700                   0             27.7876             1.13636              28.924
                  10                 710                   0             28.6399             1.13636             29.7763
                  10                 720                   0             29.3679             1.13636             30.5043
                  10                 730                   0             29.8828             1.13636             31.0192
                  10                 740                   0             30.1136             1.13636               31.25
                  10                 750                   0             31.0014             1.13636             32.1378
                  10                 760                   0             31.6051             1.13636             32.7415
                  10                 770                   0             32.6527             1.13636             33.7891
                  10                 780                   0             32.8658             1.13636             34.0021
                  10                 790                   0              36.701             1.13636             37.8374
                  10                 800                   0             37.3047             1.13636             38.4411
                  10                 810                   0             38.1747             1.13636             39.3111
                  10                 820                   0             38.5298             1.13636             39.6662
                  10                 830                   0             40.7315             1.13636             41.8679
                  10                 840                   0             41.1399             1.13636             42.2763
                  10                 850                   0             41.1754             1.13636             42.3118
                  10                 860                   0             42.0099             1.13636             43.1463
                  10                 870                   0             43.1463             1.13636             44.2827
                  10                 880                   0             43.4482             1.13636             44.5845
                  10                 890                   0              44.407             1.13636             45.5433
                  10                 900                   0             45.0817             1.13636              46.218
                  10                 910                   0             45.4368             1.13636             46.5732
                  10                 920                   0             45.7031             1.13636             46.8395
                  10                 930                   0             46.0227             1.13636             47.1591
                  10                 940                   0             46.7507             1.13636             47.8871
                  10                 950                   0             47.8338             1.13636             48.9702
                  10                 960                   0             48.6506             1.13636             49.7869
                  10                 970                   0             48.8104             1.13636             49.9467
                  10                 980                   0             49.6982             1.13636             50.8345
                  10                 990                   0             49.6982             1.13636             50.8345
                  10                1000                   0             50.0888             1.13636             51.2251
