                   0                   0                   0                   0                 100                 100
                   0                  10                   0                   0                 100                 100
                   0                  20                   0                   0                 100                 100
                   0                  30                   0                   0                 100                 100
                   0                  40                   0                   0                 100                 100
                   0                  50                   0                   0                 100                 100
                   0                  60                   0                   0                 100                 100
                   0                  70                   0                   0                 100                 100
                   0                  80                   0                   0                 100                 100
                   0                  90                   0                   0                 100                 100
                   0                 100                   0                   0             99.4318             99.4318
                   0                 110                   0                   0             99.4318             99.4318
                   0                 120                   0                   0                 100                 100
                   0                 130                   0                   0             99.4318             99.4318
                   0                 140                   0                   0             98.8636             98.8636
                   0                 150                   0           0.0355114             97.7273             97.7628
                   0                 160                   0                   0             97.1591             97.1591
                   0                 170                   0           0.0887784             90.3409             90.4297
                   0                 180                   0            0.497159             85.2273             85.7244
                   0                 190                   0            0.887784             71.5909             72.4787
                   0                 200                   0             1.06534             61.9318             62.9972
                   0                 210                   0             1.06534             58.5227             59.5881
                   0                 220                   0             1.17188             53.4091              54.581
                   0                 230                   0             1.15412             44.3182             45.4723
                   0                 240                   0             1.33168             39.7727             41.1044
                   0                 250                   0             1.81108             31.8182             33.6293
                   0                 260                   0             2.02415             35.7955             37.8196
                   0                 270                   0             2.16619               31.25             33.4162
                   0                 280                   0             2.14844             29.5455             31.6939
                   0                 290                   0              2.2017             29.5455             31.7472
                   0                 300                   0             2.41477             26.7045             29.1193
                   0                 310                   0             3.63991             25.5682             29.2081
                   0                 320                   0             3.95952             23.8636             27.8232
                   0                 330                   0             4.31463             23.2955             27.6101
                   0                 340                   0             3.21378             26.7045             29.9183
                   0                 350                   0              3.2848             27.8409             31.1257
                   0                 360                   0             4.74077             17.0455             21.7862
                   0                 370                   0             5.09588             14.2045             19.3004
                   0                 380                   0             5.06037             13.6364             18.6967
                   0                 390                   0             3.88849             18.1818             22.0703
                   0                 400                   0              4.0483             19.3182             23.3665
                   0                 410                   0             4.10156             18.1818             22.2834
                   0                 420                   0             5.02486             17.0455             22.0703
                   0                 430                   0             5.06037             15.9091             20.9695
                   0                 440                   0             4.90057             15.3409             20.2415
                   0                 450                   0             5.48651             15.3409             20.8274
                   0                 460                   0             5.46875             19.8864             25.3551
                   0                 470                   0             5.64631             21.0227              26.669
                   0                 480                   0             6.16122             11.9318              18.093
                   0                 490                   0             7.10227             10.2273             17.3295
                   0                 500                   0             7.31534             14.7727             22.0881
                   0                 510                   0             7.54616             14.7727             22.3189
                   0                 520                   0             8.02557             14.7727             22.7983
                   0                 530                   0             8.93111             11.9318             20.8629
                   0                 540                   0             9.46378             11.9318             21.3956
                   0                 550                   0             9.96094             11.3636             21.3246
                   0                 560                   0             10.1562             11.3636             21.5199
                   0                 570                   0             10.1562             11.3636             21.5199
                   0                 580                   0             10.4048             10.7955             21.2003
                   0                 590                   0             12.1626             10.7955             22.9581
                   0                 600                   0             12.4467             10.7955             23.2422
                   0                 610                   0             12.8729             11.3636             24.2365
                   0                 620                   0             13.3523             10.2273             23.5795
                   0                 630                   0             14.2223             10.2273             24.4496
                   0                 640                   0             15.3764             9.09091             24.4673
                   0                 650                   0              15.767             9.09091              24.858
                   0                 660                   0             16.0156             9.09091             25.1065
                   0                 670                   0              16.282             9.09091             25.3729
                   0                 680                   0             16.8679             9.09091             25.9588
                   0                 690                   0             17.1697             9.09091             26.2607
                   0                 700                   0             17.1165             10.7955             27.9119
                   0                 710                   0             17.1875             10.7955              27.983
                   0                 720                   0             20.2415             6.81818             27.0597
                   0                 730                   0             20.2237             7.95455             28.1783
                   0                 740                   0             20.4723             8.52273              28.995
                   0                 750                   0             20.9695             8.52273             29.4922
                   0                 760                   0             22.0703             8.52273              30.593
                   0                 770                   0              22.532             8.52273             31.0547
                   0                 780                   0             24.1122             7.95455             32.0668
                   0                 790                   0             24.2898             7.95455             32.2443
                   0                 800                   0             24.7159             7.95455             32.6705
                   0                 810                   0             24.8757             7.95455             32.8303
                   0                 820                   0             25.5504             7.95455              33.505
                   0                 830                   0             26.5447             7.95455             34.4993
                   0                 840                   0             26.2607             7.95455             34.2152
                   0                 850                   0             26.8999             4.54545             31.4453
                   0                 860                   0             27.0419             4.54545             31.5874
                   0                 870                   0             26.9886             6.81818             33.8068
                   0                 880                   0              27.397             6.81818             34.2152
                   0                 890                   0             27.4325             6.81818             34.2507
                   0                 900                   0             28.2493             6.81818             35.0675
                   0                 910                   0             28.4268             6.81818              35.245
                   0                 920                   0             28.8885             6.81818             35.7067
                   0                 930                   0             28.9773             6.81818             35.7955
                   0                 940                   0             29.4744             6.81818             36.2926
                   0                 950                   0              29.723             6.81818             36.5412
                   0                 960                   0             33.8778             5.68182             39.5597
                   0                 970                   0             34.3572             5.68182             40.0391
                   0                 980                   0             34.7301             5.68182             40.4119
                   0                 990                   0              35.973             5.68182             41.6548
                   0                1000                   0             36.5589             5.68182             42.2408
