                  20                   0                   0             1.89986             39.2045             41.1044
                  20                  10                   0             2.32599             34.0909             36.4169
                  20                  20                   0             2.27273             33.5227             35.7955
                  20                  30                   0             2.41477             33.5227             35.9375
                  20                  40                   0             2.29048             30.6818             32.9723
                  20                  50                   0              2.4858             29.5455             32.0312
                  20                  60                   0              2.8054             25.5682             28.3736
                  20                  70                   0             3.03622             23.8636             26.8999
                  20                  80                   0             3.17827             23.2955             26.4737
                  20                  90                   0             3.40909             21.5909                  25
                  20                 100                   0             3.56889             21.0227             24.5916
                  20                 110                   0             3.71094             20.4545             24.1655
                  20                 120                   0             4.17259             18.1818             22.3544
                  20                 130                   0             4.31463             17.0455             21.3601
                  20                 140                   0             4.43892             15.3409             19.7798
                  20                 150                   0             4.65199             14.2045             18.8565
                  20                 160                   0             5.07812             13.0682             18.1463
                  20                 170                   0             5.59304             13.0682             18.6612
                  20                 180                   0             6.03693             10.7955             16.8324
                  20                 190                   0                6.25             13.0682             19.3182
                  20                 200                   0             7.43963             11.9318             19.3714
                  20                 210                   0             8.09659             11.9318             20.0284
                  20                 220                   0             8.20312             11.9318             20.1349
                  20                 230                   0             8.68253                12.5             21.1825
                  20                 240                   0             10.0852                12.5             22.5852
                  20                 250                   0              9.8544                12.5             22.3544
                  20                 260                   0              10.831             10.7955             21.6264
                  20                 270                   0             11.3281             10.7955             22.1236
                  20                 280                   0             12.1626             10.2273             22.3899
                  20                 290                   0             12.9261             10.2273             23.1534
                  20                 300                   0             13.3168             9.65909             22.9759
                  20                 310                   0             14.5064             2.84091             17.3473
                  20                 320                   0             14.8793             2.84091             17.7202
                  20                 330                   0             14.6662             7.38636             22.0526
                  20                 340                   0             15.3232                6.25             21.5732
                  20                 350                   0             17.7379             5.68182             23.4197
                  20                 360                   0             18.5547             5.68182             24.2365
                  20                 370                   0             19.2827             1.70455             20.9872
                  20                 380                   0             20.7741             1.13636             21.9105
                  20                 390                   0             21.1115             1.13636             22.2479
                  20                 400                   0             22.4964             5.68182             28.1783
                  20                 410                   0             22.7628             5.68182             28.4446
                  20                 420                   0             23.1357             5.68182             28.8175
                  20                 430                   0             23.3487             5.68182             29.0305
                  20                 440                   0             23.7216             5.68182             29.4034
                  20                 450                   0             24.3253             5.68182             30.0071
                  20                 460                   0             26.7045             5.68182             32.3864
                  20                 470                   0             26.9354             5.68182             32.6172
                  20                 480                   0             27.1839             5.68182             32.8658
                  20                 490                   0             27.4148             5.68182             33.0966
                  20                 500                   0             28.9062             1.13636             30.0426
                  20                 510                   0             29.3324             1.13636             30.4688
                  20                 520                   0             30.6818             1.13636             31.8182
                  20                 530                   0             31.5518             1.13636             32.6882
                  20                 540                   0             32.1733             1.13636             33.3097
                  20                 550                   0             32.7415             1.13636             33.8778
                  20                 560                   0             34.7479             1.13636             35.8842
                  20                 570                   0             34.9787             1.13636             36.1151
                  20                 580                   0             35.9553             1.13636             37.0916
                  20                 590                   0             37.0028             1.13636             38.1392
                  20                 600                   0             37.9261             1.13636             39.0625
                  20                 610                   0             38.1037             1.13636             39.2401
                  20                 620                   0              38.228             1.13636             39.3643
                  20                 630                   0             38.4588             1.13636             39.5952
                  20                 640                   0             38.8849             1.13636             40.0213
                  20                 650                   0             40.0391             1.13636             41.1754
                  20                 660                   0             40.9624             1.13636             42.0987
                  20                 670                   0             41.4418             1.13636             42.5781
                  20                 680                   0             41.8501             1.13636             42.9865
                  20                 690                   0             42.3828             1.13636             43.5192
                  20                 700                   0             43.5192             1.13636             44.6555
                  20                 710                   0              44.549             1.13636             45.6854
                  20                 720                   0             44.7621             1.13636             45.8984
                  20                 730                   0             45.5788             1.13636             46.7152
                  20                 740                   0             46.0582             1.13636             47.1946
                  20                 750                   0             46.6619             1.13636             47.7983
                  20                 760                   0             47.2124             1.13636             48.3487
                  20                 770                   0             49.3786             1.13636             50.5149
                  20                 780                   0              49.858             1.13636             50.9943
                  20                 790                   0             50.1598             1.13636             51.2962
                  20                 800                   0             51.5447             1.13636             52.6811
                  20                 810                   0              51.669             1.13636             52.8054
                  20                 820                   0             53.8352             1.13636             54.9716
                  20                 830                   0             54.2614             1.13636             55.3977
                  20                 840                   0             54.5455             1.13636             55.6818
                  20                 850                   0             54.7763             1.13636             55.9126
                  20                 860                   0             55.9482             1.13636             57.0845
                  20                 870                   0             56.7827             1.13636              57.919
                  20                 880                   0             57.7415             1.13636             58.8778
                  20                 890                   0             58.4517             1.13636             59.5881
                  20                 900                   0             59.7834             1.13636             60.9197
                  20                 910                   0              60.174             1.13636             61.3104
                  20                 920                   0             60.3338             1.13636             61.4702
                  20                 930                   0              60.831             1.13636             61.9673
                  20                 940                   0              61.044             1.13636             62.1804
                  20                 950                   0             62.1094             1.13636             63.2457
                  20                 960                   0             62.1982             1.13636             63.3345
                  20                 970                   0             62.4645             1.13636             63.6009
                  20                 980                   0             62.5178             1.13636             63.6541
                  20                 990                   0             62.7486             1.13636             63.8849
                  20                1000                   0             63.0859             1.13636             64.2223
