                  35                   0                   0             20.9872             39.7727             60.7599
                  35                  10                   0             21.3246             39.2045             60.5291
                  35                  20                   0              21.946             36.9318             58.8778
                  35                  30                   0              22.745             35.7955             58.5405
                  35                  40                   0             23.3842             34.0909             57.4751
                  35                  50                   0             24.0945             33.5227             57.6172
                  35                  60                   0             24.7337               31.25             55.9837
                  35                  70                   0             25.5682             30.6818               56.25
                  35                  80                   0             26.0653             28.9773             55.0426
                  35                  90                   0             26.9354             27.8409             54.7763
                  35                 100                   0             27.5391             26.7045             54.2436
                  35                 110                   0             28.4091             24.4318             52.8409
                  35                 120                   0             29.5455             23.2955             52.8409
                  35                 130                   0             30.1669             23.2955             53.4624
                  35                 140                   0             30.7706             23.2955             54.0661
                  35                 150                   0             32.0312             22.7273             54.7585
                  35                 160                   0             32.7237             21.0227             53.7464
                  35                 170                   0             33.8601             21.0227             54.8828
                  35                 180                   0             35.4403             19.8864             55.3267
                  35                 190                   0             37.2337             19.3182             56.5518
                  35                 200                   0             39.3111               18.75             58.0611
                  35                 210                   0             40.8381               18.75             59.5881
                  35                 220                   0             42.4538             17.6136             60.0675
                  35                 230                   0             43.6967             17.6136             61.3104
                  35                 240                   0              44.407             14.7727             59.1797
                  35                 250                   0             45.5078             14.2045             59.7124
                  35                 260                   0             46.7507             13.6364             60.3871
                  35                 270                   0             48.0824             13.6364             61.7188
                  35                 280                   0             49.0589             13.0682             62.1271
                  35                 290                   0             49.9112             13.0682             62.9794
                  35                 300                   0             50.7102             13.0682             63.7784
                  35                 310                   0             51.6335             13.0682             64.7017
                  35                 320                   0             52.7521             13.0682             65.8203
                  35                 330                   0             53.4446                12.5             65.9446
                  35                 340                   0             54.1371             11.9318             66.0689
                  35                 350                   0             55.0071             11.9318             66.9389
                  35                 360                   0              56.179             11.9318             68.1108
                  35                 370                   0             57.3331             11.3636             68.6967
                  35                 380                   0             58.5938             10.2273              68.821
                  35                 390                   0              59.375             10.2273             69.6023
                  35                 400                   0             60.0497             10.2273              70.277
                  35                 410                   0             60.5824             9.65909             70.2415
                  35                 420                   0             60.8665             9.65909             70.5256
                  35                 430                   0             61.5412             9.09091             70.6321
                  35                 440                   0             62.0206             7.38636              69.407
                  35                 450                   0             62.5888             6.81818              69.407
                  35                 460                   0             63.4588             6.81818              70.277
                  35                 470                   0             64.3466             6.81818             71.1648
                  35                 480                   0             64.7372             5.11364             69.8509
                  35                 490                   0             65.9091             3.97727             69.8864
                  35                 500                   0             66.6193             3.97727             70.5966
                  35                 510                   0             67.1165             3.97727             71.0938
                  35                 520                   0             67.9155             3.97727             71.8928
                  35                 530                   0             68.8033             3.97727             72.7805
                  35                 540                   0             70.4013             3.97727             74.3786
                  35                 550                   0             71.1115             3.97727             75.0888
                  35                 560                   0             72.3722             3.97727             76.3494
                  35                 570                   0             73.6861             3.97727             77.6634
                  35                 580                   0             74.4673             3.97727             78.4446
                  35                 590                   0             75.2308             3.97727             79.2081
                  35                 600                   0             76.1186             3.97727             80.0959
                  35                 610                   0             76.4915             3.97727             80.4688
                  35                 620                   0             77.7876             3.97727             81.7649
                  35                 630                   0             78.3203             3.97727             82.2976
                  35                 640                   0             79.0838             3.97727             83.0611
                  35                 650                   0             79.4922             3.97727             83.4695
                  35                 660                   0             81.5518             3.97727             85.5291
                  35                 670                   0             81.7116             3.97727             85.6889
                  35                 680                   0             82.6527             3.97727               86.63
                  35                 690                   0             84.0732             3.97727             88.0504
                  35                 700                   0             84.9432             3.97727             88.9205
                  35                 710                   0             85.3338             3.97727             89.3111
                  35                 720                   0             86.0263             3.97727             90.0036
                  35                 730                   0             87.2337             2.84091             90.0746
                  35                 740                   0             88.2102             2.84091             91.0511
                  35                 750                   0             88.5121             2.84091              91.353
                  35                 760                   0             88.9205             2.84091             91.7614
                  35                 770                   0             89.4531             2.84091              92.294
                  35                 780                   0              89.826             2.84091             92.6669
                  35                 790                   0             90.9624             2.84091             93.8033
                  35                 800                   0             91.6548             2.84091             94.4957
                  35                 810                   0             91.9922             2.84091             94.8331
                  35                 820                   0             92.0987             2.84091             94.9396
                  35                 830                   0              92.223             2.27273             94.4957
                  35                 840                   0             92.5781             2.27273             94.8509
                  35                 850                   0             93.2884             2.27273             95.5611
                  35                 860                   0             93.3594             2.27273             95.6321
                  35                 870                   0             93.4659             2.27273             95.7386
                  35                 880                   0             93.6435             2.27273             95.9162
                  35                 890                   0             93.6435             2.27273             95.9162
                  35                 900                   0             93.8033             2.27273              96.076
                  35                 910                   0             93.8033             2.27273              96.076
                  35                 920                   0             94.3359             2.27273             96.6087
                  35                 930                   0             94.4957             2.27273             96.7685
                  35                 940                   0               94.62             2.27273             96.8928
                  35                 950                   0             94.7266             2.27273             96.9993
                  35                 960                   0             95.0284             2.27273             97.3011
                  35                 970                   0             95.9162             1.13636             97.0526
                  35                 980                   0              96.076             1.13636             97.2124
                  35                 990                   0             96.9283             1.13636             98.0646
                  35                1000                   0             97.1946             1.13636              98.331
