                  55                   0                   0             33.1854             22.7273             55.9126
                  55                  10                   0             33.7536             22.7273             56.4808
                  55                  20                   0             34.6413             22.1591             56.8004
                  55                  30                   0             35.6534             22.1591             57.8125
                  55                  40                   0             36.6122             21.0227             57.6349
                  55                  50                   0             37.8729             21.0227             58.8956
                  55                  60                   0             39.1158             19.3182             58.4339
                  55                  70                   0             39.8793               18.75             58.6293
                  55                  80                   0             41.8679             17.6136             59.4815
                  55                  90                   0             44.0518             17.6136             61.6655
                  55                 100                   0             45.8452             17.6136             63.4588
                  55                 110                   0              47.674             17.0455             64.7195
                  55                 120                   0               49.13             15.9091             65.0391
                  55                 130                   0             50.3374             15.3409             65.6783
                  55                 140                   0             51.1186             13.6364              64.755
                  55                 150                   0             51.9354             13.6364             65.5717
                  55                 160                   0             53.1783             13.6364             66.8146
                  55                 170                   0             54.5277             13.6364             68.1641
                  55                 180                   0             55.8416             13.6364              69.478
                  55                 190                   0             56.8004             13.0682             69.8686
                  55                 200                   0             57.5107             13.0682             70.5788
                  55                 210                   0             58.1854             13.0682             71.2536
                  55                 220                   0             59.3572                12.5             71.8572
                  55                 230                   0             60.0497                12.5             72.5497
                  55                 240                   0             60.8842             11.9318             72.8161
                  55                 250                   0             61.4169             11.3636             72.7805
                  55                 260                   0             61.9851             11.3636             73.3487
                  55                 270                   0             62.6243             11.3636             73.9879
                  55                 280                   0             62.9972             11.3636             74.3608
                  55                 290                   0             63.6896             11.3636             75.0533
                  55                 300                   0             64.3111             10.2273             74.5384
                  55                 310                   0             64.9503             10.2273             75.1776
                  55                 320                   0              65.625             9.09091             74.7159
                  55                 330                   0             66.1932             7.95455             74.1477
                  55                 340                   0             66.7436             7.95455             74.6982
                  55                 350                   0             67.6669             6.81818             74.4851
                  55                 360                   0             68.8033                6.25             75.0533
                  55                 370                   0             69.2649                6.25             75.5149
                  55                 380                   0             70.4013             5.11364             75.5149
                  55                 390                   0             71.2003             5.11364             76.3139
                  55                 400                   0             71.4311             5.11364             76.5447
                  55                 410                   0             72.2124             4.54545             76.7578
                  55                 420                   0             73.1357             4.54545             77.6811
                  55                 430                   0              73.402             4.54545             77.9474
                  55                 440                   0             73.6328             3.40909             77.0419
                  55                 450                   0             74.5561             3.40909             77.9652
                  55                 460                   0             75.0355             3.40909             78.4446
                  55                 470                   0             75.7102             3.40909             79.1193
                  55                 480                   0             76.6513             3.40909             80.0604
                  55                 490                   0             77.7699             2.84091             80.6108
                  55                 500                   0             78.3203             2.27273              80.593
                  55                 510                   0             78.8352             2.27273              81.108
                  55                 520                   0             79.3857             2.27273             81.6584
                  55                 530                   0             79.8295             2.27273             82.1023
                  55                 540                   0             80.5043             2.27273              82.777
                  55                 550                   0             81.6051             2.27273             83.8778
                  55                 560                   0             82.0312             2.27273              84.304
                  55                 570                   0             82.4574             2.27273             84.7301
                  55                 580                   0             83.0256             2.27273             85.2983
                  55                 590                   0             83.5938             2.27273             85.8665
                  55                 600                   0             84.2685             2.27273             86.5412
                  55                 610                   0             86.4524             2.27273             88.7251
                  55                 620                   0             86.6832             2.27273              88.956
                  55                 630                   0             86.8786             2.27273             89.1513
                  55                 640                   0             88.0504             2.27273             90.3232
                  55                 650                   0             89.0447             2.27273             91.3175
                  55                 660                   0             89.3288             2.27273             91.6016
                  55                 670                   0              89.755             2.27273             92.0277
                  55                 680                   0             90.2521             2.27273             92.5249
                  55                 690                   0              90.625             2.27273             92.8977
                  55                 700                   0             90.8558             2.27273             93.1286
                  55                 710                   0             91.1044             2.27273             93.3771
                  55                 720                   0             91.3175             2.27273             93.5902
                  55                 730                   0             91.6726             2.27273             93.9453
                  55                 740                   0             92.0277             2.27273             94.3004
                  55                 750                   0             92.5071             2.27273             94.7798
                  55                 760                   0             92.6491             2.27273             94.9219
                  55                 770                   0              92.951             2.27273             95.2237
                  55                 780                   0             93.5547             2.27273             95.8274
                  55                 790                   0              93.679             2.27273             95.9517
                  55                 800                   0             93.7322             2.27273              96.005
                  55                 810                   0             93.8743             2.27273              96.147
                  55                 820                   0             93.9276             2.27273             96.2003
                  55                 830                   0             93.9453             2.27273              96.218
                  55                 840                   0             94.6733             2.27273              96.946
                  55                 850                   0             94.6733             2.27273              96.946
                  55                 860                   0             94.7443             2.27273              97.017
                  55                 870                   0             94.8509             2.27273             97.1236
                  55                 880                   0             94.8864             2.27273             97.1591
                  55                 890                   0             94.9751             2.27273             97.2479
                  55                 900                   0             95.0284             2.27273             97.3011
                  55                 910                   0             95.0462             2.27273             97.3189
                  55                 920                   0             95.5611             2.27273             97.8338
                  55                 930                   0             95.7386             2.27273             98.0114
                  55                 940                   0             95.8984             2.27273             98.1712
                  55                 950                   0             95.9517             2.27273             98.2244
                  55                 960                   0             97.7095             2.27273             99.9822
                  55                 970                   0             97.8161             1.13636             98.9524
                  55                 980                   0             97.9581             1.13636             99.0945
                  55                 990                   0             98.0291             1.13636             99.1655
                  55                1000                   0             98.3132            0.568182             98.8814
