                  60                   0                   0             36.0795             20.4545             56.5341
                  60                  10                   0             36.6655             20.4545               57.12
                  60                  20                   0             37.9084             19.3182             57.2266
                  60                  30                   0             39.2756               18.75             58.0256
                  60                  40                   0             40.4297               18.75             59.1797
                  60                  50                   0             41.6371             18.1818             59.8189
                  60                  60                   0             42.7734             19.3182             62.0916
                  60                  70                   0             44.6555             16.4773             61.1328
                  60                  80                   0             46.0938             16.4773              62.571
                  60                  90                   0             48.4908             15.9091             64.3999
                  60                 100                   0             50.1953             15.3409             65.5362
                  60                 110                   0             51.0121             15.3409              66.353
                  60                 120                   0             51.8821             14.2045             66.0866
                  60                 130                   0             53.2848             13.6364             66.9212
                  60                 140                   0             54.2259             13.6364             67.8622
                  60                 150                   0              55.451             13.6364             69.0874
                  60                 160                   0             56.5163             13.0682             69.5845
                  60                 170                   0             57.3686             13.0682             70.4368
                  60                 180                   0             58.4162             13.0682             71.4844
                  60                 190                   0             59.1264             13.0682             72.1946
                  60                 200                   0             59.7834                12.5             72.2834
                  60                 210                   0             60.6001                12.5             73.1001
                  60                 220                   0             61.4347             11.9318             73.3665
                  60                 230                   0             62.2337             11.3636             73.5973
                  60                 240                   0             62.9084             11.3636              74.272
                  60                 250                   0             63.6009             11.3636             74.9645
                  60                 260                   0              64.169             11.3636             75.5327
                  60                 270                   0             64.5597             11.3636             75.9233
                  60                 280                   0             65.0036             10.7955              75.799
                  60                 290                   0             65.7138             9.65909             75.3729
                  60                 300                   0             66.1577             9.09091             75.2486
                  60                 310                   0             67.2053             7.95455             75.1598
                  60                 320                   0             67.6491             7.95455             75.6037
                  60                 330                   0             68.4837             7.95455             76.4382
                  60                 340                   0             69.4957                6.25             75.7457
                  60                 350                   0             70.3125             5.11364             75.4261
                  60                 360                   0             71.1115             5.11364             76.2251
                  60                 370                   0             71.5554             5.11364              76.669
                  60                 380                   0             72.4254             4.54545             76.9709
                  60                 390                   0             73.0114             4.54545             77.5568
                  60                 400                   0             73.4908             4.54545             78.0362
                  60                 410                   0             73.9347             4.54545             78.4801
                  60                 420                   0             74.1832             4.54545             78.7287
                  60                 430                   0              74.858             3.97727             78.8352
                  60                 440                   0             75.8168             2.84091             78.6577
                  60                 450                   0              76.598             2.27273             78.8707
                  60                 460                   0             77.1307             2.27273             79.4034
                  60                 470                   0             77.8409             2.27273             80.1136
                  60                 480                   0             78.3026             2.27273             80.5753
                  60                 490                   0             78.7642             2.27273             81.0369
                  60                 500                   0             79.1548             2.27273             81.4276
                  60                 510                   0             79.5987             2.27273             81.8714
                  60                 520                   0             79.9716             2.27273             82.2443
                  60                 530                   0             81.3033             2.27273              83.576
                  60                 540                   0             81.8182             2.27273             84.0909
                  60                 550                   0             82.2266             2.27273             84.4993
                  60                 560                   0              82.706             2.27273             84.9787
                  60                 570                   0             83.2741             2.27273             85.5469
                  60                 580                   0             84.1974             2.27273             86.4702
                  60                 590                   0             85.7422             2.27273             88.0149
                  60                 600                   0             86.2216             2.27273             88.4943
                  60                 610                   0             87.0384             2.27273             89.3111
                  60                 620                   0             87.6065             2.27273             89.8793
                  60                 630                   0             88.4943             2.27273              90.767
                  60                 640                   0             88.9737             2.27273             91.2464
                  60                 650                   0             89.8082             2.27273              92.081
                  60                 660                   0             90.2699             2.27273             92.5426
                  60                 670                   0             90.4474             2.27273             92.7202
                  60                 680                   0              90.696             2.27273             92.9688
                  60                 690                   0             91.0511             2.27273             93.3239
                  60                 700                   0             91.2109             2.27273             93.4837
                  60                 710                   0             91.6193             2.27273              93.892
                  60                 720                   0             91.8501             2.27273             94.1229
                  60                 730                   0             92.4716             2.27273             94.7443
                  60                 740                   0             92.6669             2.27273             94.9396
                  60                 750                   0             92.7379             2.27273             95.0107
                  60                 760                   0             92.9865             2.27273             95.2592
                  60                 770                   0             93.6435             2.27273             95.9162
                  60                 780                   0             93.8033             2.27273              96.076
                  60                 790                   0              93.821             2.27273             96.0938
                  60                 800                   0             93.9276             2.27273             96.2003
                  60                 810                   0             94.0163             2.27273             96.2891
                  60                 820                   0             94.1051             2.27273             96.3778
                  60                 830                   0             94.7621             2.27273             97.0348
                  60                 840                   0             94.7976             2.27273             97.0703
                  60                 850                   0             94.7976             2.27273             97.0703
                  60                 860                   0             94.8686             2.27273             97.1413
                  60                 870                   0             94.9574             2.27273             97.2301
                  60                 880                   0             94.9574             2.27273             97.2301
                  60                 890                   0             95.0817             2.27273             97.3544
                  60                 900                   0             95.1705             2.27273             97.4432
                  60                 910                   0             95.1882             2.27273             97.4609
                  60                 920                   0             95.7031             2.27273             97.9759
                  60                 930                   0             95.9162             2.27273             98.1889
                  60                 940                   0             95.9695             2.27273             98.2422
                  60                 950                   0             97.2301             2.27273             99.5028
                  60                 960                   0             97.8693             1.13636             99.0057
                  60                 970                   0             97.9403             1.13636             99.0767
                  60                 980                   0             98.0114             1.13636             99.1477
                  60                 990                   0             98.2422             1.13636             99.3786
                  60                1000                   0             98.3842            0.568182             98.9524
