                  85                   0                   0             51.1896             15.3409             66.5305
                  85                  10                   0             51.8288             15.9091             67.7379
                  85                  20                   0             52.9652             15.9091             68.8743
                  85                  30                   0             51.8643             18.1818             70.0462
                  85                  40                   0             54.4212             16.4773             70.8984
                  85                  50                   0             56.3565             15.3409             71.6974
                  85                  60                   0             58.1321             13.6364             71.7685
                  85                  70                   0             59.2152             13.6364             72.8516
                  85                  80                   0             60.1207             13.6364             73.7571
                  85                  90                   0              60.831             13.6364             74.4673
                  85                 100                   0               61.63             13.0682             74.6982
                  85                 110                   0             62.3935             13.0682             75.4616
                  85                 120                   0             63.1747                12.5             75.6747
                  85                 130                   0             63.9737                12.5             76.4737
                  85                 140                   0             64.4354             11.9318             76.3672
                  85                 150                   0              64.755             11.9318             76.6868
                  85                 160                   0              65.696             10.7955             76.4915
                  85                 170                   0             66.2287             10.7955             77.0241
                  85                 180                   0             66.7614             10.2273             76.9886
                  85                 190                   0             67.5959             9.65909              77.255
                  85                 200                   0              68.093             9.65909             77.7521
                  85                 210                   0               68.75             9.09091             77.8409
                  85                 220                   0             69.1939             7.95455             77.1484
                  85                 230                   0             70.0817             7.38636              77.468
                  85                 240                   0             70.3125                6.25             76.5625
                  85                 250                   0              71.076             5.68182             76.7578
                  85                 260                   0             71.7685             5.68182             77.4503
                  85                 270                   0             72.2301             4.54545             76.7756
                  85                 280                   0              72.745             3.97727             76.7223
                  85                 290                   0              73.544             3.40909             76.9531
                  85                 300                   0             73.9169             3.40909              77.326
                  85                 310                   0             74.4496             3.40909             77.8587
                  85                 320                   0             75.0355             3.40909             78.4446
                  85                 330                   0             75.5859             3.40909              78.995
                  85                 340                   0             76.1009             3.40909             79.5099
                  85                 350                   0             76.6513             3.40909             80.0604
                  85                 360                   0             77.0241             3.40909             80.4332
                  85                 370                   0             77.5746             3.40909             80.9837
                  85                 380                   0             78.1605             3.40909             81.5696
                  85                 390                   0             78.5689             2.27273             80.8416
                  85                 400                   0             79.0661             2.27273             81.3388
                  85                 410                   0             79.8651             2.27273             82.1378
                  85                 420                   0             80.2379             2.27273             82.5107
                  85                 430                   0             80.6996             2.27273             82.9723
                  85                 440                   0              81.108             2.27273             83.3807
                  85                 450                   0             81.4986             2.27273             83.7713
                  85                 460                   0             82.5639             2.27273             84.8366
                  85                 470                   0             82.9723             2.27273              85.245
                  85                 480                   0             84.0909             2.27273             86.3636
                  85                 490                   0             84.4638             2.27273             86.7365
                  85                 500                   0             84.8899             2.27273             87.1626
                  85                 510                   0             85.2273             2.27273                87.5
                  85                 520                   0             85.6534             2.27273             87.9261
                  85                 530                   0             85.9197             2.27273             88.1925
                  85                 540                   0               86.63             2.27273             88.9027
                  85                 550                   0             87.2869             2.27273             89.5597
                  85                 560                   0              88.157             2.27273             90.4297
                  85                 570                   0             88.5831             2.27273             90.8558
                  85                 580                   0             88.9915             2.27273             91.2642
                  85                 590                   0             89.2401             2.27273             91.5128
                  85                 600                   0             90.1101             2.27273             92.3828
                  85                 610                   0             90.3764             2.27273             92.6491
                  85                 620                   0             90.5362             2.27273             92.8089
                  85                 630                   0              91.424             2.27273             93.6967
                  85                 640                   0              91.495             2.27273             93.7678
                  85                 650                   0             91.6371             2.27273             93.9098
                  85                 660                   0             91.8501             2.27273             94.1229
                  85                 670                   0             91.9922             2.27273             94.2649
                  85                 680                   0             92.2053             2.27273              94.478
                  85                 690                   0             92.4538             2.27273             94.7266
                  85                 700                   0             92.6314             2.27273             94.9041
                  85                 710                   0             92.8089             2.27273             95.0817
                  85                 720                   0             92.8977             2.27273             95.1705
                  85                 730                   0             93.4482             2.27273             95.7209
                  85                 740                   0             94.1406             2.27273             96.4134
                  85                 750                   0             94.2827             2.27273             96.5554
                  85                 760                   0             94.2827             2.27273             96.5554
                  85                 770                   0             94.3004             2.27273             96.5732
                  85                 780                   0             94.3182             2.27273             96.5909
                  85                 790                   0             94.3359             2.27273             96.6087
                  85                 800                   0             94.3892             2.27273             96.6619
                  85                 810                   0              94.478             2.27273             96.7507
                  85                 820                   0             95.0994             2.27273             97.3722
                  85                 830                   0             95.0994             2.27273             97.3722
                  85                 840                   0             95.1527             2.27273             97.4254
                  85                 850                   0             95.1705             2.27273             97.4432
                  85                 860                   0             95.2592             2.27273              97.532
                  85                 870                   0             95.2592             2.27273              97.532
                  85                 880                   0              95.348             2.27273             97.6207
                  85                 890                   0              95.348             2.27273             97.6207
                  85                 900                   0             95.4368             2.27273             97.7095
                  85                 910                   0             97.2656             2.27273             99.5384
                  85                 920                   0             97.3544             2.27273             99.6271
                  85                 930                   0             97.4787             2.27273             99.7514
                  85                 940                   0             97.5142             2.27273             99.7869
                  85                 950                   0             98.0646             1.13636              99.201
                  85                 960                   0             98.0646             1.13636              99.201
                  85                 970                   0             98.2244             1.13636             99.3608
                  85                 980                   0             98.4375             1.13636             99.5739
                  85                 990                   0             98.5973            0.568182             99.1655
                  85                1000                   0             98.6861            0.568182             99.2543
