                  50                   0                   0             30.1136             27.2727             57.3864
                  50                  10                   0             30.8239             25.5682              56.392
                  50                  20                   0             31.5874             23.8636              55.451
                  50                  30                   0             32.4574             22.7273             55.1847
                  50                  40                   0             33.3807             22.1591             55.5398
                  50                  50                   0              34.304             22.1591             56.4631
                  50                  60                   0             35.3871             22.7273             58.1143
                  50                  70                   0             35.6889             22.1591              57.848
                  50                  80                   0             36.7898             20.4545             57.2443
                  50                  90                   0              38.157             19.3182             57.4751
                  50                 100                   0             40.2876             18.1818             58.4695
                  50                 110                   0              42.081             17.6136             59.6946
                  50                 120                   0             43.9098             17.0455             60.9553
                  50                 130                   0             46.2536             17.0455              63.299
                  50                 140                   0             47.6385             15.9091             63.5476
                  50                 150                   0             49.0234             15.9091             64.9325
                  50                 160                   0             50.1953             14.2045             64.3999
                  50                 170                   0             51.3317             14.2045             65.5362
                  50                 180                   0              52.255             14.2045             66.4595
                  50                 190                   0             53.4091             14.2045             67.6136
                  50                 200                   0             54.2081             14.2045             68.4126
                  50                 210                   0             55.8594             13.6364             69.4957
                  50                 220                   0             56.9247             13.6364             70.5611
                  50                 230                   0             57.5462             13.0682             70.6143
                  50                 240                   0             58.0788             13.0682              71.147
                  50                 250                   0             59.0021             13.0682             72.0703
                  50                 260                   0             60.1562                12.5             72.6562
                  50                 270                   0             60.8665                12.5             73.3665
                  50                 280                   0             61.4879             11.9318             73.4197
                  50                 290                   0             62.1804             11.9318             74.1122
                  50                 300                   0             62.8906             10.7955             73.6861
                  50                 310                   0             63.1747             10.2273              73.402
                  50                 320                   0             63.6896             10.2273             73.9169
                  50                 330                   0             64.2223             10.2273             74.4496
                  50                 340                   0             65.1456             8.52273             73.6683
                  50                 350                   0             65.6428             7.95455             73.5973
                  50                 360                   0             65.9446             7.95455             73.8991
                  50                 370                   0             66.5305             6.81818             73.3487
                  50                 380                   0             67.4183                6.25             73.6683
                  50                 390                   0             68.2884                6.25             74.5384
                  50                 400                   0             69.6378                6.25             75.8878
                  50                 410                   0             70.4013             5.11364             75.5149
                  50                 420                   0             70.7564             5.11364               75.87
                  50                 430                   0             71.4489             4.54545             75.9943
                  50                 440                   0             72.3544             4.54545             76.8999
                  50                 450                   0             72.7095             3.40909             76.1186
                  50                 460                   0             73.1179             3.40909              76.527
                  50                 470                   0             73.7926             3.40909             77.2017
                  50                 480                   0             74.5384             3.40909             77.9474
                  50                 490                   0             74.9467             3.40909             78.3558
                  50                 500                   0             75.1243             3.40909             78.5334
                  50                 510                   0             76.4382             3.40909             79.8473
                  50                 520                   0             76.9709             3.40909               80.38
                  50                 530                   0             78.0362             3.40909             81.4453
                  50                 540                   0             78.5334             3.40909             81.9425
                  50                 550                   0             79.5632             2.84091             82.4041
                  50                 560                   0             80.9837             2.84091             83.8246
                  50                 570                   0             81.5341             2.27273             83.8068
                  50                 580                   0              81.907             2.27273             84.1797
                  50                 590                   0             82.6882             2.27273             84.9609
                  50                 600                   0             83.2031             2.27273             85.4759
                  50                 610                   0             83.8068             2.27273             86.0795
                  50                 620                   0             85.9197             2.27273             88.1925
                  50                 630                   0             86.1151             2.27273             88.3878
                  50                 640                   0             86.6655             2.27273             88.9382
                  50                 650                   0             88.3345             2.27273             90.6072
                  50                 660                   0             88.9027             2.27273             91.1754
                  50                 670                   0             89.1158             2.27273             91.3885
                  50                 680                   0             89.5241             2.27273             91.7969
                  50                 690                   0             89.7017             2.27273             91.9744
                  50                 700                   0             90.0923             2.27273             92.3651
                  50                 710                   0             90.5007             2.27273             92.7734
                  50                 720                   0             90.9268             2.27273             93.1996
                  50                 730                   0             91.0866             2.27273             93.3594
                  50                 740                   0             91.6903             2.27273             93.9631
                  50                 750                   0             91.7969             2.27273             94.0696
                  50                 760                   0             92.0455             2.27273             94.3182
                  50                 770                   0             92.5604             2.27273             94.8331
                  50                 780                   0             93.1818             2.27273             95.4545
                  50                 790                   0             93.3061             2.27273             95.5788
                  50                 800                   0             93.4482             2.27273             95.7209
                  50                 810                   0             93.5192             2.27273             95.7919
                  50                 820                   0             93.6612             2.27273             95.9339
                  50                 830                   0             93.7322             2.27273              96.005
                  50                 840                   0             94.3892             2.27273             96.6619
                  50                 850                   0             94.4425             2.27273             96.7152
                  50                 860                   0             94.4957             2.27273             96.7685
                  50                 870                   0             94.5312             2.27273              96.804
                  50                 880                   0             94.6023             2.27273              96.875
                  50                 890                   0             94.6911             2.27273             96.9638
                  50                 900                   0             94.7621             2.27273             97.0348
                  50                 910                   0             94.7976             2.27273             97.0703
                  50                 920                   0             95.3125             2.27273             97.5852
                  50                 930                   0             95.4723             2.27273              97.745
                  50                 940                   0             95.6321             2.27273             97.9048
                  50                 950                   0             95.6321             2.27273             97.9048
                  50                 960                   0             96.0582             2.27273              98.331
                  50                 970                   0             97.6207             1.13636             98.7571
                  50                 980                   0             97.7628             1.13636             98.8991
                  50                 990                   0             97.7805             1.13636             98.9169
                  50                1000                   0             98.1179            0.568182             98.6861
