                 100                   0                   0             59.7479             14.2045             73.9524
                 100                  10                   0              57.049             17.0455             74.0945
                 100                  20                   0             59.1797             14.7727             73.9524
                 100                  30                   0             57.9723               18.75             76.7223
                 100                  40                   0             61.9318             14.2045             76.1364
                 100                  50                   0             62.5355             13.0682             75.6037
                 100                  60                   0             63.1392             13.0682             76.2074
                 100                  70                   0             63.7607                12.5             76.2607
                 100                  80                   0             64.3999                12.5             76.8999
                 100                  90                   0             64.8438             11.9318             76.7756
                 100                 100                   0             65.4474             11.9318             77.3793
                 100                 110                   0             66.0689             11.9318             78.0007
                 100                 120                   0             66.7791             11.3636             78.1428
                 100                 130                   0             67.2408             10.7955             78.0362
                 100                 140                   0             67.7557             10.7955             78.5511
                 100                 150                   0             68.5724             9.09091             77.6634
                 100                 160                   0             68.8743             8.52273              77.397
                 100                 170                   0             69.4957             7.95455             77.4503
                 100                 180                   0             70.0284             7.95455              77.983
                 100                 190                   0             70.5256             6.81818             77.3438
                 100                 200                   0             70.9162             6.81818             77.7344
                 100                 210                   0             71.6797                6.25             77.9297
                 100                 220                   0             72.1236             5.68182             77.8054
                 100                 230                   0             72.4964             5.11364             77.6101
                 100                 240                   0             72.8161             3.40909             76.2251
                 100                 250                   0             73.5263             3.40909             76.9354
                 100                 260                   0             74.1122             3.40909             77.5213
                 100                 270                   0             74.7869             3.40909              78.196
                 100                 280                   0             75.1065             3.40909             78.5156
                 100                 290                   0             75.7102             3.40909             79.1193
                 100                 300                   0             76.5092             3.40909             79.9183
                 100                 310                   0             77.0774             3.40909             80.4865
                 100                 320                   0             77.5746             3.40909             80.9837
                 100                 330                   0             77.9297             3.40909             81.3388
                 100                 340                   0             78.4979             3.40909              81.907
                 100                 350                   0             78.9418             3.40909             82.3509
                 100                 360                   0             79.3146             2.27273             81.5874
                 100                 370                   0              79.723             2.27273             81.9957
                 100                 380                   0             80.3089             2.27273             82.5817
                 100                 390                   0              80.593             2.27273             82.8658
                 100                 400                   0             81.1967             2.27273             83.4695
                 100                 410                   0               82.12             2.27273             84.3928
                 100                 420                   0             82.5817             2.27273             84.8544
                 100                 430                   0             83.0256             2.27273             85.2983
                 100                 440                   0             83.6115             2.27273             85.8842
                 100                 450                   0             84.0199             2.27273             86.2926
                 100                 460                   0             84.2862             2.27273             86.5589
                 100                 470                   0             84.9077             2.27273             87.1804
                 100                 480                   0             85.2805             2.27273             87.5533
                 100                 490                   0             85.5114             2.27273             87.7841
                 100                 500                   0             86.0618             2.27273             88.3345
                 100                 510                   0             86.6477             2.27273             88.9205
                 100                 520                   0             87.0206             2.27273             89.2933
                 100                 530                   0             87.8018             2.27273             90.0746
                 100                 540                   0             88.2635             2.27273             90.5362
                 100                 550                   0             88.9027             2.27273             91.1754
                 100                 560                   0             89.4354             2.27273             91.7081
                 100                 570                   0             89.5064             2.27273             91.7791
                 100                 580                   0             90.1811             2.27273             92.4538
                 100                 590                   0              90.483             2.27273             92.7557
                 100                 600                   0             90.6072             2.27273               92.88
                 100                 610                   0             90.7848             2.27273             93.0575
                 100                 620                   0             91.5661             2.27273             93.8388
                 100                 630                   0             91.6726             2.27273             93.9453
                 100                 640                   0             91.8679             2.27273             94.1406
                 100                 650                   0              92.081             2.27273             94.3537
                 100                 660                   0             92.2053             2.27273              94.478
                 100                 670                   0             92.5604             2.27273             94.8331
                 100                 680                   0             92.6314             2.27273             94.9041
                 100                 690                   0             92.7557             2.27273             95.0284
                 100                 700                   0             92.8622             2.27273             95.1349
                 100                 710                   0             93.4126             2.27273             95.6854
                 100                 720                   0             94.0518             2.27273             96.3246
                 100                 730                   0             94.1584             2.27273             96.4311
                 100                 740                   0             94.2827             2.27273             96.5554
                 100                 750                   0             94.3004             2.27273             96.5732
                 100                 760                   0             94.3182             2.27273             96.5909
                 100                 770                   0             94.3359             2.27273             96.6087
                 100                 780                   0             94.3714             2.27273             96.6442
                 100                 790                   0             94.3714             2.27273             96.6442
                 100                 800                   0              94.478             2.27273             96.7507
                 100                 810                   0             95.0994             2.27273             97.3722
                 100                 820                   0             95.1349             2.27273             97.4077
                 100                 830                   0             95.1349             2.27273             97.4077
                 100                 840                   0             95.1527             2.27273             97.4254
                 100                 850                   0             95.1705             2.27273             97.4432
                 100                 860                   0             95.2592             2.27273              97.532
                 100                 870                   0              95.348             2.27273             97.6207
                 100                 880                   0              95.348             2.27273             97.6207
                 100                 890                   0             97.2656             2.27273             99.5384
                 100                 900                   0             97.2656             2.27273             99.5384
                 100                 910                   0             97.3011             2.27273             99.5739
                 100                 920                   0             97.4787             2.27273             99.7514
                 100                 930                   0             97.5142             2.27273             99.7869
                 100                 940                   0             97.9759             2.27273             100.249
                 100                 950                   0             98.0824             1.13636             99.2188
                 100                 960                   0             98.1357             1.13636              99.272
                 100                 970                   0             98.2422             1.13636             99.3786
                 100                 980                   0             98.5795            0.568182             99.1477
                 100                 990                   0             99.3963            0.568182             99.9645
                 100                1000                   0             99.4496                   0             99.4496
