                  75                   0                   0              45.348             16.4773             61.8253
                  75                  10                   0             46.6619             16.4773             63.1392
                  75                  20                   0             48.0646             15.9091             63.9737
                  75                  30                   0             49.5028             15.9091             65.4119
                  75                  40                   0             49.7869               18.75             68.5369
                  75                  50                   0             51.1364             17.0455             68.1818
                  75                  60                   0              52.326             15.9091             68.2351
                  75                  70                   0             54.3146             14.2045             68.5192
                  75                  80                   0             55.7528             14.2045             69.9574
                  75                  90                   0             56.8537             14.2045             71.0582
                  75                 100                   0             58.0966             13.6364              71.733
                  75                 110                   0             59.1442             13.0682             72.2124
                  75                 120                   0             59.9254             13.0682             72.9936
                  75                 130                   0             60.5469             13.0682             73.6151
                  75                 140                   0             61.1506             13.0682             74.2188
                  75                 150                   0             62.0916             13.0682             75.1598
                  75                 160                   0             62.8018                12.5             75.3018
                  75                 170                   0             63.5831             11.3636             74.9467
                  75                 180                   0             64.0803             11.3636             75.4439
                  75                 190                   0             64.5241             11.3636             75.8878
                  75                 200                   0             65.1634             10.7955             75.9588
                  75                 210                   0              65.696             10.7955             76.4915
                  75                 220                   0              66.495             10.2273             76.7223
                  75                 230                   0              67.081             9.65909             76.7401
                  75                 240                   0             67.5604             9.65909             77.2195
                  75                 250                   0             68.1286             9.65909             77.7876
                  75                 260                   0             68.8033             9.09091             77.8942
                  75                 270                   0             69.5312             6.81818             76.3494
                  75                 280                   0             70.1705             5.68182             75.8523
                  75                 290                   0             70.8807             5.68182             76.5625
                  75                 300                   0             71.7152             4.54545             76.2607
                  75                 310                   0             72.0526             3.97727             76.0298
                  75                 320                   0              72.674             3.97727             76.6513
                  75                 330                   0             73.0114             3.97727             76.9886
                  75                 340                   0             73.6328             3.97727             77.6101
                  75                 350                   0             74.1122             3.97727             78.0895
                  75                 360                   0             74.7514             3.40909             78.1605
                  75                 370                   0             75.2308             3.40909             78.6399
                  75                 380                   0             75.5504             3.40909             78.9595
                  75                 390                   0             76.1719             3.40909              79.581
                  75                 400                   0              76.527             3.40909             79.9361
                  75                 410                   0             77.0064             2.27273             79.2791
                  75                 420                   0             77.4325             2.27273             79.7053
                  75                 430                   0             78.5866             2.27273             80.8594
                  75                 440                   0             79.0305             2.27273             81.3033
                  75                 450                   0             79.4034             2.27273             81.6761
                  75                 460                   0             79.7408             2.27273             82.0135
                  75                 470                   0             80.2734             2.27273             82.5462
                  75                 480                   0             80.9126             2.27273             83.1854
                  75                 490                   0             82.8125             2.27273             85.0852
                  75                 500                   0             83.2031             2.27273             85.4759
                  75                 510                   0              83.718             2.27273             85.9908
                  75                 520                   0             83.8956             2.27273             86.1683
                  75                 530                   0             84.6946             2.27273             86.9673
                  75                 540                   0             85.3161             2.27273             87.5888
                  75                 550                   0             85.9375             2.27273             88.2102
                  75                 560                   0              86.843             2.27273             89.1158
                  75                 570                   0             87.2159             2.27273             89.4886
                  75                 580                   0             87.4822             2.27273              89.755
                  75                 590                   0             88.3345             2.27273             90.6072
                  75                 600                   0             88.5831             2.27273             90.8558
                  75                 610                   0             88.9382             2.27273             91.2109
                  75                 620                   0             89.7727             2.27273             92.0455
                  75                 630                   0             91.0334             2.27273             93.3061
                  75                 640                   0             91.2464             2.27273             93.5192
                  75                 650                   0             91.4773             2.27273               93.75
                  75                 660                   0             91.6193             2.27273              93.892
                  75                 670                   0             91.8501             2.27273             94.1229
                  75                 680                   0             91.8501             2.27273             94.1229
                  75                 690                   0             92.0632             2.27273             94.3359
                  75                 700                   0             92.3118             2.27273             94.5845
                  75                 710                   0             92.5781             2.27273             94.8509
                  75                 720                   0             92.7024             2.27273             94.9751
                  75                 730                   0             92.9155             2.27273             95.1882
                  75                 740                   0             93.3416             2.27273             95.6143
                  75                 750                   0             94.1051             2.27273             96.3778
                  75                 760                   0             94.2294             2.27273             96.5021
                  75                 770                   0             94.2294             2.27273             96.5021
                  75                 780                   0             94.2472             2.27273             96.5199
                  75                 790                   0             94.2649             2.27273             96.5376
                  75                 800                   0             94.3182             2.27273             96.5909
                  75                 810                   0             94.4247             2.27273             96.6974
                  75                 820                   0             95.0639             2.27273             97.3366
                  75                 830                   0             95.0994             2.27273             97.3722
                  75                 840                   0             95.1172             2.27273             97.3899
                  75                 850                   0             95.1527             2.27273             97.4254
                  75                 860                   0             95.2592             2.27273              97.532
                  75                 870                   0             95.2592             2.27273              97.532
                  75                 880                   0              95.348             2.27273             97.6207
                  75                 890                   0              95.348             2.27273             97.6207
                  75                 900                   0             95.4013             2.27273              97.674
                  75                 910                   0             95.4901             2.27273             97.7628
                  75                 920                   0             95.9162             2.27273             98.1889
                  75                 930                   0             97.4432             2.27273             99.7159
                  75                 940                   0             97.4787             2.27273             99.7514
                  75                 950                   0             97.9759             2.27273             100.249
                  75                 960                   0             98.0646             1.13636              99.201
                  75                 970                   0             98.1889             1.13636             99.3253
                  75                 980                   0             98.2067             1.13636              99.343
                  75                 990                   0             98.5618            0.568182               99.13
                  75                1000                   0             98.6506            0.568182             99.2188
