                  70                   0                   0              42.152             16.4773             58.6293
                  70                  10                   0             43.2884             18.1818             61.4702
                  70                  20                   0             44.7443             17.0455             61.7898
                  70                  30                   0             46.4489             17.0455             63.4943
                  70                  40                   0             48.1534             16.4773             64.6307
                  70                  50                   0             48.3665               18.75             67.1165
                  70                  60                   0             50.2308             17.0455             67.2763
                  70                  70                   0             51.0121             16.4773             67.4893
                  70                  80                   0             52.7521             15.3409              68.093
                  70                  90                   0             53.8885             14.7727             68.6612
                  70                 100                   0             55.1847             13.6364              68.821
                  70                 110                   0             56.3743             13.6364             70.0107
                  70                 120                   0             57.6349             13.6364             71.2713
                  70                 130                   0             58.5938             13.0682             71.6619
                  70                 140                   0              59.517             13.0682             72.5852
                  70                 150                   0             60.3161             13.0682             73.3842
                  70                 160                   0              60.831                12.5              73.331
                  70                 170                   0             61.5412             13.0682             74.6094
                  70                 180                   0              62.429             11.3636             73.7926
                  70                 190                   0             63.3878             11.3636             74.7514
                  70                 200                   0             64.0092             11.3636             75.3729
                  70                 210                   0             64.5241             11.3636             75.8878
                  70                 220                   0             65.0213             11.3636             76.3849
                  70                 230                   0             65.5007             10.7955             76.2962
                  70                 240                   0             66.0511             10.2273             76.2784
                  70                 250                   0             66.7081             9.65909             76.3672
                  70                 260                   0             67.3118             9.65909             76.9709
                  70                 270                   0             67.7912             9.09091             76.8821
                  70                 280                   0              68.821             7.95455             76.7756
                  70                 290                   0             69.5135             6.81818             76.3317
                  70                 300                   0             70.0817             6.81818             76.8999
                  70                 310                   0             71.0938             4.54545             75.6392
                  70                 320                   0             71.5376             4.54545             76.0831
                  70                 330                   0             72.2124             3.97727             76.1896
                  70                 340                   0             72.8516             3.97727             76.8288
                  70                 350                   0              73.331             3.97727             77.3082
                  70                 360                   0             73.9169             3.97727             77.8942
                  70                 370                   0             74.3075             3.97727             78.2848
                  70                 380                   0             74.7514             3.97727             78.7287
                  70                 390                   0             75.4616             3.40909             78.8707
                  70                 400                   0             75.7635             3.40909             79.1726
                  70                 410                   0             76.4027             3.40909             79.8118
                  70                 420                   0             76.7933             2.27273             79.0661
                  70                 430                   0             77.3615             2.27273             79.6342
                  70                 440                   0             77.8587             2.27273             80.1314
                  70                 450                   0             78.4446             2.27273             80.7173
                  70                 460                   0             78.9418             2.27273             81.2145
                  70                 470                   0             79.2436             2.27273             81.5163
                  70                 480                   0             79.8651             2.27273             82.1378
                  70                 490                   0             80.6463             2.27273              82.919
                  70                 500                   0             81.6584             2.27273             83.9311
                  70                 510                   0             82.4396             2.27273             84.7124
                  70                 520                   0             82.9013             2.27273              85.174
                  70                 530                   0             83.1143             2.27273             85.3871
                  70                 540                   0             83.3274             2.27273             85.6001
                  70                 550                   0             84.5881             2.27273             86.8608
                  70                 560                   0             85.0675             2.27273             87.3402
                  70                 570                   0             86.4347             2.27273             88.7074
                  70                 580                   0              86.701             2.27273             88.9737
                  70                 590                   0             86.8786             2.27273             89.1513
                  70                 600                   0             88.1214             2.27273             90.3942
                  70                 610                   0             88.3168             2.27273             90.5895
                  70                 620                   0             89.4531             2.27273             91.7259
                  70                 630                   0             89.7195             2.27273             91.9922
                  70                 640                   0              90.554             2.27273             92.8267
                  70                 650                   0             90.8913             2.27273             93.1641
                  70                 660                   0             91.1222             2.27273             93.3949
                  70                 670                   0              91.282             2.27273             93.5547
                  70                 680                   0             91.7969             2.27273             94.0696
                  70                 690                   0             92.0632             2.27273             94.3359
                  70                 700                   0             92.2408             2.27273             94.5135
                  70                 710                   0             92.3473             2.27273               94.62
                  70                 720                   0             92.5959             2.27273             94.8686
                  70                 730                   0             92.7379             2.27273             95.0107
                  70                 740                   0               92.88             2.27273             95.1527
                  70                 750                   0             93.3594             2.27273             95.6321
                  70                 760                   0             94.1051             2.27273             96.3778
                  70                 770                   0             94.1761             2.27273             96.4489
                  70                 780                   0             94.1939             2.27273             96.4666
                  70                 790                   0             94.2116             2.27273             96.4844
                  70                 800                   0             94.2649             2.27273             96.5376
                  70                 810                   0             94.3359             2.27273             96.6087
                  70                 820                   0             94.3892             2.27273             96.6619
                  70                 830                   0             95.0462             2.27273             97.3189
                  70                 840                   0             95.0639             2.27273             97.3366
                  70                 850                   0             95.0817             2.27273             97.3544
                  70                 860                   0             95.2415             2.27273             97.5142
                  70                 870                   0             95.2592             2.27273              97.532
                  70                 880                   0              95.348             2.27273             97.6207
                  70                 890                   0              95.348             2.27273             97.6207
                  70                 900                   0             95.4013             2.27273              97.674
                  70                 910                   0             95.4368             2.27273             97.7095
                  70                 920                   0             95.9162             2.27273             98.1889
                  70                 930                   0             96.1293             2.27273              98.402
                  70                 940                   0             97.4432             2.27273             99.7159
                  70                 950                   0             97.5142             2.27273             99.7869
                  70                 960                   0             98.0646             1.13636              99.201
                  70                 970                   0             98.1889             1.13636             99.3253
                  70                 980                   0             98.2067             1.13636              99.343
                  70                 990                   0              98.544            0.568182             99.1122
                  70                1000                   0             98.6506            0.568182             99.2188
