                  15                   0                   0             8.93111             61.3636             70.2947
                  15                  10                   0             9.07315             61.3636             70.4368
                  15                  20                   0             9.30398             61.3636             70.6676
                  15                  30                   0             9.62358             60.2273             69.8509
                  15                  40                   0             9.96094             60.2273             70.1882
                  15                  50                   0             10.2983             58.5227              68.821
                  15                  60                   0             10.0675             57.9545              68.022
                  15                  70                   0             10.4048             56.8182              67.223
                  15                  80                   0             10.6889             55.1136             65.8026
                  15                  90                   0             10.8132             54.5455             65.3587
                  15                 100                   0             11.2038             52.8409             64.0447
                  15                 110                   0             11.4879             51.1364             62.6243
                  15                 120                   0             11.8963             49.4318             61.3281
                  15                 130                   0             12.1982             49.4318               61.63
                  15                 140                   0             12.5533             49.4318             61.9851
                  15                 150                   0             13.1037             48.8636             61.9673
                  15                 160                   0             13.6719             47.1591              60.831
                  15                 170                   0             14.1868             46.5909             60.7777
                  15                 180                   0             14.5952               43.75             58.3452
                  15                 190                   0             15.2166               43.75             58.9666
                  15                 200                   0             16.0689             39.7727             55.8416
                  15                 210                   0             16.6193             38.0682             54.6875
                  15                 220                   0             17.3651             36.9318             54.2969
                  15                 230                   0             17.9332             36.3636             54.2969
                  15                 240                   0             18.4837             33.5227             52.0064
                  15                 250                   0             19.0696             32.3864              51.456
                  15                 260                   0             19.6733             32.3864             52.0597
                  15                 270                   0             20.4723             30.6818             51.1541
                  15                 280                   0              21.005             30.6818             51.6868
                  15                 290                   0             21.9638             28.9773             50.9411
                  15                 300                   0             22.7628             27.2727             50.0355
                  15                 310                   0             23.6861             27.2727             50.9588
                  15                 320                   0             24.4141             27.2727             51.6868
                  15                 330                   0              24.929             27.2727             52.2017
                  15                 340                   0             25.6747             25.5682             51.2429
                  15                 350                   0             26.4027             25.5682             51.9709
                  15                 360                   0              27.397             24.4318             51.8288
                  15                 370                   0             28.3558             23.2955             51.6513
                  15                 380                   0             29.2081             22.7273             51.9354
                  15                 390                   0              29.723             22.1591             51.8821
                  15                 400                   0              30.451             20.4545             50.9055
                  15                 410                   0             31.3033             20.4545             51.7578
                  15                 420                   0             32.4396             19.8864              52.326
                  15                 430                   0             34.0199             19.3182             53.3381
                  15                 440                   0             36.8253             17.6136             54.4389
                  15                 450                   0              38.228             17.0455             55.2734
                  15                 460                   0              39.826             15.9091             55.7351
                  15                 470                   0             40.7315             15.9091             56.6406
                  15                 480                   0             41.9567             14.7727             56.7294
                  15                 490                   0             43.9276             13.6364             57.5639
                  15                 500                   0             44.7088             13.6364             58.3452
                  15                 510                   0             46.5554             13.6364             60.1918
                  15                 520                   0             49.7514                12.5             62.2514
                  15                 530                   0             51.2074             11.9318             63.1392
                  15                 540                   0             52.3438             11.3636             63.7074
                  15                 550                   0             53.5511             11.3636             64.9148
                  15                 560                   0             54.6342             10.2273             64.8615
                  15                 570                   0             55.0604             8.52273             63.5831
                  15                 580                   0             56.0369             7.95455             63.9915
                  15                 590                   0              56.907                6.25              63.157
                  15                 600                   0             57.9901                6.25             64.2401
                  15                 610                   0             58.5938                6.25             64.8438
                  15                 620                   0             59.4993             5.68182             65.1811
                  15                 630                   0             60.3693             5.68182             66.0511
                  15                 640                   0             60.7422             5.68182              66.424
                  15                 650                   0             62.5533             5.68182             68.2351
                  15                 660                   0              63.299             5.68182             68.9808
                  15                 670                   0             65.5185             5.68182             71.2003
                  15                 680                   0             66.1932             5.68182              71.875
                  15                 690                   0             66.8857             5.68182             72.5675
                  15                 700                   0             68.0398             5.68182             73.7216
                  15                 710                   0             70.3303             5.68182             76.0121
                  15                 720                   0             71.3068             5.68182             76.9886
                  15                 730                   0             71.8928             5.68182             77.5746
                  15                 740                   0             74.0412             5.68182              79.723
                  15                 750                   0             74.4496             5.68182             80.1314
                  15                 760                   0             76.6868             5.68182             82.3686
                  15                 770                   0             77.0064             5.68182             82.6882
                  15                 780                   0             77.4858             5.68182             83.1676
                  15                 790                   0              79.794             5.68182             85.4759
                  15                 800                   0             80.0959             5.68182             85.7777
                  15                 810                   0             80.7706             5.68182             86.4524
                  15                 820                   0               81.25             5.68182             86.9318
                  15                 830                   0             82.3686             5.11364             87.4822
                  15                 840                   0             82.8125             5.11364             87.9261
                  15                 850                   0             83.2386             5.11364             88.3523
                  15                 860                   0             84.0376             5.11364             89.1513
                  15                 870                   0             84.2507             5.11364             89.3643
                  15                 880                   0             84.5348             5.11364             89.6484
                  15                 890                   0             85.5469             5.11364             90.6605
                  15                 900                   0              85.902             5.11364             91.0156
                  15                 910                   0             86.0795             5.11364             91.1932
                  15                 920                   0             87.0916             4.54545             91.6371
                  15                 930                   0             87.5355             4.54545              92.081
                  15                 940                   0             88.4943             3.97727             92.4716
                  15                 950                   0              89.169             3.40909             92.5781
                  15                 960                   0             89.6662             3.40909             93.0753
                  15                 970                   0             90.1634             3.40909             93.5724
                  15                 980                   0             90.8558             2.27273             93.1286
                  15                 990                   0             90.9091             2.27273             93.1818
                  15                1000                   0             91.1577             2.27273             93.4304
