                   5                   0                   0             3.05398                87.5              90.554
                   5                  10                   0               3.125             88.0682             91.1932
                   5                  20                   0             3.19602             86.9318             90.1278
                   5                  30                   0             3.40909             86.3636             89.7727
                   5                  40                   0             3.48011             83.5227             87.0028
                   5                  50                   0             3.65767             84.6591             88.3168
                   5                  60                   0              3.7642             85.2273             88.9915
                   5                  70                   0             3.92401             84.6591             88.5831
                   5                  80                   0              4.0483             84.6591             88.7074
                   5                  90                   0             4.11932             84.0909             88.2102
                   5                 100                   0             4.19034             81.8182             86.0085
                   5                 110                   0             4.35014             82.3864             86.7365
                   5                 120                   0             4.77628               81.25             86.0263
                   5                 130                   0             4.77628             79.5455             84.3217
                   5                 140                   0             4.93608             76.1364             81.0724
                   5                 150                   0             5.14915             75.5682             80.7173
                   5                 160                   0             5.23793             75.5682             80.8061
                   5                 170                   0             5.34446                  75             80.3445
                   5                 180                   0             5.48651             73.2955              78.782
                   5                 190                   0             5.57528             72.7273             78.3026
                   5                 200                   0             5.82386             71.5909             77.4148
                   5                 210                   0             5.94815             71.5909             77.5391
                   5                 220                   0             6.10795             71.0227             77.1307
                   5                 230                   0             6.19673             69.8864             76.0831
                   5                 240                   0             6.69389             67.6136             74.3075
                   5                 250                   0             6.96023             65.9091             72.8693
                   5                 260                   0             7.15554             65.9091             73.0646
                   5                 270                   0             7.43963             65.3409             72.7805
                   5                 280                   0             7.58168             64.2045             71.7862
                   5                 290                   0             8.07884             63.0682              71.147
                   5                 300                   0             8.30966             61.9318             70.2415
                   5                 310                   0             8.61151             60.2273             68.8388
                   5                 320                   0              8.8956             59.6591             68.5547
                   5                 330                   0             9.23295             59.0909             68.3239
                   5                 340                   0             9.74787             57.3864             67.1342
                   5                 350                   0             10.1207             56.8182             66.9389
                   5                 360                   0             10.5291               56.25             66.7791
                   5                 370                   0             11.0085             52.8409             63.8494
                   5                 380                   0             11.4879                  50             61.4879
                   5                 390                   0             12.1094             48.2955             60.4048
                   5                 400                   0             12.9616             46.0227             58.9844
                   5                 410                   0             13.3168             44.8864             58.2031
                   5                 420                   0              13.956             44.3182             58.2741
                   5                 430                   0             14.5597             42.6136             57.1733
                   5                 440                   0             15.2166             40.3409             55.5575
                   5                 450                   0              15.483             39.7727             55.2557
                   5                 460                   0             16.2287             39.2045             55.4332
                   5                 470                   0             16.6371             38.0682             54.7053
                   5                 480                   0             17.2408             36.3636             53.6044
                   5                 490                   0             18.6435             34.6591             53.3026
                   5                 500                   0             19.3714             34.0909             53.4624
                   5                 510                   0             20.7031             32.9545             53.6577
                   5                 520                   0             21.0582             31.8182             52.8764
                   5                 530                   0             22.3189               31.25             53.5689
                   5                 540                   0             23.5618             29.5455             53.1072
                   5                 550                   0             25.1953             29.5455             54.7408
                   5                 560                   0             26.7933             28.9773             55.7706
                   5                 570                   0             28.4268             27.8409             56.2678
                   5                 580                   0             29.9716             23.2955              53.267
                   5                 590                   0             30.2912             22.7273             53.0185
                   5                 600                   0             31.4098             22.1591             53.5689
                   5                 610                   0             32.6527             21.0227             53.6754
                   5                 620                   0             33.5938             21.0227             54.6165
                   5                 630                   0             34.9609             19.8864             54.8473
                   5                 640                   0             36.6832             17.6136             54.2969
                   5                 650                   0             37.6243             16.4773             54.1016
                   5                 660                   0             40.1811             14.7727             54.9538
                   5                 670                   0             41.0689             14.2045             55.2734
                   5                 680                   0             42.2763             14.2045             56.4808
                   5                 690                   0             43.5369             13.6364             57.1733
                   5                 700                   0             44.9574                12.5             57.4574
                   5                 710                   0             47.1413                12.5             59.6413
                   5                 720                   0             49.0234             11.3636             60.3871
                   5                 730                   0             49.3075             11.3636             60.6712
                   5                 740                   0             52.6989             10.2273             62.9261
                   5                 750                   0             55.1669             10.2273             65.3942
                   5                 760                   0             56.5696             8.52273             65.0923
                   5                 770                   0             57.7415             8.52273             66.2642
                   5                 780                   0             58.9844             8.52273             67.5071
                   5                 790                   0             61.0795             8.52273             69.6023
                   5                 800                   0             61.8253             8.52273              70.348
                   5                 810                   0             62.3935             8.52273             70.9162
                   5                 820                   0             64.1513             8.52273              72.674
                   5                 830                   0             66.5661             8.52273             75.0888
                   5                 840                   0             67.8622             7.38636             75.2486
                   5                 850                   0             70.0639                6.25             76.3139
                   5                 860                   0             70.9339                6.25             77.1839
                   5                 870                   0             73.2067                6.25             79.4567
                   5                 880                   0             77.7876                6.25             84.0376
                   5                 890                   0             78.3026                6.25             84.5526
                   5                 900                   0             79.1726                6.25             85.4226
                   5                 910                   0             79.4212                6.25             85.6712
                   5                 920                   0               80.38                6.25               86.63
                   5                 930                   0             80.8416                6.25             87.0916
                   5                 940                   0             81.0902                6.25             87.3402
                   5                 950                   0             82.8125                6.25             89.0625
                   5                 960                   0             83.3097                6.25             89.5597
                   5                 970                   0             83.9134                6.25             90.1634
                   5                 980                   0             84.8544             5.68182             90.5362
                   5                 990                   0             85.3516             4.54545              89.897
                   5                1000                   0             85.5114             4.54545             90.0568
