                  65                   0                   0             39.1868             19.3182              58.505
                  65                  10                   0             40.0213               18.75             58.7713
                  65                  20                   0             41.2642             17.6136             58.8778
                  65                  30                   0             42.7379             17.6136             60.3516
                  65                  40                   0             44.2472             17.6136             61.8608
                  65                  50                   0             45.0994               18.75             63.8494
                  65                  60                   0             46.8572             18.1818             65.0391
                  65                  70                   0             48.3487             15.9091             64.2578
                  65                  80                   0             50.6214             15.3409             65.9624
                  65                  90                   0             51.6335             15.9091             67.5426
                  65                 100                   0             52.4503             15.3409             67.7912
                  65                 110                   0             53.8352             13.6364             67.4716
                  65                 120                   0             54.8118             13.6364             68.4482
                  65                 130                   0             56.1257             13.6364             69.7621
                  65                 140                   0             57.2443             13.6364             70.8807
                  65                 150                   0             58.3097             13.0682             71.3778
                  65                 160                   0             59.1087                12.5             71.6087
                  65                 170                   0             59.6946             13.0682             72.7628
                  65                 180                   0             60.4403             13.0682             73.5085
                  65                 190                   0             61.2571                12.5             73.7571
                  65                 200                   0             62.1626             11.3636             73.5263
                  65                 210                   0             62.7841             11.3636             74.1477
                  65                 220                   0             63.4411             11.3636             74.8047
                  65                 230                   0             63.9915             11.3636             75.3551
                  65                 240                   0             64.5064             11.3636               75.87
                  65                 250                   0             64.8615             11.3636             76.2251
                  65                 260                   0             65.3409             10.2273             75.5682
                  65                 270                   0             66.1044             9.65909             75.7635
                  65                 280                   0             66.7791             9.09091               75.87
                  65                 290                   0              67.223             9.09091             76.3139
                  65                 300                   0             68.0398             7.95455             75.9943
                  65                 310                   0             68.7322             7.95455             76.6868
                  65                 320                   0             69.2116             7.38636              76.598
                  65                 330                   0             70.3125             5.11364             75.4261
                  65                 340                   0             71.0405             5.11364             76.1541
                  65                 350                   0             71.8395             3.97727             75.8168
                  65                 360                   0             72.3366             3.97727             76.3139
                  65                 370                   0             73.0469             3.97727             77.0241
                  65                 380                   0             73.4908             3.97727              77.468
                  65                 390                   0             74.4851             3.97727             78.4624
                  65                 400                   0             74.8224             3.97727             78.7997
                  65                 410                   0             75.3374             3.97727             79.3146
                  65                 420                   0             76.3317             3.40909             79.7408
                  65                 430                   0              76.669             2.27273             78.9418
                  65                 440                   0             77.0952             2.27273             79.3679
                  65                 450                   0             77.7699             2.27273             80.0426
                  65                 460                   0              78.267             2.27273             80.5398
                  65                 470                   0             78.7642             2.27273             81.0369
                  65                 480                   0             79.1016             2.27273             81.3743
                  65                 490                   0             79.5632             2.27273             81.8359
                  65                 500                   0             80.0426             2.27273             82.3153
                  65                 510                   0             80.6996             2.27273             82.9723
                  65                 520                   0             81.7827             2.27273             84.0554
                  65                 530                   0             82.4041             2.27273             84.6768
                  65                 540                   0             82.8303             2.27273              85.103
                  65                 550                   0             83.3097             2.27273             85.5824
                  65                 560                   0             83.8068             2.27273             86.0795
                  65                 570                   0              85.032             2.27273             87.3047
                  65                 580                   0             86.2038             2.27273             88.4766
                  65                 590                   0             86.4879             2.27273             88.7607
                  65                 600                   0              87.358             2.27273             89.6307
                  65                 610                   0             87.6953             2.27273              89.968
                  65                 620                   0             88.0149             2.27273             90.2876
                  65                 630                   0              88.956             2.27273             91.2287
                  65                 640                   0             89.8793             2.27273              92.152
                  65                 650                   0             90.1989             2.27273             92.4716
                  65                 660                   0             90.4119             2.27273             92.6847
                  65                 670                   0              90.696             2.27273             92.9688
                  65                 680                   0             90.9091             2.27273             93.1818
                  65                 690                   0             91.4062             2.27273              93.679
                  65                 700                   0             91.6903             2.27273             93.9631
                  65                 710                   0             91.8501             2.27273             94.1229
                  65                 720                   0             92.1697             2.27273             94.4425
                  65                 730                   0             92.4893             2.27273             94.7621
                  65                 740                   0             92.5959             2.27273             94.8686
                  65                 750                   0             93.1108             2.27273             95.3835
                  65                 760                   0             93.3061             2.27273             95.5788
                  65                 770                   0             93.9631             2.27273             96.2358
                  65                 780                   0             93.9986             2.27273             96.2713
                  65                 790                   0             94.0518             2.27273             96.3246
                  65                 800                   0             94.1051             2.27273             96.3778
                  65                 810                   0             94.1761             2.27273             96.4489
                  65                 820                   0             94.1939             2.27273             96.4666
                  65                 830                   0             94.8686             2.27273             97.1413
                  65                 840                   0             94.8864             2.27273             97.1591
                  65                 850                   0             94.9929             2.27273             97.2656
                  65                 860                   0             95.1349             2.27273             97.4077
                  65                 870                   0             95.1705             2.27273             97.4432
                  65                 880                   0             95.2592             2.27273              97.532
                  65                 890                   0             95.2592             2.27273              97.532
                  65                 900                   0             95.3125             2.27273             97.5852
                  65                 910                   0             95.3658             2.27273             97.6385
                  65                 920                   0             95.8807             2.27273             98.1534
                  65                 930                   0             96.0938             2.27273             98.3665
                  65                 940                   0             96.2003             2.27273              98.473
                  65                 950                   0             97.5142             2.27273             99.7869
                  65                 960                   0             98.0646             1.13636              99.201
                  65                 970                   0             98.1357             1.13636              99.272
                  65                 980                   0             98.2067             1.13636              99.343
                  65                 990                   0              98.544            0.568182             99.1122
                  65                1000                   0             98.5973            0.568182             99.1655
