                  95                   0                   0             56.0192             15.3409             71.3601
                  95                  10                   0             54.4389             16.4773             70.9162
                  95                  20                   0             56.6939             16.4773             73.1712
                  95                  30                   0             58.4339             14.7727             73.2067
                  95                  40                   0             59.9964             15.3409             75.3374
                  95                  50                   0             61.2926             14.2045             75.4972
                  95                  60                   0             62.0206             13.0682             75.0888
                  95                  70                   0              62.429             13.0682             75.4972
                  95                  80                   0             63.1747             13.6364             76.8111
                  95                  90                   0              64.027                12.5              76.527
                  95                 100                   0             64.5952             11.9318              76.527
                  95                 110                   0             65.1456             11.9318             77.0774
                  95                 120                   0             65.6605             11.9318             77.5923
                  95                 130                   0             66.1932             11.9318              78.125
                  95                 140                   0             66.7259             11.3636             78.0895
                  95                 150                   0             67.4538             9.09091             76.5447
                  95                 160                   0             68.1286             9.09091             77.2195
                  95                 170                   0             68.5014             9.09091             77.5923
                  95                 180                   0             69.0163             8.52273             77.5391
                  95                 190                   0             69.5845             7.95455             77.5391
                  95                 200                   0             70.0994             6.81818             76.9176
                  95                 210                   0             70.4368             6.81818              77.255
                  95                 220                   0             71.2891                6.25             77.5391
                  95                 230                   0              71.875             5.68182             77.5568
                  95                 240                   0             72.3722             5.68182              78.054
                  95                 250                   0             72.7983             3.40909             76.2074
                  95                 260                   0             73.3665             3.40909             76.7756
                  95                 270                   0             73.9879             3.40909              77.397
                  95                 280                   0             74.4141             3.40909             77.8232
                  95                 290                   0              74.929             3.40909             78.3381
                  95                 300                   0             75.5682             3.40909             78.9773
                  95                 310                   0             76.1009             3.40909             79.5099
                  95                 320                   0             76.8466             3.40909             80.2557
                  95                 330                   0             77.2372             3.40909             80.6463
                  95                 340                   0             77.6989             3.40909              81.108
                  95                 350                   0              78.054             3.40909             81.4631
                  95                 360                   0             78.4979             3.40909              81.907
                  95                 370                   0             78.9595             2.27273             81.2322
                  95                 380                   0             79.5277             2.27273             81.8004
                  95                 390                   0             80.2557             2.27273             82.5284
                  95                 400                   0              80.593             2.27273             82.8658
                  95                 410                   0              81.179             2.27273             83.4517
                  95                 420                   0             81.7472             2.27273             84.0199
                  95                 430                   0             82.5284             2.27273             84.8011
                  95                 440                   0             83.0256             2.27273             85.2983
                  95                 450                   0             83.6825             2.27273             85.9553
                  95                 460                   0             84.0554             2.27273             86.3281
                  95                 470                   0              84.375             2.27273             86.6477
                  95                 480                   0             84.8544             2.27273             87.1271
                  95                 490                   0             85.1562             2.27273              87.429
                  95                 500                   0             85.4403             2.27273             87.7131
                  95                 510                   0             86.0618             2.27273             88.3345
                  95                 520                   0              86.701             2.27273             88.9737
                  95                 530                   0             86.9851             2.27273             89.2578
                  95                 540                   0             87.8551             2.27273             90.1278
                  95                 550                   0             88.4233             2.27273              90.696
                  95                 560                   0             89.1335             2.27273             91.4062
                  95                 570                   0             89.3466             2.27273             91.6193
                  95                 580                   0             89.5419             2.27273             91.8146
                  95                 590                   0             90.2521             2.27273             92.5249
                  95                 600                   0             90.5185             2.27273             92.7912
                  95                 610                   0             90.5895             2.27273             92.8622
                  95                 620                   0             91.5128             2.27273             93.7855
                  95                 630                   0             91.6016             2.27273             93.8743
                  95                 640                   0             91.7791             2.27273             94.0518
                  95                 650                   0             91.8857             2.27273             94.1584
                  95                 660                   0             92.0632             2.27273             94.3359
                  95                 670                   0             92.2763             2.27273              94.549
                  95                 680                   0             92.5426             2.27273             94.8153
                  95                 690                   0             92.6669             2.27273             94.9396
                  95                 700                   0             92.7734             2.27273             95.0462
                  95                 710                   0              93.093             2.27273             95.3658
                  95                 720                   0             93.5014             2.27273             95.7741
                  95                 730                   0             94.1229             2.27273             96.3956
                  95                 740                   0             94.2294             2.27273             96.5021
                  95                 750                   0             94.3004             2.27273             96.5732
                  95                 760                   0             94.3004             2.27273             96.5732
                  95                 770                   0             94.3359             2.27273             96.6087
                  95                 780                   0             94.3359             2.27273             96.6087
                  95                 790                   0             94.3714             2.27273             96.6442
                  95                 800                   0             94.4247             2.27273             96.6974
                  95                 810                   0             95.0284             2.27273             97.3011
                  95                 820                   0             95.0994             2.27273             97.3722
                  95                 830                   0             95.1349             2.27273             97.4077
                  95                 840                   0             95.1527             2.27273             97.4254
                  95                 850                   0             95.1705             2.27273             97.4432
                  95                 860                   0             95.2592             2.27273              97.532
                  95                 870                   0              95.348             2.27273             97.6207
                  95                 880                   0              95.348             2.27273             97.6207
                  95                 890                   0             95.3835             2.27273             97.6562
                  95                 900                   0             97.2656             2.27273             99.5384
                  95                 910                   0             97.2656             2.27273             99.5384
                  95                 920                   0             97.4254             2.27273             99.6982
                  95                 930                   0             97.5142             2.27273             99.7869
                  95                 940                   0             97.5142             2.27273             99.7869
                  95                 950                   0             98.0646             1.13636              99.201
                  95                 960                   0             98.0824             1.13636             99.2188
                  95                 970                   0             98.2244             1.13636             99.3608
                  95                 980                   0             98.5795            0.568182             99.1477
                  95                 990                   0             98.6683            0.568182             99.2365
                  95                1000                   0             99.4496                   0             99.4496
