                  40                   0                   0             23.9702             32.9545             56.9247
                  40                  10                   0             24.7337             32.3864               57.12
                  40                  20                   0             25.4972               31.25             56.7472
                  40                  30                   0             26.2784             29.5455             55.8239
                  40                  40                   0             26.7933             28.9773             55.7706
                  40                  50                   0             27.5391             27.8409               55.38
                  40                  60                   0             28.4268             27.2727             55.6996
                  40                  70                   0             29.0305             25.5682             54.5987
                  40                  80                   0             29.9183             24.4318             54.3501
                  40                  90                   0             30.3622             23.8636             54.2259
                  40                 100                   0             31.0902             23.2955             54.3857
                  40                 110                   0             32.3686             22.1591             54.5277
                  40                 120                   0             33.3274             21.5909             54.9183
                  40                 130                   0             34.6058             21.0227             55.6286
                  40                 140                   0             35.6889             20.4545             56.1435
                  40                 150                   0             37.4645             19.3182             56.7827
                  40                 160                   0             39.2756             19.3182             58.5938
                  40                 170                   0             40.4474             18.1818             58.6293
                  40                 180                   0             41.7791             18.1818             59.9609
                  40                 190                   0             43.2173             16.4773             59.6946
                  40                 200                   0             44.2472             15.9091             60.1562
                  40                 210                   0             45.3658             15.9091             61.2749
                  40                 220                   0             46.5376             14.2045             60.7422
                  40                 230                   0             48.1534             14.2045              62.358
                  40                 240                   0             48.8814             14.2045             63.0859
                  40                 250                   0                  50             13.6364             63.6364
                  40                 260                   0             51.0298             13.0682              64.098
                  40                 270                   0             51.7223             13.0682             64.7905
                  40                 280                   0              53.196             13.0682             66.2642
                  40                 290                   0             54.4922             13.0682             67.5604
                  40                 300                   0             55.1491             13.0682             68.2173
                  40                 310                   0             55.8594             13.0682             68.9276
                  40                 320                   0             57.2976             11.9318             69.2294
                  40                 330                   0             58.1854             11.9318             70.1172
                  40                 340                   0             58.8778             11.9318             70.8097
                  40                 350                   0             60.9908             10.7955             71.7862
                  40                 360                   0             61.6122             10.7955             72.4077
                  40                 370                   0             62.2159             10.2273             72.4432
                  40                 380                   0             63.1037             10.2273              73.331
                  40                 390                   0             63.5831             9.09091              72.674
                  40                 400                   0             64.0803             9.09091             73.1712
                  40                 410                   0             64.6839             7.38636             72.0703
                  40                 420                   0             65.1989             7.38636             72.5852
                  40                 430                   0             65.9446             6.81818             72.7628
                  40                 440                   0             66.4595             6.81818             73.2777
                  40                 450                   0             67.1697             6.81818             73.9879
                  40                 460                   0              68.093             5.68182             73.7749
                  40                 470                   0             68.6967             3.97727              72.674
                  40                 480                   0             69.5135             3.97727             73.4908
                  40                 490                   0             70.6321             3.97727             74.6094
                  40                 500                   0             71.4666             3.97727             75.4439
                  40                 510                   0             71.9105             3.97727             75.8878
                  40                 520                   0             72.2834             3.97727             76.2607
                  40                 530                   0             72.9759             3.97727             76.9531
                  40                 540                   0             73.8281             3.97727             77.8054
                  40                 550                   0             75.2663             3.97727             79.2436
                  40                 560                   0             75.8523             3.97727             79.8295
                  40                 570                   0             76.2429             3.97727             80.2202
                  40                 580                   0             76.7401             3.97727             80.7173
                  40                 590                   0             77.5213             3.97727             81.4986
                  40                 600                   0             78.0895             3.97727             82.0668
                  40                 610                   0             79.0838             3.97727             83.0611
                  40                 620                   0             79.7763             3.97727             83.7536
                  40                 630                   0             80.2379             3.97727             84.2152
                  40                 640                   0             81.1435             3.97727             85.1207
                  40                 650                   0             82.9368             3.40909             86.3459
                  40                 660                   0             83.5582             3.40909             86.9673
                  40                 670                   0             85.2983             2.84091             88.1392
                  40                 680                   0             86.4879             2.27273             88.7607
                  40                 690                   0             87.2869             2.27273             89.5597
                  40                 700                   0             87.7308             2.27273             90.0036
                  40                 710                   0             88.7962             2.27273             91.0689
                  40                 720                   0             89.5774             2.27273             91.8501
                  40                 730                   0             89.7905             2.27273             92.0632
                  40                 740                   0             90.0036             2.27273             92.2763
                  40                 750                   0             90.3587             2.27273             92.6314
                  40                 760                   0             90.8203             2.27273              93.093
                  40                 770                   0             91.0511             2.27273             93.3239
                  40                 780                   0             91.3885             2.27273             93.6612
                  40                 790                   0             91.7436             2.27273             94.0163
                  40                 800                   0             92.5604             2.27273             94.8331
                  40                 810                   0             92.7202             2.27273             94.9929
                  40                 820                   0             92.9688             2.27273             95.2415
                  40                 830                   0             93.0753             2.27273              95.348
                  40                 840                   0             93.8033             2.27273              96.076
                  40                 850                   0              93.821             2.27273             96.0938
                  40                 860                   0             94.0163             2.27273             96.2891
                  40                 870                   0             94.0874             2.27273             96.3601
                  40                 880                   0             94.1584             2.27273             96.4311
                  40                 890                   0             94.2472             2.27273             96.5199
                  40                 900                   0             94.3004             2.27273             96.5732
                  40                 910                   0             94.3359             2.27273             96.6087
                  40                 920                   0             94.8686             2.27273             97.1413
                  40                 930                   0             95.0639             2.27273             97.3366
                  40                 940                   0             95.1172             2.27273             97.3899
                  40                 950                   0             95.1705             2.27273             97.4432
                  40                 960                   0             95.5256             2.27273             97.7983
                  40                 970                   0             96.3778             1.13636             97.5142
                  40                 980                   0             96.3956             1.13636              97.532
                  40                 990                   0             97.3366             1.13636              98.473
                  40                1000                   0             97.6918            0.568182             98.2599
