                  45                   0                   0             27.2195             29.5455             56.7649
                  45                  10                   0             27.7876             28.9773             56.7649
                  45                  20                   0             28.5511             26.7045             55.2557
                  45                  30                   0             29.3146             26.7045             56.0192
                  45                  40                   0             30.3267             24.4318             54.7585
                  45                  50                   0             30.9837             24.4318             55.4155
                  45                  60                   0             31.7116             23.2955             55.0071
                  45                  70                   0             32.4751             22.1591             54.6342
                  45                  80                   0             33.0433             22.1591             55.2024
                  45                  90                   0             34.0376             22.1591             56.1967
                  45                 100                   0             35.4581             22.1591             57.6172
                  45                 110                   0             36.6122             21.0227             57.6349
                  45                 120                   0             38.1925             19.8864             58.0788
                  45                 130                   0             39.6662             19.3182             58.9844
                  45                 140                   0             41.1044             17.0455             58.1499
                  45                 150                   0             42.9332             17.0455             59.9787
                  45                 160                   0             45.4901             17.0455             62.5355
                  45                 170                   0             47.0703             15.9091             62.9794
                  45                 180                   0             48.2067             15.9091             64.1158
                  45                 190                   0             49.5916             14.2045             63.7962
                  45                 200                   0              50.728             14.2045             64.9325
                  45                 210                   0              51.456             14.2045             65.6605
                  45                 220                   0             52.4325             14.2045             66.6371
                  45                 230                   0             53.6399             13.6364             67.2763
                  45                 240                   0             54.9893             13.0682             68.0575
                  45                 250                   0             56.0902             13.0682             69.1584
                  45                 260                   0             56.8182             13.0682             69.8864
                  45                 270                   0             57.6172             13.0682             70.6854
                  45                 280                   0             58.5227             13.0682             71.5909
                  45                 290                   0             59.3572                12.5             71.8572
                  45                 300                   0             60.4048                12.5             72.9048
                  45                 310                   0             61.2749             11.3636             72.6385
                  45                 320                   0             62.3402             11.3636             73.7038
                  45                 330                   0             62.6598             10.7955             73.4553
                  45                 340                   0             62.9794             10.7955             73.7749
                  45                 350                   0             63.6009             10.2273             73.8281
                  45                 360                   0             64.4886             9.65909             74.1477
                  45                 370                   0             64.7372             9.65909             74.3963
                  45                 380                   0             65.1278             7.38636             72.5142
                  45                 390                   0             65.6072             7.38636             72.9936
                  45                 400                   0             66.2464             7.38636             73.6328
                  45                 410                   0             67.2053             6.81818             74.0234
                  45                 420                   0             67.8089             6.81818             74.6271
                  45                 430                   0             68.4304             6.81818             75.2486
                  45                 440                   0             69.7443             5.68182             75.4261
                  45                 450                   0             70.5078             5.11364             75.6214
                  45                 460                   0             71.3068             3.97727             75.2841
                  45                 470                   0             71.8572             3.97727             75.8345
                  45                 480                   0             72.5675             3.40909             75.9766
                  45                 490                   0             72.9048             3.40909             76.3139
                  45                 500                   0             73.5618             3.40909             76.9709
                  45                 510                   0             73.9347             3.40909             77.3438
                  45                 520                   0             75.0533             3.40909             78.4624
                  45                 530                   0             75.9766             3.40909             79.3857
                  45                 540                   0             76.4915             3.40909             79.9006
                  45                 550                   0             77.1307             3.40909             80.5398
                  45                 560                   0              77.326             3.40909             80.7351
                  45                 570                   0             77.9652             3.40909             81.3743
                  45                 580                   0             79.1726             3.40909             82.5817
                  45                 590                   0             79.4744             3.40909             82.8835
                  45                 600                   0             80.8416             3.40909             84.2507
                  45                 610                   0             82.3509             2.84091             85.1918
                  45                 620                   0             83.5405             2.27273             85.8132
                  45                 630                   0             84.2862             2.27273             86.5589
                  45                 640                   0              85.973             2.27273             88.2457
                  45                 650                   0             86.2571             2.27273             88.5298
                  45                 660                   0             86.9673             2.27273             89.2401
                  45                 670                   0             87.2869             2.27273             89.5597
                  45                 680                   0             89.0447             2.27273             91.3175
                  45                 690                   0             89.4176             2.27273             91.6903
                  45                 700                   0             89.5419             2.27273             91.8146
                  45                 710                   0             89.9325             2.27273             92.2053
                  45                 720                   0             90.2344             2.27273             92.5071
                  45                 730                   0             90.5362             2.27273             92.8089
                  45                 740                   0             90.7138             2.27273             92.9865
                  45                 750                   0             91.0866             2.27273             93.3594
                  45                 760                   0             91.4773             2.27273               93.75
                  45                 770                   0             91.6903             2.27273             93.9631
                  45                 780                   0             91.9922             2.27273             94.2649
                  45                 790                   0               92.88             2.27273             95.1527
                  45                 800                   0             93.1641             2.27273             95.4368
                  45                 810                   0             93.2706             2.27273             95.5433
                  45                 820                   0             93.2706             2.27273             95.5433
                  45                 830                   0             93.4837             2.27273             95.7564
                  45                 840                   0             94.1584             2.27273             96.4311
                  45                 850                   0             94.1939             2.27273             96.4666
                  45                 860                   0             94.3359             2.27273             96.6087
                  45                 870                   0              94.407             2.27273             96.6797
                  45                 880                   0              94.407             2.27273             96.6797
                  45                 890                   0             94.4957             2.27273             96.7685
                  45                 900                   0              94.549             2.27273             96.8217
                  45                 910                   0             94.6555             2.27273             96.9283
                  45                 920                   0             95.1705             2.27273             97.4432
                  45                 930                   0             95.3835             2.27273             97.6562
                  45                 940                   0             95.4368             2.27273             97.7095
                  45                 950                   0             95.4901             2.27273             97.7628
                  45                 960                   0             95.8452             2.27273             98.1179
                  45                 970                   0             96.6974             1.13636             97.8338
                  45                 980                   0              97.532             1.13636             98.6683
                  45                 990                   0             97.5852             1.13636             98.7216
                  45                1000                   0             97.9759            0.568182              98.544
