                  10                   0                   0             2.36151             81.8182             84.1797
                  10                  10                   0             2.36151             81.8182             84.1797
                  10                  20                   0             2.59233               81.25             83.8423
                  10                  30                   0             3.24929             80.6818             83.9311
                  10                  40                   0             5.53977             77.8409             83.3807
                  10                  50                   0             7.06676             77.2727             84.3395
                  10                  60                   0             8.80682                  75             83.8068
                  10                  70                   0             9.96094             71.5909             81.5518
                  10                  80                   0             13.3345             68.1818             81.5163
                  10                  90                   0             14.8793             67.6136             82.4929
                  10                 100                   0              16.282             65.3409             81.6229
                  10                 110                   0             18.1286             64.7727             82.9013
                  10                 120                   0             19.4957             64.7727             84.2685
                  10                 130                   0             19.8864             64.7727             84.6591
                  10                 140                   0              21.218             63.0682             84.2862
                  10                 150                   0             22.1058             63.0682              85.174
                  10                 160                   0             24.3786             61.3636             85.7422
                  10                 170                   0             25.7102             61.3636             87.0739
                  10                 180                   0             26.9531             61.3636             88.3168
                  10                 190                   0              27.255             61.3636             88.6186
                  10                 200                   0              28.267             60.2273             88.4943
                  10                 210                   0             31.1257             55.1136             86.2393
                  10                 220                   0             31.7294             55.1136              86.843
                  10                 230                   0             33.2741             53.9773             87.2514
                  10                 240                   0             33.2741             53.9773             87.2514
                  10                 250                   0             33.5405             53.9773             87.5178
                  10                 260                   0             34.1974             53.9773             88.1747
                  10                 270                   0             34.4105             53.9773             88.3878
                  10                 280                   0             35.2983             53.9773             89.2756
                  10                 290                   0             37.7486             51.7045             89.4531
                  10                 300                   0             40.2521             48.8636             89.1158
                  10                 310                   0             42.1697             46.0227             88.1925
                  10                 320                   0             43.5902             45.4545             89.0447
                  10                 330                   0             44.2294             45.4545             89.6839
                  10                 340                   0              44.407             45.4545             89.8615
                  10                 350                   0             45.0462             45.4545             90.5007
                  10                 360                   0             45.1527             43.1818             88.3345
                  10                 370                   0             46.2536             41.4773             87.7308
                  10                 380                   0             46.6264             40.3409             86.9673
                  10                 390                   0             47.6918             38.6364             86.3281
                  10                 400                   0             48.9347             38.6364              87.571
                  10                 410                   0             50.4084             35.2273             85.6357
                  10                 420                   0             51.0831             35.2273             86.3104
                  10                 430                   0             52.1662             34.6591             86.8253
                  10                 440                   0              53.125             34.0909             87.2159
                  10                 450                   0             54.2436             33.5227             87.7663
                  10                 460                   0             55.2912             33.5227             88.8139
                  10                 470                   0             56.4098             28.4091             84.8189
                  10                 480                   0             57.2266             28.4091             85.6357
                  10                 490                   0             57.9545             28.4091             86.3636
                  10                 500                   0             59.8544                  25             84.8544
                  10                 510                   0             63.8139             19.3182             83.1321
                  10                 520                   0             64.3821             19.3182             83.7003
                  10                 530                   0             64.3821             19.3182             83.7003
                  10                 540                   0             64.5952             19.3182             83.9134
                  10                 550                   0             66.0334             18.1818             84.2152
                  10                 560                   0             67.5071             15.3409              82.848
                  10                 570                   0             67.5071             15.3409              82.848
                  10                 580                   0              68.093             10.7955             78.8885
                  10                 590                   0             69.3892             9.09091             78.4801
                  10                 600                   0              69.407             9.09091             78.4979
                  10                 610                   0             69.4425             9.09091             78.5334
                  10                 620                   0             69.4602             9.09091             78.5511
                  10                 630                   0             69.6023             9.09091             78.6932
                  10                 640                   0             69.7088             9.09091             78.7997
                  10                 650                   0             71.1115             8.52273             79.6342
                  10                 660                   0             71.1115             8.52273             79.6342
                  10                 670                   0             71.5909             8.52273             80.1136
                  10                 680                   0             71.6264             8.52273             80.1491
                  10                 690                   0             71.6974             8.52273             80.2202
                  10                 700                   0             71.7862             8.52273             80.3089
                  10                 710                   0             73.2955             8.52273             81.8182
                  10                 720                   0             73.2955             8.52273             81.8182
                  10                 730                   0             76.1896             5.68182             81.8714
                  10                 740                   0             76.2962             5.68182              81.978
                  10                 750                   0             76.2962             5.68182              81.978
                  10                 760                   0             76.4382             5.11364             81.5518
                  10                 770                   0             76.4915             5.11364             81.6051
                  10                 780                   0             76.4915             5.11364             81.6051
                  10                 790                   0             76.4915             5.11364             81.6051
                  10                 800                   0             76.4915             5.11364             81.6051
                  10                 810                   0             76.4915             5.11364             81.6051
                  10                 820                   0             76.4915             5.11364             81.6051
                  10                 830                   0             76.4915             5.11364             81.6051
                  10                 840                   0             76.4915             5.11364             81.6051
                  10                 850                   0             76.5092             5.11364             81.6229
                  10                 860                   0             76.5447             5.11364             81.6584
                  10                 870                   0              76.598             5.11364             81.7116
                  10                 880                   0              76.598             5.11364             81.7116
                  10                 890                   0              76.598             5.11364             81.7116
                  10                 900                   0             76.6513             5.11364             81.7649
                  10                 910                   0             76.7223             5.11364             81.8359
                  10                 920                   0             76.7223             5.11364             81.8359
                  10                 930                   0             76.7223             5.11364             81.8359
                  10                 940                   0             76.7223             5.11364             81.8359
                  10                 950                   0             76.7223             5.11364             81.8359
                  10                 960                   0             76.7223             5.11364             81.8359
                  10                 970                   0             76.7223             5.11364             81.8359
                  10                 980                   0             76.7223             5.11364             81.8359
                  10                 990                   0             76.7933             5.11364              81.907
                  10                1000                   0             76.9354             5.11364              82.049
