                  95                   0                   0             6.07244             34.0909             40.1634
                  95                  10                   0             6.67614               31.25             37.9261
                  95                  20                   0             7.43963             30.1136             37.5533
                  95                  30                   0             7.12003             36.3636             43.4837
                  95                  40                   0             7.93679             36.3636             44.3004
                  95                  50                   0             9.17969             29.5455             38.7251
                  95                  60                   0             9.76562               31.25             41.0156
                  95                  70                   0             10.6357             29.5455             40.1811
                  95                  80                   0             10.2273             25.5682             35.7955
                  95                  90                   0             10.5291             22.7273             33.2564
                  95                 100                   0              13.157             22.1591             35.3161
                  95                 110                   0             13.9027             22.1591             36.0618
                  95                 120                   0             14.9503             23.2955             38.2457
                  95                 130                   0             15.4474             20.4545              35.902
                  95                 140                   0             16.0156               18.75             34.7656
                  95                 150                   0             16.8679             18.1818             35.0497
                  95                 160                   0             17.8089             17.0455             34.8544
                  95                 170                   0             18.7855             16.4773             35.2628
                  95                 180                   0             19.5312             16.4773             36.0085
                  95                 190                   0             20.1882             16.4773             36.6655
                  95                 200                   0             20.6676             16.4773             37.1449
                  95                 210                   0             21.1293             16.4773             37.6065
                  95                 220                   0             22.0526             16.4773             38.5298
                  95                 230                   0             24.7159             16.4773             41.1932
                  95                 240                   0             25.6925             15.9091             41.6016
                  95                 250                   0             27.7344             14.2045             41.9389
                  95                 260                   0             28.5689             14.2045             42.7734
                  95                 270                   0             30.0249             13.6364             43.6612
                  95                 280                   0             30.4332             13.6364             44.0696
                  95                 290                   0             33.9844             13.6364             47.6207
                  95                 300                   0                37.5             13.6364             51.1364
                  95                 310                   0             38.5653             11.9318             50.4972
                  95                 320                   0             39.7727             11.3636             51.1364
                  95                 330                   0             42.4183             9.65909             52.0774
                  95                 340                   0             44.3892             9.65909             54.0483
                  95                 350                   0              46.147             9.65909             55.8061
                  95                 360                   0             47.2124             9.65909             56.8714
                  95                 370                   0             48.6328             9.65909             58.2919
                  95                 380                   0                  50             9.09091             59.0909
                  95                 390                   0             50.4439             8.52273             58.9666
                  95                 400                   0             53.2138             8.52273             61.7365
                  95                 410                   0             54.2791             8.52273             62.8018
                  95                 420                   0             55.1314             7.95455             63.0859
                  95                 430                   0             56.5518             7.38636             63.9382
                  95                 440                   0             57.2088             7.38636             64.5952
                  95                 450                   0             58.7358             7.38636             66.1222
                  95                 460                   0             60.0142             6.81818             66.8324
                  95                 470                   0             65.3232             3.97727             69.3004
                  95                 480                   0             65.9801             3.97727             69.9574
                  95                 490                   0             66.6548             3.97727             70.6321
                  95                 500                   0             67.4361             3.97727             71.4134
                  95                 510                   0             67.8977             3.97727              71.875
                  95                 520                   0             69.1584             2.84091             71.9993
                  95                 530                   0             69.5845             2.84091             72.4254
                  95                 540                   0             71.9815             2.84091             74.8224
                  95                 550                   0             70.7741             2.84091             73.6151
                  95                 560                   0             72.7273             2.27273                  75
                  95                 570                   0             75.8523             2.27273              78.125
                  95                 580                   0             76.5803             2.27273              78.853
                  95                 590                   0             76.0121             2.27273             78.2848
                  95                 600                   0             76.2962             3.40909             79.7053
                  95                 610                   0             76.6513             3.40909             80.0604
                  95                 620                   0             76.8288             3.40909             80.2379
                  95                 630                   0             77.2195             3.40909             80.6286
                  95                 640                   0              79.652             3.40909             83.0611
                  95                 650                   0             82.4929             2.27273             84.7656
                  95                 660                   0             83.4872             2.27273             85.7599
                  95                 670                   0             83.9134             2.27273             86.1861
                  95                 680                   0             84.0732             2.27273             86.3459
                  95                 690                   0             84.1087             2.27273             86.3814
                  95                 700                   0              84.304             2.27273             86.5767
                  95                 710                   0             81.6051             6.81818             88.4233
                  95                 720                   0             81.6939             6.81818             88.5121
                  95                 730                   0             81.7294             6.81818             88.5476
                  95                 740                   0             82.9368             6.81818              89.755
                  95                 750                   0             83.0788             6.81818              89.897
                  95                 760                   0             83.6825             6.81818             90.5007
                  95                 770                   0             84.0021             6.81818             90.8203
                  95                 780                   0             84.1442             6.81818             90.9624
                  95                 790                   0              84.233             6.81818             91.0511
                  95                 800                   0             84.5526             6.81818             91.3707
                  95                 810                   0             83.8956             6.81818             90.7138
                  95                 820                   0             87.1094                6.25             93.3594
                  95                 830                   0             87.3757                6.25             93.6257
                  95                 840                   0              87.429                6.25              93.679
                  95                 850                   0             87.4645                6.25             93.7145
                  95                 860                   0             87.4645                6.25             93.7145
                  95                 870                   0             87.4822                6.25             93.7322
                  95                 880                   0             87.4822                6.25             93.7322
                  95                 890                   0             87.4822                6.25             93.7322
                  95                 900                   0             87.5178                6.25             93.7678
                  95                 910                   0              87.571                6.25              93.821
                  95                 920                   0              87.571                6.25              93.821
                  95                 930                   0             87.6243                6.25             93.8743
                  95                 940                   0             87.8729                6.25             94.1229
                  95                 950                   0             87.9084                6.25             94.1584
                  95                 960                   0             87.9261                6.25             94.1761
                  95                 970                   0             87.9972                6.25             94.2472
                  95                 980                   0             87.9972                6.25             94.2472
                  95                 990                   0             88.1037                6.25             94.3537
                  95                1000                   0             88.1214                6.25             94.3714
