                  45                   0                   0            0.514915             61.3636             61.8786
                  45                  10                   0            0.674716             57.9545             58.6293
                  45                  20                   0             0.65696             53.9773             54.6342
                  45                  30                   0            0.727983             54.5455             55.2734
                  45                  40                   0            0.727983             52.8409             53.5689
                  45                  50                   0            0.852273             48.8636             49.7159
                  45                  60                   0              1.4027             46.0227             47.4254
                  45                  70                   0             1.50923               43.75             45.2592
                  45                  80                   0             1.86435             41.4773             43.3416
                  45                  90                   0             1.89986             40.9091             42.8089
                  45                 100                   0             2.36151             34.6591             37.0206
                  45                 110                   0             2.78764             35.2273             38.0149
                  45                 120                   0             2.89418             30.6818              33.576
                  45                 130                   0             3.23153             28.4091             31.6406
                  45                 140                   0             3.21378             27.2727             30.4865
                  45                 150                   0             3.30256             31.8182             35.1207
                  45                 160                   0              3.4446             29.5455             32.9901
                  45                 170                   0             4.54545             26.1364             30.6818
                  45                 180                   0             4.35014             29.5455             33.8956
                  45                 190                   0             5.84162             31.8182             37.6598
                  45                 200                   0              6.8892             27.2727             34.1619
                  45                 210                   0              8.2919             23.2955             31.5874
                  45                 220                   0             8.23864             24.4318             32.6705
                  45                 230                   0             8.30966                  25             33.3097
                  45                 240                   0             8.57599             22.7273             31.3033
                  45                 250                   0              9.0554             22.7273             31.7827
                  45                 260                   0             9.14418             24.4318              33.576
                  45                 270                   0             9.76562             23.8636             33.6293
                  45                 280                   0             10.7777             23.2955             34.0732
                  45                 290                   0             11.3104             23.2955             34.6058
                  45                 300                   0             11.3814             23.2955             34.6768
                  45                 310                   0             11.7898             23.8636             35.6534
                  45                 320                   0             12.6243             23.2955             35.9197
                  45                 330                   0             12.8374             23.2955             36.1328
                  45                 340                   0              13.299             23.2955             36.5945
                  45                 350                   0             14.3999             23.2955             37.6953
                  45                 360                   0             14.6839             22.1591              36.843
                  45                 370                   0             14.9858             20.4545             35.4403
                  45                 380                   0             15.5717             19.8864             35.4581
                  45                 390                   0             16.7969             19.8864             36.6832
                  45                 400                   0             17.4361             19.8864             37.3224
                  45                 410                   0             19.1939             19.8864             39.0803
                  45                 420                   0             19.8864             19.8864             39.7727
                  45                 430                   0             21.2358             19.3182              40.554
                  45                 440                   0             21.5909             17.0455             38.6364
                  45                 450                   0             20.4545             13.6364             34.0909
                  45                 460                   0             19.8153                12.5             32.3153
                  45                 470                   0             20.4723                12.5             32.9723
                  45                 480                   0             21.0227                12.5             33.5227
                  45                 490                   0             23.6506             11.9318             35.5824
                  45                 500                   0             23.8814             11.3636              35.245
                  45                 510                   0             26.1009             11.9318             38.0327
                  45                 520                   0              26.456             11.9318             38.3878
                  45                 530                   0             26.9354             11.9318             38.8672
                  45                 540                   0              27.983             11.9318             39.9148
                  45                 550                   0              29.652             11.9318             41.5838
                  45                 560                   0             30.4865             11.9318             42.4183
                  45                 570                   0             32.5284             11.3636              43.892
                  45                 580                   0             32.0845             11.3636             43.4482
                  45                 590                   0             32.4751             11.3636             43.8388
                  45                 600                   0             34.1619             11.3636             45.5256
                  45                 610                   0             34.7656             10.7955             45.5611
                  45                 620                   0             34.9609             10.7955             45.7564
                  45                 630                   0             35.4936             10.7955             46.2891
                  45                 640                   0             38.9915                12.5             51.4915
                  45                 650                   0              39.897             11.3636             51.2607
                  45                 660                   0             41.4595             11.3636             52.8232
                  45                 670                   0             44.8864             9.65909             54.5455
                  45                 680                   0             45.7209                12.5             58.2209
                  45                 690                   0             46.1648                12.5             58.6648
                  45                 700                   0             46.4844             11.9318             58.4162
                  45                 710                   0             46.5554             11.3636              57.919
                  45                 720                   0             46.7862             11.3636             58.1499
                  45                 730                   0             47.1591             11.3636             58.5227
                  45                 740                   0             48.1179             11.3636             59.4815
                  45                 750                   0             50.3374             7.38636             57.7237
                  45                 760                   0             50.8523             7.38636             58.2386
                  45                 770                   0             51.1009             7.38636             58.4872
                  45                 780                   0             53.0362             6.81818             59.8544
                  45                 790                   0             54.9361             6.81818             61.7543
                  45                 800                   0             55.5575             6.81818             62.3757
                  45                 810                   0             56.5341             6.81818             63.3523
                  45                 820                   0             56.7116             6.81818             63.5298
                  45                 830                   0             58.9844             6.81818             65.8026
                  45                 840                   0             60.6534             6.81818             67.4716
                  45                 850                   0              63.228             6.81818             70.0462
                  45                 860                   0             63.6364             6.81818             70.4545
                  45                 870                   0             63.6719             6.81818             70.4901
                  45                 880                   0             63.8317             6.81818             70.6499
                  45                 890                   0             63.9382             6.81818             70.7564
                  45                 900                   0             65.7493             6.81818             72.5675
                  45                 910                   0             67.0987             6.81818             73.9169
                  45                 920                   0             67.1342             6.81818             73.9524
                  45                 930                   0              67.223             6.81818             74.0412
                  45                 940                   0             67.3118             6.81818               74.13
                  45                 950                   0             67.3295             6.81818             74.1477
                  45                 960                   0              67.951             6.81818             74.7692
                  45                 970                   0             68.3594             6.81818             75.1776
                  45                 980                   0             68.5369             6.81818             75.3551
                  45                 990                   0               69.62             6.81818             76.4382
                  45                1000                   0             69.6378             6.81818              76.456
