                   0                   0                   0                   0                 100                 100
                   0                  10                   0                   0                 100                 100
                   0                  20                   0                   0                 100                 100
                   0                  30                   0                   0                 100                 100
                   0                  40                   0                   0                 100                 100
                   0                  50                   0                   0                 100                 100
                   0                  60                   0                   0                 100                 100
                   0                  70                   0                   0                 100                 100
                   0                  80                   0                   0                 100                 100
                   0                  90                   0                   0                 100                 100
                   0                 100                   0                   0                 100                 100
                   0                 110                   0                   0                 100                 100
                   0                 120                   0                   0                 100                 100
                   0                 130                   0                   0                 100                 100
                   0                 140                   0                   0             99.4318             99.4318
                   0                 150                   0                   0             99.4318             99.4318
                   0                 160                   0                   0             98.8636             98.8636
                   0                 170                   0                   0             98.8636             98.8636
                   0                 180                   0                   0             98.2955             98.2955
                   0                 190                   0                   0             97.7273             97.7273
                   0                 200                   0                   0               93.75               93.75
                   0                 210                   0             0.12429                87.5             87.6243
                   0                 220                   0           0.0887784             80.6818             80.7706
                   0                 230                   0           0.0177557             71.0227             71.0405
                   0                 240                   0             0.24858             65.3409             65.5895
                   0                 250                   0            0.443892             56.8182             57.2621
                   0                 260                   0            0.479403             53.9773             54.4567
                   0                 270                   0            0.550426             52.8409             53.3913
                   0                 280                   0            0.603693             51.1364             51.7401
                   0                 290                   0            0.727983             46.5909             47.3189
                   0                 300                   0             0.90554             44.3182             45.2237
                   0                 310                   0            0.958807             38.6364             39.5952
                   0                 320                   0             1.04759             36.9318             37.9794
                   0                 330                   0              1.5625             39.2045              40.767
                   0                 340                   0             1.61577             35.7955             37.4112
                   0                 350                   0             1.66903             35.7955             37.4645
                   0                 360                   0             1.86435             38.0682             39.9325
                   0                 370                   0              1.8821                37.5             39.3821
                   0                 380                   0             1.93537             34.6591             36.5945
                   0                 390                   0             1.98864             34.0909             36.0795
                   0                 400                   0             2.00639             30.6818             32.6882
                   0                 410                   0             2.02415             27.8409             29.8651
                   0                 420                   0              2.0419             27.2727             29.3146
                   0                 430                   0             2.27273             27.2727             29.5455
                   0                 440                   0             2.27273             27.2727             29.5455
                   0                 450                   0             2.30824             22.1591             24.4673
                   0                 460                   0             2.73438             19.8864             22.6207
                   0                 470                   0             2.91193               18.75             21.6619
                   0                 480                   0             2.82315             17.6136             20.4368
                   0                 490                   0             3.08949             16.4773             19.5668
                   0                 500                   0             3.37358             15.3409             18.7145
                   0                 510                   0             3.55114             15.3409              18.892
                   0                 520                   0             3.74645             14.2045              17.951
                   0                 530                   0             3.81747             14.2045              18.022
                   0                 540                   0             4.03054             11.9318             15.9624
                   0                 550                   0             4.11932             11.9318             16.0511
                   0                 560                   0             5.37997             14.2045             19.5845
                   0                 570                   0             5.41548             14.7727             20.1882
                   0                 580                   0             5.82386             14.2045             20.0284
                   0                 590                   0             5.85938             13.6364             19.4957
                   0                 600                   0             8.22088             15.3409             23.5618
                   0                 610                   0             8.36293             15.3409             23.7038
                   0                 620                   0             8.87784             14.2045             23.0824
                   0                 630                   0             8.84233             21.5909             30.4332
                   0                 640                   0             9.17969             21.0227             30.2024
                   0                 650                   0             9.23295             20.4545             29.6875
                   0                 660                   0             9.28622             19.3182             28.6044
                   0                 670                   0             9.39276             19.3182             28.7109
                   0                 680                   0             9.42827               18.75             28.1783
                   0                 690                   0             10.3161             14.2045             24.5206
                   0                 700                   0             10.4759             14.2045             24.6804
                   0                 710                   0             10.8842             11.9318             22.8161
                   0                 720                   0             11.0263             11.9318             22.9581
                   0                 730                   0             11.2038             11.9318             23.1357
                   0                 740                   0             12.7486             17.6136             30.3622
                   0                 750                   0             13.3878             17.0455             30.4332
                   0                 760                   0             13.5476             17.0455              30.593
                   0                 770                   0             13.6009             17.0455             30.6463
                   0                 780                   0             14.1158             17.0455             31.1612
                   0                 790                   0              15.696             10.2273             25.9233
                   0                 800                   0             17.1875             14.2045              31.392
                   0                 810                   0             18.0398             14.2045             32.2443
                   0                 820                   0             18.0398             14.2045             32.2443
                   0                 830                   0             18.4659             14.2045             32.6705
                   0                 840                   0             19.5845             14.2045             33.7891
                   0                 850                   0             20.0817             14.2045             34.2862
                   0                 860                   0             21.2536             14.2045             35.4581
                   0                 870                   0             22.8338             14.2045             37.0384
                   0                 880                   0             23.3665             14.2045              37.571
                   0                 890                   0              23.402             14.2045             37.6065
                   0                 900                   0             23.4375             14.2045              37.642
                   0                 910                   0              23.544             14.2045             37.7486
                   0                 920                   0             23.6328             13.0682              36.701
                   0                 930                   0             23.8104             13.0682             36.8786
                   0                 940                   0             24.1477             13.0682             37.2159
                   0                 950                   0             24.6626             13.0682             37.7308
                   0                 960                   0             26.0476             13.0682             39.1158
                   0                 970                   0             28.4091             13.6364             42.0455
                   0                 980                   0              28.853             13.6364             42.4893
                   0                 990                   0             29.5632             13.6364             43.1996
                   0                1000                   0             29.8118             13.6364             43.4482
