                  10                   0                   0                   0             97.7273             97.7273
                  10                  10                   0                   0             97.7273             97.7273
                  10                  20                   0                   0             97.7273             97.7273
                  10                  30                   0                   0             97.7273             97.7273
                  10                  40                   0                   0             97.7273             97.7273
                  10                  50                   0                   0             96.5909             96.5909
                  10                  60                   0                   0             96.0227             96.0227
                  10                  70                   0                   0             95.4545             95.4545
                  10                  80                   0                   0             92.0455             92.0455
                  10                  90                   0                   0             91.4773             91.4773
                  10                 100                   0                   0             89.7727             89.7727
                  10                 110                   0                   0             86.9318             86.9318
                  10                 120                   0                   0               81.25               81.25
                  10                 130                   0                   0             76.7045             76.7045
                  10                 140                   0                   0             70.4545             70.4545
                  10                 150                   0                   0             64.7727             64.7727
                  10                 160                   0             0.12429             56.8182             56.9425
                  10                 170                   0             0.12429                  50             50.1243
                  10                 180                   0            0.142045             44.8864             45.0284
                  10                 190                   0            0.284091             42.6136             42.8977
                  10                 200                   0            0.213068             42.6136             42.8267
                  10                 210                   0            0.230824                37.5             37.7308
                  10                 220                   0            0.301847             35.7955             36.0973
                  10                 230                   0            0.355114             32.3864             32.7415
                  10                 240                   0            0.390625             30.1136             30.5043
                  10                 250                   0             0.53267             27.8409             28.3736
                  10                 260                   0            0.674716             27.2727             27.9474
                  10                 270                   0             1.75781             28.9773             30.7351
                  10                 280                   0             1.84659             27.2727             29.1193
                  10                 290                   0              2.2017                  25             27.2017
                  10                 300                   0              2.2017             23.8636             26.0653
                  10                 310                   0             2.55682             20.4545             23.0114
                  10                 320                   0             3.03622             19.8864             22.9226
                  10                 330                   0             2.91193             19.3182             22.2301
                  10                 340                   0             3.05398             16.4773             19.5312
                  10                 350                   0             3.37358             17.0455              20.419
                  10                 360                   0             3.62216             15.9091             19.5312
                  10                 370                   0             3.90625             17.6136             21.5199
                  10                 380                   0             4.15483               18.75             22.9048
                  10                 390                   0             4.19034             18.1818             22.3722
                  10                 400                   0             4.45668             14.7727             19.2294
                  10                 410                   0             4.58097             14.2045             18.7855
                  10                 420                   0             4.58097             13.0682             17.6491
                  10                 430                   0             4.65199                12.5              17.152
                  10                 440                   0             4.81179             10.7955             15.6072
                  10                 450                   0             5.27344             10.7955             16.0689
                  10                 460                   0             6.48082             27.2727             33.7536
                  10                 470                   0             5.78835             9.09091             14.8793
                  10                 480                   0             6.37429             7.95455             14.3288
                  10                 490                   0             7.26207             14.2045             21.4666
                  10                 500                   0             7.63494             13.6364             21.2713
                  10                 510                   0              7.9723             13.6364             21.6087
                  10                 520                   0             8.16761             13.6364              21.804
                  10                 530                   0             9.71236             17.0455             26.7578
                  10                 540                   0             10.2273             17.0455             27.2727
                  10                 550                   0             10.4403             16.4773             26.9176
                  10                 560                   0             11.3459             22.7273             34.0732
                  10                 570                   0             12.4645               18.75             31.2145
                  10                 580                   0             12.4467             17.0455             29.4922
                  10                 590                   0             12.5533             17.0455             29.5987
                  10                 600                   0             15.3764             15.9091             31.2855
                  10                 610                   0             14.7905             13.6364             28.4268
                  10                 620                   0             15.5007             13.0682             28.5689
                  10                 630                   0             15.9268             13.0682              28.995
                  10                 640                   0             16.2464             13.0682             29.3146
                  10                 650                   0             17.0455             13.0682             30.1136
                  10                 660                   0             17.1697             13.0682             30.2379
                  10                 670                   0             14.5774             13.0682             27.6456
                  10                 680                   0             15.1456             13.0682             28.2138
                  10                 690                   0             17.2053             14.2045             31.4098
                  10                 700                   0              18.093             14.2045             32.2976
                  10                 710                   0             20.6321             14.2045             34.8366
                  10                 720                   0             19.8686             9.09091             28.9595
                  10                 730                   0              20.206             9.09091             29.2969
                  10                 740                   0             20.5433             9.09091             29.6342
                  10                 750                   0             20.5611             9.09091              29.652
                  10                 760                   0             21.8572             13.6364             35.4936
                  10                 770                   0             22.1591             13.6364             35.7955
                  10                 780                   0             23.0469             13.6364             36.6832
                  10                 790                   0             23.0824             13.6364             36.7188
                  10                 800                   0             24.6449             13.6364             38.2812
                  10                 810                   0             25.4972             13.6364             39.1335
                  10                 820                   0             24.7692             17.6136             42.3828
                  10                 830                   0             24.7159             17.6136             42.3295
                  10                 840                   0             24.9645             17.6136             42.5781
                  10                 850                   0             25.0888             17.6136             42.7024
                  10                 860                   0             26.2784             17.6136              43.892
                  10                 870                   0             26.8821             17.6136             44.4957
                  10                 880                   0             25.8168             15.3409             41.1577
                  10                 890                   0             29.6697             15.9091             45.5788
                  10                 900                   0              30.522             15.3409             45.8629
                  10                 910                   0              30.522             15.3409             45.8629
                  10                 920                   0              32.049             15.3409             47.3899
                  10                 930                   0             34.1797             17.6136             51.7933
                  10                 940                   0              34.304             17.6136             51.9176
                  10                 950                   0             35.4581             17.0455             52.5036
                  10                 960                   0             37.9972             17.6136             55.6108
                  10                 970                   0             39.0625             17.6136             56.6761
                  10                 980                   0             38.1925             17.6136             55.8061
                  10                 990                   0             39.2756             17.6136             56.8892
                  10                1000                   0             39.3821             17.6136             56.9957
