                   5                   0                   0                   0                 100                 100
                   5                  10                   0                   0                 100                 100
                   5                  20                   0                   0             98.8636             98.8636
                   5                  30                   0                   0             98.8636             98.8636
                   5                  40                   0                   0             98.8636             98.8636
                   5                  50                   0                   0             98.8636             98.8636
                   5                  60                   0                   0             97.7273             97.7273
                   5                  70                   0                   0             97.7273             97.7273
                   5                  80                   0                   0             96.5909             96.5909
                   5                  90                   0                   0             96.5909             96.5909
                   5                 100                   0                   0             96.0227             96.0227
                   5                 110                   0                   0             95.4545             95.4545
                   5                 120                   0                   0             94.3182             94.3182
                   5                 130                   0                   0             91.4773             91.4773
                   5                 140                   0           0.0177557             91.4773              91.495
                   5                 150                   0                   0             84.6591             84.6591
                   5                 160                   0                   0             76.7045             76.7045
                   5                 170                   0             0.12429             72.7273             72.8516
                   5                 180                   0             0.12429             66.4773             66.6016
                   5                 190                   0             0.12429             57.9545             58.0788
                   5                 200                   0             0.12429             53.4091             53.5334
                   5                 210                   0                   0             48.2955             48.2955
                   5                 220                   0            0.355114             46.5909              46.946
                   5                 230                   0            0.159801             42.6136             42.7734
                   5                 240                   0            0.674716             41.4773              42.152
                   5                 250                   0            0.745739             38.6364             39.3821
                   5                 260                   0            0.337358             38.0682             38.4055
                   5                 270                   0            0.408381             38.6364             39.0447
                   5                 280                   0            0.603693             36.3636             36.9673
                   5                 290                   0            0.727983             34.6591             35.3871
                   5                 300                   0             1.86435             35.2273             37.0916
                   5                 310                   0             1.86435             34.0909             35.9553
                   5                 320                   0             1.79332             31.8182             33.6115
                   5                 330                   0             1.81108             28.9773             30.7884
                   5                 340                   0             1.91761             25.5682             27.4858
                   5                 350                   0             2.00639                  25             27.0064
                   5                 360                   0             2.50355             23.8636             26.3672
                   5                 370                   0             2.52131             21.5909             24.1122
                   5                 380                   0             2.71662             21.0227             23.7393
                   5                 390                   0             2.78764               18.75             21.5376
                   5                 400                   0             2.85866             18.1818             21.0405
                   5                 410                   0             3.00071             18.1818             21.1825
                   5                 420                   0             3.16051             18.1818             21.3423
                   5                 430                   0             3.30256             15.9091             19.2116
                   5                 440                   0             3.42685             14.7727             18.1996
                   5                 450                   0             3.51562             13.6364              17.152
                   5                 460                   0             3.58665                12.5             16.0866
                   5                 470                   0             3.71094             10.7955             14.5064
                   5                 480                   0             3.85298             10.2273             14.0803
                   5                 490                   0             4.11932             8.52273              12.642
                   5                 500                   0             4.15483             8.52273             12.6776
                   5                 510                   0             4.65199             7.38636             12.0384
                   5                 520                   0             4.81179             7.38636             12.1982
                   5                 530                   0             5.23793                6.25             11.4879
                   5                 540                   0             5.55753             6.81818             12.3757
                   5                 550                   0             6.51634             9.65909             16.1754
                   5                 560                   0             7.13778             9.65909             16.7969
                   5                 570                   0             8.75355             11.9318             20.6854
                   5                 580                   0             9.35724             11.3636             20.7209
                   5                 590                   0              10.245             15.9091             26.1541
                   5                 600                   0             10.8132             16.4773             27.2905
                   5                 610                   0             11.1683             15.9091             27.0774
                   5                 620                   0             11.2393             15.3409             26.5803
                   5                 630                   0             11.5945             15.9091             27.5036
                   5                 640                   0             11.7188             15.9091             27.6278
                   5                 650                   0             12.5355             18.1818             30.7173
                   5                 660                   0             13.0504             15.3409             28.3913
                   5                 670                   0             13.4588             13.6364             27.0952
                   5                 680                   0             14.2933             13.6364             27.9297
                   5                 690                   0             14.5952             13.0682             27.6634
                   5                 700                   0             14.9148             14.7727             29.6875
                   5                 710                   0             16.8146             10.2273             27.0419
                   5                 720                   0             17.0277             10.2273              27.255
                   5                 730                   0             17.1697             10.2273              27.397
                   5                 740                   0             17.2053             9.65909             26.8643
                   5                 750                   0              19.549             18.1818             37.7308
                   5                 760                   0             18.3239             14.2045             32.5284
                   5                 770                   0             18.6435             14.2045              32.848
                   5                 780                   0             18.9098             13.6364             32.5462
                   5                 790                   0               19.62             13.0682             32.6882
                   5                 800                   0             21.4844             8.52273             30.0071
                   5                 810                   0             21.6974             8.52273             30.2202
                   5                 820                   0             22.4254             13.0682             35.4936
                   5                 830                   0             22.5675             13.6364             36.2038
                   5                 840                   0              22.674             13.6364             36.3104
                   5                 850                   0              24.343             13.6364             37.9794
                   5                 860                   0             24.5384             13.6364             38.1747
                   5                 870                   0              25.071             13.6364             38.7074
                   5                 880                   0             27.2195             13.0682             40.2876
                   5                 890                   0             27.2727             13.0682             40.3409
                   5                 900                   0             27.9474             13.0682             41.0156
                   5                 910                   0              28.196             13.0682             41.2642
                   5                 920                   0             27.2195                12.5             39.7195
                   5                 930                   0             26.3672             17.0455             43.4126
                   5                 940                   0             29.1371             17.0455             46.1825
                   5                 950                   0             27.5746             17.0455               44.62
                   5                 960                   0             27.7521             17.0455             44.7976
                   5                 970                   0             27.7876             15.3409             43.1286
                   5                 980                   0             30.0426             15.3409             45.3835
                   5                 990                   0             30.2202             15.3409             45.5611
                   5                1000                   0             30.2912             17.6136             47.9048
