                  95                   0                   0             64.4886             26.1364              90.625
                  95                  10                   0             85.3516             2.84091             88.1925
                  95                  20                   0             85.8132             2.84091             88.6541
                  95                  30                   0             86.3459             2.27273             88.6186
                  95                  40                   0             87.2337             1.70455             88.9382
                  95                  50                   0             88.0327             1.70455             89.7372
                  95                  60                   0             88.5653             1.70455             90.2699
                  95                  70                   0             89.5774             1.13636             90.7138
                  95                  80                   0             90.4119            0.568182             90.9801
                  95                  90                   0             91.5483            0.568182             92.1165
                  95                 100                   0             92.9155            0.568182             93.4837
                  95                 110                   0             93.6257            0.568182             94.1939
                  95                 120                   0             94.4425            0.568182             95.0107
                  95                 130                   0             95.7386            0.568182             96.3068
                  95                 140                   0             96.7685            0.568182             97.3366
                  95                 150                   0              97.532            0.568182             98.1001
                  95                 160                   0             98.1001            0.568182             98.6683
                  95                 170                   0             98.5085            0.568182             99.0767
                  95                 180                   0             98.7749            0.568182              99.343
                  95                 190                   0              99.201            0.568182             99.7692
                  95                 200                   0             99.6094            0.568182             100.178
                  95                 210                   0             99.7337            0.568182             100.302
                  95                 220                   0             99.8224            0.568182             100.391
                  95                 230                   0             99.8402            0.568182             100.408
                  95                 240                   0             99.8402            0.568182             100.408
                  95                 250                   0              99.858            0.568182             100.426
                  95                 260                   0              99.858            0.568182             100.426
                  95                 270                   0              99.858            0.568182             100.426
                  95                 280                   0              99.858            0.568182             100.426
                  95                 290                   0              99.858            0.568182             100.426
                  95                 300                   0             99.8935            0.568182             100.462
                  95                 310                   0             99.8935            0.568182             100.462
                  95                 320                   0             99.8935            0.568182             100.462
                  95                 330                   0             99.8935            0.568182             100.462
                  95                 340                   0             99.8935            0.568182             100.462
                  95                 350                   0             99.8935            0.568182             100.462
                  95                 360                   0             99.9112            0.568182             100.479
                  95                 370                   0             99.9112            0.568182             100.479
                  95                 380                   0             99.9112            0.568182             100.479
                  95                 390                   0             99.9112            0.568182             100.479
                  95                 400                   0             99.9112            0.568182             100.479
                  95                 410                   0             99.9112            0.568182             100.479
                  95                 420                   0             99.9112            0.568182             100.479
                  95                 430                   0             99.9112            0.568182             100.479
                  95                 440                   0             99.9112            0.568182             100.479
                  95                 450                   0             99.9112            0.568182             100.479
                  95                 460                   0             99.9112                   0             99.9112
                  95                 470                   0             99.9467                   0             99.9467
                  95                 480                   0             99.9645                   0             99.9645
                  95                 490                   0             99.9645                   0             99.9645
                  95                 500                   0             99.9645                   0             99.9645
                  95                 510                   0             99.9645                   0             99.9645
                  95                 520                   0             99.9645                   0             99.9645
                  95                 530                   0             99.9645                   0             99.9645
                  95                 540                   0             99.9645                   0             99.9645
                  95                 550                   0             99.9645                   0             99.9645
                  95                 560                   0             99.9645                   0             99.9645
                  95                 570                   0                 100                   0                 100
                  95                 580                   0                 100                   0                 100
                  95                 590                   0                 100                   0                 100
                  95                 600                   0                 100                   0                 100
                  95                 610                   0                 100                   0                 100
                  95                 620                   0                 100                   0                 100
                  95                 630                   0                 100                   0                 100
                  95                 640                   0                 100                   0                 100
                  95                 650                   0                 100                   0                 100
                  95                 660                   0                 100                   0                 100
                  95                 670                   0                 100                   0                 100
                  95                 680                   0                 100                   0                 100
                  95                 690                   0                 100                   0                 100
                  95                 700                   0                 100                   0                 100
                  95                 710                   0                 100                   0                 100
                  95                 720                   0                 100                   0                 100
                  95                 730                   0                 100                   0                 100
                  95                 740                   0                 100                   0                 100
                  95                 750                   0                 100                   0                 100
                  95                 760                   0                 100                   0                 100
                  95                 770                   0                 100                   0                 100
                  95                 780                   0                 100                   0                 100
                  95                 790                   0                 100                   0                 100
                  95                 800                   0                 100                   0                 100
                  95                 810                   0                 100                   0                 100
                  95                 820                   0                 100                   0                 100
                  95                 830                   0                 100                   0                 100
                  95                 840                   0                 100                   0                 100
                  95                 850                   0                 100                   0                 100
                  95                 860                   0                 100                   0                 100
                  95                 870                   0                 100                   0                 100
                  95                 880                   0                 100                   0                 100
                  95                 890                   0                 100                   0                 100
                  95                 900                   0                 100                   0                 100
                  95                 910                   0                 100                   0                 100
                  95                 920                   0                 100                   0                 100
                  95                 930                   0                 100                   0                 100
                  95                 940                   0                 100                   0                 100
                  95                 950                   0                 100                   0                 100
                  95                 960                   0                 100                   0                 100
                  95                 970                   0                 100                   0                 100
                  95                 980                   0                 100                   0                 100
                  95                 990                   0                 100                   0                 100
                  95                1000                   0                 100                   0                 100
