                  60                   0                   0              43.679             53.9773             97.6562
                  60                  10                   0             48.4553             52.2727             100.728
                  60                  20                   0             48.8281             50.5682             99.3963
                  60                  30                   0             49.2188             49.4318             98.6506
                  60                  40                   0             49.7337             47.7273             97.4609
                  60                  50                   0             50.5149             47.1591              97.674
                  60                  60                   0             53.7287             41.4773              95.206
                  60                  70                   0             58.7003             32.9545             91.6548
                  60                  80                   0             61.2571             28.4091             89.6662
                  60                  90                   0             62.5355             27.2727             89.8082
                  60                 100                   0             63.7784             26.7045              90.483
                  60                 110                   0              64.755             26.7045             91.4595
                  60                 120                   0             69.6555             20.4545             90.1101
                  60                 130                   0              71.076               18.75              89.826
                  60                 140                   0             72.2834             18.1818             90.4652
                  60                 150                   0             75.4972             15.3409             90.8381
                  60                 160                   0             78.4624             13.6364             92.0987
                  60                 170                   0             79.9183                12.5             92.4183
                  60                 180                   0             84.9609             7.95455             92.9155
                  60                 190                   0             86.0973             7.95455             94.0518
                  60                 200                   0             92.7379            0.568182             93.3061
                  60                 210                   0             94.0518            0.568182               94.62
                  60                 220                   0             95.1172            0.568182             95.6854
                  60                 230                   0             96.5199            0.568182             97.0881
                  60                 240                   0             97.4432            0.568182             98.0114
                  60                 250                   0             97.7983            0.568182             98.3665
                  60                 260                   0             98.3665            0.568182             98.9347
                  60                 270                   0             98.6683            0.568182             99.2365
                  60                 280                   0             98.9169            0.568182             99.4851
                  60                 290                   0             99.0945            0.568182             99.6626
                  60                 300                   0             99.0945            0.568182             99.6626
                  60                 310                   0             99.1655            0.568182             99.7337
                  60                 320                   0             99.1655            0.568182             99.7337
                  60                 330                   0             99.1655            0.568182             99.7337
                  60                 340                   0              99.201            0.568182             99.7692
                  60                 350                   0              99.201            0.568182             99.7692
                  60                 360                   0              99.343            0.568182             99.9112
                  60                 370                   0             99.3608            0.568182              99.929
                  60                 380                   0             99.4141            0.568182             99.9822
                  60                 390                   0             99.4673            0.568182             100.036
                  60                 400                   0             99.5916            0.568182              100.16
                  60                 410                   0             99.6626            0.568182             100.231
                  60                 420                   0             99.6804            0.568182             100.249
                  60                 430                   0             99.6982            0.568182             100.266
                  60                 440                   0             99.7337            0.568182             100.302
                  60                 450                   0             99.7337            0.568182             100.302
                  60                 460                   0             99.7337            0.568182             100.302
                  60                 470                   0             99.7337            0.568182             100.302
                  60                 480                   0             99.8402            0.568182             100.408
                  60                 490                   0             99.8757            0.568182             100.444
                  60                 500                   0             99.8757            0.568182             100.444
                  60                 510                   0             99.8757            0.568182             100.444
                  60                 520                   0             99.8757            0.568182             100.444
                  60                 530                   0             99.8935            0.568182             100.462
                  60                 540                   0             99.8935            0.568182             100.462
                  60                 550                   0             99.8935            0.568182             100.462
                  60                 560                   0             99.8935            0.568182             100.462
                  60                 570                   0             99.8935            0.568182             100.462
                  60                 580                   0             99.8935            0.568182             100.462
                  60                 590                   0             99.8935            0.568182             100.462
                  60                 600                   0             99.8935            0.568182             100.462
                  60                 610                   0             99.8935            0.568182             100.462
                  60                 620                   0             99.8935            0.568182             100.462
                  60                 630                   0             99.8935            0.568182             100.462
                  60                 640                   0             99.8935            0.568182             100.462
                  60                 650                   0             99.8935            0.568182             100.462
                  60                 660                   0             99.8935            0.568182             100.462
                  60                 670                   0             99.8935            0.568182             100.462
                  60                 680                   0             99.8935            0.568182             100.462
                  60                 690                   0             99.8935            0.568182             100.462
                  60                 700                   0             99.8935            0.568182             100.462
                  60                 710                   0             99.8935            0.568182             100.462
                  60                 720                   0             99.8935            0.568182             100.462
                  60                 730                   0             99.9112            0.568182             100.479
                  60                 740                   0             99.9112            0.568182             100.479
                  60                 750                   0             99.9112            0.568182             100.479
                  60                 760                   0             99.9467            0.568182             100.515
                  60                 770                   0             99.9467            0.568182             100.515
                  60                 780                   0             99.9467            0.568182             100.515
                  60                 790                   0             99.9467                   0             99.9467
                  60                 800                   0             99.9467                   0             99.9467
                  60                 810                   0             99.9467                   0             99.9467
                  60                 820                   0             99.9467                   0             99.9467
                  60                 830                   0             99.9467                   0             99.9467
                  60                 840                   0             99.9467                   0             99.9467
                  60                 850                   0             99.9467                   0             99.9467
                  60                 860                   0             99.9467                   0             99.9467
                  60                 870                   0             99.9467                   0             99.9467
                  60                 880                   0             99.9467                   0             99.9467
                  60                 890                   0             99.9467                   0             99.9467
                  60                 900                   0             99.9467                   0             99.9467
                  60                 910                   0             99.9467                   0             99.9467
                  60                 920                   0             99.9467                   0             99.9467
                  60                 930                   0             99.9467                   0             99.9467
                  60                 940                   0             99.9467                   0             99.9467
                  60                 950                   0             99.9822                   0             99.9822
                  60                 960                   0             99.9822                   0             99.9822
                  60                 970                   0             99.9822                   0             99.9822
                  60                 980                   0             99.9822                   0             99.9822
                  60                 990                   0             99.9822                   0             99.9822
                  60                1000                   0             99.9822                   0             99.9822
