                  10                   0                   0             6.53409             85.7955             92.3295
                  10                  10                   0              6.7294             85.2273             91.9567
                  10                  20                   0             6.85369             84.6591             91.5128
                  10                  30                   0             7.40412             82.9545             90.3587
                  10                  40                   0              7.8125             82.9545              90.767
                  10                  50                   0             7.91903             81.8182             89.7372
                  10                  60                   0             8.07884               81.25             89.3288
                  10                  70                   0             8.41619               81.25             89.6662
                  10                  80                   0             9.14418             79.5455             88.6896
                  10                  90                   0             9.26847             79.5455             88.8139
                  10                 100                   0             9.42827             79.5455             88.9737
                  10                 110                   0             9.62358             78.9773             88.6009
                  10                 120                   0             9.97869             77.8409             87.8196
                  10                 130                   0             10.1562             77.8409             87.9972
                  10                 140                   0             10.4403             77.8409             88.2812
                  10                 150                   0             11.4169             76.7045             88.1214
                  10                 160                   0             11.6655             76.7045               88.37
                  10                 170                   0             11.8963             76.7045             88.6009
                  10                 180                   0             12.4112             76.1364             88.5476
                  10                 190                   0             12.7308             74.4318             87.1626
                  10                 200                   0             13.5831             74.4318             88.0149
                  10                 210                   0             15.1456             72.7273             87.8729
                  10                 220                   0             17.8622             65.3409             83.2031
                  10                 230                   0             20.4013             64.2045             84.6058
                  10                 240                   0             22.2479                62.5             84.7479
                  10                 250                   0             25.0533             59.0909             84.1442
                  10                 260                   0             25.8878             59.0909             84.9787
                  10                 270                   0             30.9837             50.5682             81.5518
                  10                 280                   0             32.8303             49.4318             82.2621
                  10                 290                   0             33.6293             46.5909             80.2202
                  10                 300                   0             34.4815             46.5909             81.0724
                  10                 310                   0             35.6001             46.0227             81.6229
                  10                 320                   0              38.157             41.4773             79.6342
                  10                 330                   0             38.9737             40.9091             79.8828
                  10                 340                   0             42.1875             35.2273             77.4148
                  10                 350                   0             46.7685             32.9545              79.723
                  10                 360                   0             50.1953             32.9545             83.1499
                  10                 370                   0             53.2315             30.1136             83.3452
                  10                 380                   0             60.7777             22.7273              83.505
                  10                 390                   0             63.4588             20.4545             83.9134
                  10                 400                   0             64.6129             19.8864             84.4993
                  10                 410                   0             65.1278             19.3182              84.446
                  10                 420                   0             66.2287             19.3182             85.5469
                  10                 430                   0             67.0455               18.75             85.7955
                  10                 440                   0             67.8977               18.75             86.6477
                  10                 450                   0             68.3239               18.75             87.0739
                  10                 460                   0             70.0462             17.6136             87.6598
                  10                 470                   0             70.7564             17.6136               88.37
                  10                 480                   0             71.1825             17.6136             88.7962
                  10                 490                   0             72.2834             17.6136              89.897
                  10                 500                   0             72.5497             17.6136             90.1634
                  10                 510                   0             72.8161             17.6136             90.4297
                  10                 520                   0             73.0291             17.6136             90.6428
                  10                 530                   0             75.0355             17.6136             92.6491
                  10                 540                   0             77.5746             15.3409             92.9155
                  10                 550                   0              78.125             15.3409             93.4659
                  10                 560                   0             78.2493             15.3409             93.5902
                  10                 570                   0             79.4389             14.2045             93.6435
                  10                 580                   0             79.5277             14.2045             93.7322
                  10                 590                   0             84.0021             9.65909             93.6612
                  10                 600                   0             84.0554             9.65909             93.7145
                  10                 610                   0             84.1974             9.09091             93.2884
                  10                 620                   0             84.2152             9.09091             93.3061
                  10                 630                   0               86.63             7.38636             94.0163
                  10                 640                   0             86.6477             7.38636             94.0341
                  10                 650                   0             86.6477             7.38636             94.0341
                  10                 660                   0             86.8253             7.38636             94.2116
                  10                 670                   0             86.8253             7.38636             94.2116
                  10                 680                   0             88.6009             7.38636             95.9872
                  10                 690                   0             88.9205             7.38636             96.3068
                  10                 700                   0             88.9915             7.38636             96.3778
                  10                 710                   0              89.027             7.38636             96.4134
                  10                 720                   0              89.098             7.38636             96.4844
                  10                 730                   0             89.1868             7.38636             96.5732
                  10                 740                   0             89.2223             7.38636             96.6087
                  10                 750                   0             93.8033             2.84091             96.6442
                  10                 760                   0             93.9098             2.84091             96.7507
                  10                 770                   0             93.9276             2.84091             96.7685
                  10                 780                   0             93.9453             2.84091             96.7862
                  10                 790                   0             94.0518             2.84091             96.8928
                  10                 800                   0             94.0696             2.84091             96.9105
                  10                 810                   0              94.549             2.84091             97.3899
                  10                 820                   0              94.549             2.84091             97.3899
                  10                 830                   0              94.549             2.84091             97.3899
                  10                 840                   0              94.549             2.84091             97.3899
                  10                 850                   0             94.6911             2.84091              97.532
                  10                 860                   0             94.7266             2.84091             97.5675
                  10                 870                   0             94.7798             2.84091             97.6207
                  10                 880                   0             94.7798             2.84091             97.6207
                  10                 890                   0             94.7798             2.84091             97.6207
                  10                 900                   0             94.7798             2.84091             97.6207
                  10                 910                   0             94.7798             2.84091             97.6207
                  10                 920                   0             94.7976             2.84091             97.6385
                  10                 930                   0             94.7976             2.84091             97.6385
                  10                 940                   0             94.7976             2.84091             97.6385
                  10                 950                   0             94.7976             2.84091             97.6385
                  10                 960                   0             94.8331             2.84091              97.674
                  10                 970                   0             94.8686             2.84091             97.7095
                  10                 980                   0             94.8686             2.84091             97.7095
                  10                 990                   0             94.8686             2.84091             97.7095
                  10                1000                   0             94.8686             2.84091             97.7095
