                  20                   0                   0             14.8082             72.1591             86.9673
                  20                  10                   0             15.4119             71.5909             87.0028
                  20                  20                   0             15.8026             71.5909             87.3935
                  20                  30                   0             16.7969               68.75             85.5469
                  20                  40                   0             17.1697               68.75             85.9197
                  20                  50                   0             17.6314             68.1818             85.8132
                  20                  60                   0             17.9155             68.1818             86.0973
                  20                  70                   0             18.3949             68.1818             86.5767
                  20                  80                   0             18.6435             67.0455             85.6889
                  20                  90                   0             18.8033             67.0455             85.8487
                  20                 100                   0             19.2827             65.9091             85.1918
                  20                 110                   0             19.4957             65.9091             85.4048
                  20                 120                   0             19.7798             65.9091             85.6889
                  20                 130                   0             19.8686             65.9091             85.7777
                  20                 140                   0             20.0994             65.3409             85.4403
                  20                 150                   0             20.6143             64.7727             85.3871
                  20                 160                   0             21.2891             61.9318             83.2209
                  20                 170                   0             24.4318             60.7955             85.2273
                  20                 180                   0             25.5327             59.0909             84.6236
                  20                 190                   0             28.4801             53.4091             81.8892
                  20                 200                   0             30.6996             52.8409             83.5405
                  20                 210                   0             34.3572             52.2727               86.63
                  20                 220                   0              35.973             51.1364             87.1094
                  20                 230                   0             41.6548             43.1818             84.8366
                  20                 240                   0              43.608             42.6136             86.2216
                  20                 250                   0             45.3125             38.6364             83.9489
                  20                 260                   0             47.7273             38.0682             85.7955
                  20                 270                   0             48.6151                37.5             86.1151
                  20                 280                   0             50.2131                37.5             87.7131
                  20                 290                   0             55.1136             33.5227             88.6364
                  20                 300                   0             62.0028             25.5682              87.571
                  20                 310                   0              65.483             21.5909             87.0739
                  20                 320                   0             67.1342             21.5909             88.7251
                  20                 330                   0             72.5675             18.1818             90.7493
                  20                 340                   0             74.9467             15.9091             90.8558
                  20                 350                   0             75.0533             15.9091             90.9624
                  20                 360                   0             75.2486             15.9091             91.1577
                  20                 370                   0             75.3729             15.3409             90.7138
                  20                 380                   0             75.4616             15.3409             90.8026
                  20                 390                   0             75.5504             15.3409             90.8913
                  20                 400                   0             75.6214             15.3409             90.9624
                  20                 410                   0             75.7102             14.7727              90.483
                  20                 420                   0             77.2372             14.7727             92.0099
                  20                 430                   0             77.5213             13.6364             91.1577
                  20                 440                   0             77.5923             13.6364             91.2287
                  20                 450                   0             79.2259             13.6364             92.8622
                  20                 460                   0             79.2614             13.6364             92.8977
                  20                 470                   0             82.0135             11.3636             93.3771
                  20                 480                   0              82.848             11.3636             94.2116
                  20                 490                   0             83.0788             11.3636             94.4425
                  20                 500                   0             87.7308             6.81818              94.549
                  20                 510                   0             87.8196             6.81818             94.6378
                  20                 520                   0             88.0504             6.81818             94.8686
                  20                 530                   0             88.0504             6.81818             94.8686
                  20                 540                   0             90.3054             5.11364              95.419
                  20                 550                   0             90.3232             5.11364             95.4368
                  20                 560                   0             90.3232             5.11364             95.4368
                  20                 570                   0             91.9034             5.11364              97.017
                  20                 580                   0             91.9922             5.11364             97.1058
                  20                 590                   0             91.9922             5.11364             97.1058
                  20                 600                   0              92.223             5.11364             97.3366
                  20                 610                   0             92.3295             5.11364             97.4432
                  20                 620                   0             92.3651             5.11364             97.4787
                  20                 630                   0             92.3828             5.11364             97.4964
                  20                 640                   0             96.8928            0.568182             97.4609
                  20                 650                   0             96.9105            0.568182             97.4787
                  20                 660                   0             96.9283            0.568182             97.4964
                  20                 670                   0             96.9283            0.568182             97.4964
                  20                 680                   0              97.017            0.568182             97.5852
                  20                 690                   0             97.0348            0.568182              97.603
                  20                 700                   0             97.9936            0.568182             98.5618
                  20                 710                   0             98.0291            0.568182             98.5973
                  20                 720                   0             98.2422            0.568182             98.8104
                  20                 730                   0             98.2422            0.568182             98.8104
                  20                 740                   0             98.3132            0.568182             98.8814
                  20                 750                   0              98.331            0.568182             98.8991
                  20                 760                   0              98.544            0.568182             99.1122
                  20                 770                   0             98.5618            0.568182               99.13
                  20                 780                   0             98.5618            0.568182               99.13
                  20                 790                   0             98.6151            0.568182             99.1832
                  20                 800                   0             98.6151            0.568182             99.1832
                  20                 810                   0             98.6506            0.568182             99.2188
                  20                 820                   0             98.6506            0.568182             99.2188
                  20                 830                   0             98.6506            0.568182             99.2188
                  20                 840                   0             98.6683            0.568182             99.2365
                  20                 850                   0             98.6683            0.568182             99.2365
                  20                 860                   0             98.6683            0.568182             99.2365
                  20                 870                   0             98.6861            0.568182             99.2543
                  20                 880                   0             98.6861            0.568182             99.2543
                  20                 890                   0             98.6861            0.568182             99.2543
                  20                 900                   0             98.6861            0.568182             99.2543
                  20                 910                   0             98.6861            0.568182             99.2543
                  20                 920                   0             98.6861            0.568182             99.2543
                  20                 930                   0             98.8459            0.568182             99.4141
                  20                 940                   0             98.8814            0.568182             99.4496
                  20                 950                   0             98.8991            0.568182             99.4673
                  20                 960                   0             98.9347            0.568182             99.5028
                  20                 970                   0             98.9347            0.568182             99.5028
                  20                 980                   0             98.9524            0.568182             99.5206
                  20                 990                   0             98.9524            0.568182             99.5206
                  20                1000                   0             99.0057            0.568182             99.5739
