                  80                   0                   0             56.2145               43.75             99.9645
                  80                  10                   0             74.8757             11.9318             86.8075
                  80                  20                   0             75.9055             11.9318             87.8374
                  80                  30                   0             76.8466             11.9318             88.7784
                  80                  40                   0              78.196             9.09091             87.2869
                  80                  50                   0             79.2259             9.09091             88.3168
                  80                  60                   0             82.9368             4.54545             87.4822
                  80                  70                   0             84.0909             3.97727             88.0682
                  80                  80                   0             85.2095             2.84091             88.0504
                  80                  90                   0             86.0973             2.27273               88.37
                  80                 100                   0             87.2692             2.27273             89.5419
                  80                 110                   0             88.2635             1.70455              89.968
                  80                 120                   0             89.0447             1.13636             90.1811
                  80                 130                   0              90.554             1.13636             91.6903
                  80                 140                   0             91.8857            0.568182             92.4538
                  80                 150                   0             93.1996            0.568182             93.7678
                  80                 160                   0             94.1939            0.568182             94.7621
                  80                 170                   0             95.0639            0.568182             95.6321
                  80                 180                   0             96.5909            0.568182             97.1591
                  80                 190                   0             97.6385            0.568182             98.2067
                  80                 200                   0             98.1179            0.568182             98.6861
                  80                 210                   0             98.4553            0.568182             99.0234
                  80                 220                   0             98.7749            0.568182              99.343
                  80                 230                   0             99.1832            0.568182             99.7514
                  80                 240                   0             99.4851            0.568182             100.053
                  80                 250                   0             99.5916            0.568182              100.16
                  80                 260                   0             99.6271            0.568182             100.195
                  80                 270                   0             99.6449            0.568182             100.213
                  80                 280                   0             99.6449            0.568182             100.213
                  80                 290                   0             99.6626            0.568182             100.231
                  80                 300                   0             99.6626            0.568182             100.231
                  80                 310                   0             99.7869            0.568182             100.355
                  80                 320                   0             99.8047            0.568182             100.373
                  80                 330                   0             99.8224            0.568182             100.391
                  80                 340                   0             99.8224            0.568182             100.391
                  80                 350                   0             99.8402            0.568182             100.408
                  80                 360                   0             99.8402            0.568182             100.408
                  80                 370                   0             99.8402            0.568182             100.408
                  80                 380                   0             99.8757            0.568182             100.444
                  80                 390                   0             99.8757            0.568182             100.444
                  80                 400                   0             99.8757            0.568182             100.444
                  80                 410                   0             99.8757            0.568182             100.444
                  80                 420                   0             99.8757            0.568182             100.444
                  80                 430                   0             99.8935            0.568182             100.462
                  80                 440                   0             99.8935            0.568182             100.462
                  80                 450                   0             99.8935            0.568182             100.462
                  80                 460                   0             99.8935            0.568182             100.462
                  80                 470                   0             99.8935            0.568182             100.462
                  80                 480                   0             99.8935            0.568182             100.462
                  80                 490                   0             99.8935            0.568182             100.462
                  80                 500                   0             99.8935            0.568182             100.462
                  80                 510                   0             99.8935            0.568182             100.462
                  80                 520                   0             99.8935            0.568182             100.462
                  80                 530                   0             99.8935            0.568182             100.462
                  80                 540                   0             99.8935            0.568182             100.462
                  80                 550                   0             99.8935            0.568182             100.462
                  80                 560                   0             99.8935            0.568182             100.462
                  80                 570                   0             99.8935            0.568182             100.462
                  80                 580                   0             99.8935            0.568182             100.462
                  80                 590                   0             99.9467            0.568182             100.515
                  80                 600                   0             99.9467                   0             99.9467
                  80                 610                   0             99.9467                   0             99.9467
                  80                 620                   0             99.9467                   0             99.9467
                  80                 630                   0             99.9467                   0             99.9467
                  80                 640                   0             99.9467                   0             99.9467
                  80                 650                   0             99.9467                   0             99.9467
                  80                 660                   0             99.9467                   0             99.9467
                  80                 670                   0             99.9467                   0             99.9467
                  80                 680                   0             99.9467                   0             99.9467
                  80                 690                   0             99.9467                   0             99.9467
                  80                 700                   0             99.9467                   0             99.9467
                  80                 710                   0             99.9467                   0             99.9467
                  80                 720                   0             99.9467                   0             99.9467
                  80                 730                   0             99.9822                   0             99.9822
                  80                 740                   0             99.9822                   0             99.9822
                  80                 750                   0             99.9822                   0             99.9822
                  80                 760                   0             99.9822                   0             99.9822
                  80                 770                   0             99.9822                   0             99.9822
                  80                 780                   0             99.9822                   0             99.9822
                  80                 790                   0             99.9822                   0             99.9822
                  80                 800                   0             99.9822                   0             99.9822
                  80                 810                   0             99.9822                   0             99.9822
                  80                 820                   0             99.9822                   0             99.9822
                  80                 830                   0             99.9822                   0             99.9822
                  80                 840                   0             99.9822                   0             99.9822
                  80                 850                   0             99.9822                   0             99.9822
                  80                 860                   0             99.9822                   0             99.9822
                  80                 870                   0             99.9822                   0             99.9822
                  80                 880                   0             99.9822                   0             99.9822
                  80                 890                   0             99.9822                   0             99.9822
                  80                 900                   0             99.9822                   0             99.9822
                  80                 910                   0             99.9822                   0             99.9822
                  80                 920                   0             99.9822                   0             99.9822
                  80                 930                   0             99.9822                   0             99.9822
                  80                 940                   0             99.9822                   0             99.9822
                  80                 950                   0             99.9822                   0             99.9822
                  80                 960                   0             99.9822                   0             99.9822
                  80                 970                   0             99.9822                   0             99.9822
                  80                 980                   0             99.9822                   0             99.9822
                  80                 990                   0             99.9822                   0             99.9822
                  80                1000                   0             99.9822                   0             99.9822
