                  55                   0                   0             42.3473             54.5455             96.8928
                  55                  10                   0              45.206             53.9773             99.1832
                  55                  20                   0             45.7564             53.9773             99.7337
                  55                  30                   0             46.2003             53.9773             100.178
                  55                  40                   0             46.5554             53.9773             100.533
                  55                  50                   0             48.5973             51.1364             99.7337
                  55                  60                   0             49.0945             48.8636             97.9581
                  55                  70                   0             51.1186             46.0227             97.1413
                  55                  80                   0             53.1605             42.0455              95.206
                  55                  90                   0              56.978             34.6591             91.6371
                  55                 100                   0             59.3217             31.8182             91.1399
                  55                 110                   0             62.6776             26.7045             89.3821
                  55                 120                   0             63.5476             26.7045             90.2521
                  55                 130                   0             64.2401                  25             89.2401
                  55                 140                   0             68.7145             19.8864             88.6009
                  55                 150                   0             69.9574             18.1818             88.1392
                  55                 160                   0             71.9105             17.6136             89.5241
                  55                 170                   0             72.8871             17.6136             90.5007
                  55                 180                   0             77.2195             14.2045              91.424
                  55                 190                   0             78.7464             13.6364             92.3828
                  55                 200                   0              79.794             13.6364             93.4304
                  55                 210                   0             82.9013             11.9318             94.8331
                  55                 220                   0             87.8729             7.38636             95.2592
                  55                 230                   0             90.9446             5.11364             96.0582
                  55                 240                   0             92.0632             5.11364             97.1768
                  55                 250                   0             92.8089             5.11364             97.9226
                  55                 260                   0              97.603            0.568182             98.1712
                  55                 270                   0             98.2955            0.568182             98.8636
                  55                 280                   0             98.5263            0.568182             99.0945
                  55                 290                   0             98.9347            0.568182             99.5028
                  55                 300                   0             98.9879            0.568182             99.5561
                  55                 310                   0             99.0589            0.568182             99.6271
                  55                 320                   0             99.0767            0.568182             99.6449
                  55                 330                   0             99.0945            0.568182             99.6626
                  55                 340                   0             99.0945            0.568182             99.6626
                  55                 350                   0             99.1477            0.568182             99.7159
                  55                 360                   0             99.1832            0.568182             99.7514
                  55                 370                   0             99.1832            0.568182             99.7514
                  55                 380                   0             99.1832            0.568182             99.7514
                  55                 390                   0             99.1832            0.568182             99.7514
                  55                 400                   0             99.2188            0.568182             99.7869
                  55                 410                   0             99.3253            0.568182             99.8935
                  55                 420                   0             99.3253            0.568182             99.8935
                  55                 430                   0              99.343            0.568182             99.9112
                  55                 440                   0             99.5384            0.568182             100.107
                  55                 450                   0             99.5739            0.568182             100.142
                  55                 460                   0             99.5916            0.568182              100.16
                  55                 470                   0             99.6094            0.568182             100.178
                  55                 480                   0             99.6094            0.568182             100.178
                  55                 490                   0             99.6094            0.568182             100.178
                  55                 500                   0             99.6094            0.568182             100.178
                  55                 510                   0             99.6094            0.568182             100.178
                  55                 520                   0             99.6626            0.568182             100.231
                  55                 530                   0             99.6626            0.568182             100.231
                  55                 540                   0              99.858            0.568182             100.426
                  55                 550                   0             99.8757            0.568182             100.444
                  55                 560                   0             99.8757            0.568182             100.444
                  55                 570                   0             99.8757            0.568182             100.444
                  55                 580                   0             99.8757            0.568182             100.444
                  55                 590                   0             99.8757            0.568182             100.444
                  55                 600                   0             99.8757            0.568182             100.444
                  55                 610                   0             99.8757            0.568182             100.444
                  55                 620                   0             99.8757            0.568182             100.444
                  55                 630                   0             99.8757            0.568182             100.444
                  55                 640                   0             99.8757            0.568182             100.444
                  55                 650                   0             99.8757            0.568182             100.444
                  55                 660                   0             99.8757            0.568182             100.444
                  55                 670                   0             99.8757            0.568182             100.444
                  55                 680                   0             99.8757            0.568182             100.444
                  55                 690                   0             99.8757            0.568182             100.444
                  55                 700                   0             99.8757            0.568182             100.444
                  55                 710                   0             99.8757            0.568182             100.444
                  55                 720                   0             99.8757            0.568182             100.444
                  55                 730                   0             99.8757            0.568182             100.444
                  55                 740                   0             99.8757            0.568182             100.444
                  55                 750                   0             99.8757            0.568182             100.444
                  55                 760                   0             99.8935            0.568182             100.462
                  55                 770                   0             99.8935            0.568182             100.462
                  55                 780                   0             99.8935            0.568182             100.462
                  55                 790                   0             99.8935            0.568182             100.462
                  55                 800                   0              99.929            0.568182             100.497
                  55                 810                   0              99.929            0.568182             100.497
                  55                 820                   0              99.929            0.568182             100.497
                  55                 830                   0              99.929            0.568182             100.497
                  55                 840                   0              99.929                   0              99.929
                  55                 850                   0              99.929                   0              99.929
                  55                 860                   0              99.929                   0              99.929
                  55                 870                   0              99.929                   0              99.929
                  55                 880                   0              99.929                   0              99.929
                  55                 890                   0              99.929                   0              99.929
                  55                 900                   0              99.929                   0              99.929
                  55                 910                   0              99.929                   0              99.929
                  55                 920                   0              99.929                   0              99.929
                  55                 930                   0              99.929                   0              99.929
                  55                 940                   0              99.929                   0              99.929
                  55                 950                   0              99.929                   0              99.929
                  55                 960                   0              99.929                   0              99.929
                  55                 970                   0              99.929                   0              99.929
                  55                 980                   0              99.929                   0              99.929
                  55                 990                   0              99.929                   0              99.929
                  55                1000                   0              99.929                   0              99.929
