                  65                   0                   0             45.7031             52.8409              98.544
                  65                  10                   0             49.5384             48.2955             97.8338
                  65                  20                   0             50.2131             47.7273             97.9403
                  65                  30                   0             50.7635             46.5909             97.3544
                  65                  40                   0              55.593             39.2045             94.7976
                  65                  50                   0             59.2862               31.25             90.5362
                  65                  60                   0             61.5412             28.9773             90.5185
                  65                  70                   0             62.7131             27.2727             89.9858
                  65                  80                   0             64.4709             27.2727             91.7436
                  65                  90                   0             68.9098             22.1591             91.0689
                  65                 100                   0             70.1527             20.4545             90.6072
                  65                 110                   0             72.6918             17.6136             90.3054
                  65                 120                   0             73.8104             17.6136              91.424
                  65                 130                   0             80.0426             9.65909             89.7017
                  65                 140                   0             81.1257             9.09091             90.2166
                  65                 150                   0             85.7777             4.54545             90.3232
                  65                 160                   0             88.8672             1.13636             90.0036
                  65                 170                   0             90.6783             1.13636             91.8146
                  65                 180                   0             91.7969             1.13636             92.9332
                  65                 190                   0             93.3239            0.568182              93.892
                  65                 200                   0             94.1939            0.568182             94.7621
                  65                 210                   0             95.1882            0.568182             95.7564
                  65                 220                   0             96.7507            0.568182             97.3189
                  65                 230                   0             97.4254            0.568182             97.9936
                  65                 240                   0             97.8693            0.568182             98.4375
                  65                 250                   0             98.3665            0.568182             98.9347
                  65                 260                   0             98.6506            0.568182             99.2188
                  65                 270                   0             99.0589            0.568182             99.6271
                  65                 280                   0             99.2543            0.568182             99.8224
                  65                 290                   0              99.272            0.568182             99.8402
                  65                 300                   0             99.2898            0.568182              99.858
                  65                 310                   0             99.3786            0.568182             99.9467
                  65                 320                   0             99.5206            0.568182             100.089
                  65                 330                   0             99.5561            0.568182             100.124
                  65                 340                   0             99.5916            0.568182              100.16
                  65                 350                   0             99.6449            0.568182             100.213
                  65                 360                   0             99.6449            0.568182             100.213
                  65                 370                   0             99.6449            0.568182             100.213
                  65                 380                   0             99.6626            0.568182             100.231
                  65                 390                   0             99.6626            0.568182             100.231
                  65                 400                   0             99.6804            0.568182             100.249
                  65                 410                   0             99.7159            0.568182             100.284
                  65                 420                   0             99.7337            0.568182             100.302
                  65                 430                   0             99.7337            0.568182             100.302
                  65                 440                   0             99.8402            0.568182             100.408
                  65                 450                   0             99.8402            0.568182             100.408
                  65                 460                   0             99.8757            0.568182             100.444
                  65                 470                   0             99.8757            0.568182             100.444
                  65                 480                   0             99.8757            0.568182             100.444
                  65                 490                   0             99.8757            0.568182             100.444
                  65                 500                   0             99.8935            0.568182             100.462
                  65                 510                   0             99.8935            0.568182             100.462
                  65                 520                   0             99.8935            0.568182             100.462
                  65                 530                   0             99.8935            0.568182             100.462
                  65                 540                   0             99.8935            0.568182             100.462
                  65                 550                   0             99.8935            0.568182             100.462
                  65                 560                   0             99.8935            0.568182             100.462
                  65                 570                   0             99.8935            0.568182             100.462
                  65                 580                   0             99.8935            0.568182             100.462
                  65                 590                   0             99.8935            0.568182             100.462
                  65                 600                   0             99.8935            0.568182             100.462
                  65                 610                   0             99.8935            0.568182             100.462
                  65                 620                   0             99.8935            0.568182             100.462
                  65                 630                   0             99.8935            0.568182             100.462
                  65                 640                   0             99.8935            0.568182             100.462
                  65                 650                   0             99.8935            0.568182             100.462
                  65                 660                   0             99.8935            0.568182             100.462
                  65                 670                   0             99.8935            0.568182             100.462
                  65                 680                   0             99.8935            0.568182             100.462
                  65                 690                   0             99.9112            0.568182             100.479
                  65                 700                   0             99.9112            0.568182             100.479
                  65                 710                   0             99.9112            0.568182             100.479
                  65                 720                   0             99.9467            0.568182             100.515
                  65                 730                   0             99.9467            0.568182             100.515
                  65                 740                   0             99.9467                   0             99.9467
                  65                 750                   0             99.9467                   0             99.9467
                  65                 760                   0             99.9467                   0             99.9467
                  65                 770                   0             99.9467                   0             99.9467
                  65                 780                   0             99.9467                   0             99.9467
                  65                 790                   0             99.9467                   0             99.9467
                  65                 800                   0             99.9467                   0             99.9467
                  65                 810                   0             99.9467                   0             99.9467
                  65                 820                   0             99.9467                   0             99.9467
                  65                 830                   0             99.9467                   0             99.9467
                  65                 840                   0             99.9467                   0             99.9467
                  65                 850                   0             99.9467                   0             99.9467
                  65                 860                   0             99.9467                   0             99.9467
                  65                 870                   0             99.9467                   0             99.9467
                  65                 880                   0             99.9467                   0             99.9467
                  65                 890                   0             99.9467                   0             99.9467
                  65                 900                   0             99.9822                   0             99.9822
                  65                 910                   0             99.9822                   0             99.9822
                  65                 920                   0             99.9822                   0             99.9822
                  65                 930                   0             99.9822                   0             99.9822
                  65                 940                   0             99.9822                   0             99.9822
                  65                 950                   0             99.9822                   0             99.9822
                  65                 960                   0             99.9822                   0             99.9822
                  65                 970                   0             99.9822                   0             99.9822
                  65                 980                   0             99.9822                   0             99.9822
                  65                 990                   0             99.9822                   0             99.9822
                  65                1000                   0             99.9822                   0             99.9822
