                  35                   0                   0              25.799             59.6591             85.4581
                  35                  10                   0             27.2017             59.6591             86.8608
                  35                  20                   0             28.4268             59.0909             87.5178
                  35                  30                   0             28.8352             59.0909             87.9261
                  35                  40                   0             30.0604             58.5227             88.5831
                  35                  50                   0             30.6641             57.9545             88.6186
                  35                  60                   0             31.8714             56.8182             88.6896
                  35                  70                   0             32.3864             56.8182             89.2045
                  35                  80                   0             33.2031             56.8182             90.0213
                  35                  90                   0             35.5291             55.6818             91.2109
                  35                 100                   0             36.4879             55.1136             91.6016
                  35                 110                   0             38.5121             55.1136             93.6257
                  35                 120                   0             40.6783             55.1136             95.7919
                  35                 130                   0             42.5249             53.9773             96.5021
                  35                 140                   0             44.7621             48.2955             93.0575
                  35                 150                   0             48.1889             47.1591              95.348
                  35                 160                   0             48.9347             47.1591             96.0938
                  35                 170                   0             54.6875             36.9318             91.6193
                  35                 180                   0             58.1143             34.6591             92.7734
                  35                 190                   0             58.8068             33.5227             92.3295
                  35                 200                   0             59.8899             31.8182             91.7081
                  35                 210                   0             61.8608             26.7045             88.5653
                  35                 220                   0             66.5128             21.5909             88.1037
                  35                 230                   0             68.2173             21.0227             89.2401
                  35                 240                   0             69.1229             19.8864             89.0092
                  35                 250                   0             74.1832             15.9091             90.0923
                  35                 260                   0             74.9467             15.9091             90.8558
                  35                 270                   0             77.9474             13.6364             91.5838
                  35                 280                   0             78.4624             13.6364             92.0987
                  35                 290                   0             78.9773             13.6364             92.6136
                  35                 300                   0             79.2259             13.6364             92.8622
                  35                 310                   0             79.3146             13.6364              92.951
                  35                 320                   0             80.3089             13.6364             93.9453
                  35                 330                   0             81.9602             13.6364             95.5966
                  35                 340                   0             82.7947             13.6364             96.4311
                  35                 350                   0             82.9368             13.6364             96.5732
                  35                 360                   0             83.0256             13.6364             96.6619
                  35                 370                   0             85.3338             11.3636             96.6974
                  35                 380                   0             89.8615             6.81818             96.6797
                  35                 390                   0             89.9503             6.81818             96.7685
                  35                 400                   0             92.4006             5.11364             97.5142
                  35                 410                   0             93.9631             5.11364             99.0767
                  35                 420                   0             94.0696             5.11364             99.1832
                  35                 430                   0             94.1051             5.11364             99.2188
                  35                 440                   0             94.1584             5.11364              99.272
                  35                 450                   0             94.1761             5.11364             99.2898
                  35                 460                   0             94.2116             5.11364             99.3253
                  35                 470                   0             94.2649             5.11364             99.3786
                  35                 480                   0             98.7926            0.568182             99.3608
                  35                 490                   0             98.8281            0.568182             99.3963
                  35                 500                   0             98.8814            0.568182             99.4496
                  35                 510                   0             98.9347            0.568182             99.5028
                  35                 520                   0             98.9702            0.568182             99.5384
                  35                 530                   0             99.0234            0.568182             99.5916
                  35                 540                   0             99.0412            0.568182             99.6094
                  35                 550                   0             99.0767            0.568182             99.6449
                  35                 560                   0             99.1122            0.568182             99.6804
                  35                 570                   0             99.1655            0.568182             99.7337
                  35                 580                   0              99.201            0.568182             99.7692
                  35                 590                   0             99.2188            0.568182             99.7869
                  35                 600                   0             99.2188            0.568182             99.7869
                  35                 610                   0             99.2898            0.568182              99.858
                  35                 620                   0             99.3253            0.568182             99.8935
                  35                 630                   0             99.3608            0.568182              99.929
                  35                 640                   0             99.4318            0.568182                 100
                  35                 650                   0             99.4318            0.568182                 100
                  35                 660                   0             99.4318            0.568182                 100
                  35                 670                   0             99.4496            0.568182             100.018
                  35                 680                   0             99.4496            0.568182             100.018
                  35                 690                   0             99.4851            0.568182             100.053
                  35                 700                   0             99.4851            0.568182             100.053
                  35                 710                   0             99.4851            0.568182             100.053
                  35                 720                   0             99.4851            0.568182             100.053
                  35                 730                   0             99.4851            0.568182             100.053
                  35                 740                   0             99.5206            0.568182             100.089
                  35                 750                   0             99.5561            0.568182             100.124
                  35                 760                   0             99.5561            0.568182             100.124
                  35                 770                   0             99.5561            0.568182             100.124
                  35                 780                   0             99.6271            0.568182             100.195
                  35                 790                   0             99.6271            0.568182             100.195
                  35                 800                   0             99.6271            0.568182             100.195
                  35                 810                   0             99.6271            0.568182             100.195
                  35                 820                   0             99.6271            0.568182             100.195
                  35                 830                   0             99.6271            0.568182             100.195
                  35                 840                   0             99.6271            0.568182             100.195
                  35                 850                   0             99.6271            0.568182             100.195
                  35                 860                   0             99.6271            0.568182             100.195
                  35                 870                   0             99.6271            0.568182             100.195
                  35                 880                   0             99.6271            0.568182             100.195
                  35                 890                   0             99.6271            0.568182             100.195
                  35                 900                   0             99.6449            0.568182             100.213
                  35                 910                   0             99.6449            0.568182             100.213
                  35                 920                   0             99.6449            0.568182             100.213
                  35                 930                   0             99.6449            0.568182             100.213
                  35                 940                   0             99.6449            0.568182             100.213
                  35                 950                   0             99.6449            0.568182             100.213
                  35                 960                   0             99.6804            0.568182             100.249
                  35                 970                   0             99.6804            0.568182             100.249
                  35                 980                   0             99.7159            0.568182             100.284
                  35                 990                   0             99.7159            0.568182             100.284
                  35                1000                   0             99.7159            0.568182             100.284
