                  40                   0                   0             30.9837             57.3864               88.37
                  40                  10                   0             31.8537             57.3864             89.2401
                  40                  20                   0             32.4219             57.3864             89.8082
                  40                  30                   0              32.919             56.8182             89.7372
                  40                  40                   0             33.3452             55.6818              89.027
                  40                  50                   0              34.375             55.6818             90.0568
                  40                  60                   0             36.2749             55.1136             91.3885
                  40                  70                   0              38.157             55.1136             93.2706
                  40                  80                   0             39.9325             55.1136             95.0462
                  40                  90                   0             41.5483             55.1136             96.6619
                  40                 100                   0             42.5781             55.1136             97.6918
                  40                 110                   0             43.5724             54.5455             98.1179
                  40                 120                   0             45.7919             48.2955             94.0874
                  40                 130                   0             48.6683             45.4545             94.1229
                  40                 140                   0             51.1896               43.75             94.9396
                  40                 150                   0             57.3331             34.0909              91.424
                  40                 160                   0             58.3452             32.9545             91.2997
                  40                 170                   0             59.0376             32.9545             91.9922
                  40                 180                   0             59.6058             31.8182              91.424
                  40                 190                   0             64.9325             22.7273             87.6598
                  40                 200                   0             65.9446             21.5909             87.5355
                  40                 210                   0             67.3295             21.0227             88.3523
                  40                 220                   0             72.4254             16.4773             88.9027
                  40                 230                   0              73.473             15.9091             89.3821
                  40                 240                   0             74.6094             15.9091             90.5185
                  40                 250                   0             77.5036             13.6364             91.1399
                  40                 260                   0             78.1605             13.6364             91.7969
                  40                 270                   0             78.7464             13.6364             92.3828
                  40                 280                   0              81.108             13.6364             94.7443
                  40                 290                   0             82.6349             13.6364             96.2713
                  40                 300                   0             82.8303             13.6364             96.4666
                  40                 310                   0             82.8835             13.6364             96.5199
                  40                 320                   0             82.9901             13.6364             96.6264
                  40                 330                   0             85.3871             11.3636             96.7507
                  40                 340                   0              89.897             6.81818             96.7152
                  40                 350                   0               93.75             5.11364             98.8636
                  40                 360                   0              93.892             5.11364             99.0057
                  40                 370                   0             94.0341             5.11364             99.1477
                  40                 380                   0             94.1051             5.11364             99.2188
                  40                 390                   0             94.1761             5.11364             99.2898
                  40                 400                   0             94.1939             5.11364             99.3075
                  40                 410                   0             94.2472             5.11364             99.3608
                  40                 420                   0             98.8459            0.568182             99.4141
                  40                 430                   0             98.9169            0.568182             99.4851
                  40                 440                   0             98.9524            0.568182             99.5206
                  40                 450                   0             98.9702            0.568182             99.5384
                  40                 460                   0             99.0057            0.568182             99.5739
                  40                 470                   0             99.0412            0.568182             99.6094
                  40                 480                   0             99.0412            0.568182             99.6094
                  40                 490                   0             99.0589            0.568182             99.6271
                  40                 500                   0             99.0589            0.568182             99.6271
                  40                 510                   0               99.13            0.568182             99.6982
                  40                 520                   0             99.1655            0.568182             99.7337
                  40                 530                   0              99.201            0.568182             99.7692
                  40                 540                   0             99.2543            0.568182             99.8224
                  40                 550                   0              99.272            0.568182             99.8402
                  40                 560                   0             99.3608            0.568182              99.929
                  40                 570                   0             99.3608            0.568182              99.929
                  40                 580                   0             99.3608            0.568182              99.929
                  40                 590                   0             99.3608            0.568182              99.929
                  40                 600                   0             99.4318            0.568182                 100
                  40                 610                   0             99.4496            0.568182             100.018
                  40                 620                   0             99.4673            0.568182             100.036
                  40                 630                   0             99.4851            0.568182             100.053
                  40                 640                   0             99.4851            0.568182             100.053
                  40                 650                   0             99.5028            0.568182             100.071
                  40                 660                   0             99.5206            0.568182             100.089
                  40                 670                   0             99.5206            0.568182             100.089
                  40                 680                   0             99.5206            0.568182             100.089
                  40                 690                   0             99.6094            0.568182             100.178
                  40                 700                   0             99.6094            0.568182             100.178
                  40                 710                   0             99.6094            0.568182             100.178
                  40                 720                   0             99.6449            0.568182             100.213
                  40                 730                   0             99.6626            0.568182             100.231
                  40                 740                   0             99.6626            0.568182             100.231
                  40                 750                   0             99.6626            0.568182             100.231
                  40                 760                   0             99.6626            0.568182             100.231
                  40                 770                   0             99.6626            0.568182             100.231
                  40                 780                   0             99.6626            0.568182             100.231
                  40                 790                   0             99.6626            0.568182             100.231
                  40                 800                   0             99.6626            0.568182             100.231
                  40                 810                   0             99.6626            0.568182             100.231
                  40                 820                   0             99.6626            0.568182             100.231
                  40                 830                   0             99.6626            0.568182             100.231
                  40                 840                   0             99.6626            0.568182             100.231
                  40                 850                   0             99.6626            0.568182             100.231
                  40                 860                   0             99.7159            0.568182             100.284
                  40                 870                   0             99.7159            0.568182             100.284
                  40                 880                   0             99.7159            0.568182             100.284
                  40                 890                   0             99.7159            0.568182             100.284
                  40                 900                   0             99.7159            0.568182             100.284
                  40                 910                   0             99.7159            0.568182             100.284
                  40                 920                   0             99.7514            0.568182              100.32
                  40                 930                   0             99.7869            0.568182             100.355
                  40                 940                   0             99.7869            0.568182             100.355
                  40                 950                   0             99.7869            0.568182             100.355
                  40                 960                   0             99.9112            0.568182             100.479
                  40                 970                   0             99.9112            0.568182             100.479
                  40                 980                   0             99.9112                   0             99.9112
                  40                 990                   0             99.9112                   0             99.9112
                  40                1000                   0             99.9112                   0             99.9112
