                  45                   0                   0             33.4162               56.25             89.6662
                  45                  10                   0             34.1442             55.6818              89.826
                  45                  20                   0             34.9432             55.6818              90.625
                  45                  30                   0             37.8018             55.1136             92.9155
                  45                  40                   0              39.826             55.1136             94.9396
                  45                  50                   0             40.7848             55.1136             95.8984
                  45                  60                   0             42.0099             55.1136             97.1236
                  45                  70                   0             43.2706             55.1136             98.3842
                  45                  80                   0             45.5611             55.1136             100.675
                  45                  90                   0             46.2713             53.9773             100.249
                  45                 100                   0             46.5909             52.8409             99.4318
                  45                 110                   0             50.6037               43.75             94.3537
                  45                 120                   0             53.0895             43.1818             96.2713
                  45                 130                   0             57.2976             34.0909             91.3885
                  45                 140                   0             58.2209             32.9545             91.1754
                  45                 150                   0             58.7891             32.9545             91.7436
                  45                 160                   0             63.4588                  25             88.4588
                  45                 170                   0             64.3111             23.8636             88.1747
                  45                 180                   0              65.483             22.1591              87.642
                  45                 190                   0             70.4901             17.6136             88.1037
                  45                 200                   0             71.4489             17.0455             88.4943
                  45                 210                   0             73.1357             15.9091             89.0447
                  45                 220                   0             75.8878             13.6364             89.5241
                  45                 230                   0             76.9354             13.6364             90.5717
                  45                 240                   0             79.6875             13.6364             93.3239
                  45                 250                   0             81.0192             13.6364             94.6555
                  45                 260                   0             81.7649             13.6364             95.4013
                  45                 270                   0             82.7237             13.6364             96.3601
                  45                 280                   0             83.1676             13.6364              96.804
                  45                 290                   0             84.8899             13.6364             98.5263
                  45                 300                   0             93.9631             5.11364             99.0767
                  45                 310                   0             94.0341             5.11364             99.1477
                  45                 320                   0             94.2116             5.11364             99.3253
                  45                 330                   0             94.2827             5.11364             99.3963
                  45                 340                   0             94.3182             5.11364             99.4318
                  45                 350                   0             94.4247             5.11364             99.5384
                  45                 360                   0             94.4602             5.11364             99.5739
                  45                 370                   0             98.9702            0.568182             99.5384
                  45                 380                   0             98.9879            0.568182             99.5561
                  45                 390                   0             99.0412            0.568182             99.6094
                  45                 400                   0             99.1122            0.568182             99.6804
                  45                 410                   0             99.1122            0.568182             99.6804
                  45                 420                   0             99.1477            0.568182             99.7159
                  45                 430                   0             99.1832            0.568182             99.7514
                  45                 440                   0             99.1832            0.568182             99.7514
                  45                 450                   0             99.1832            0.568182             99.7514
                  45                 460                   0              99.201            0.568182             99.7692
                  45                 470                   0              99.201            0.568182             99.7692
                  45                 480                   0             99.2365            0.568182             99.8047
                  45                 490                   0              99.272            0.568182             99.8402
                  45                 500                   0             99.2898            0.568182              99.858
                  45                 510                   0             99.4141            0.568182             99.9822
                  45                 520                   0             99.4141            0.568182             99.9822
                  45                 530                   0             99.4496            0.568182             100.018
                  45                 540                   0             99.4496            0.568182             100.018
                  45                 550                   0             99.4496            0.568182             100.018
                  45                 560                   0             99.4851            0.568182             100.053
                  45                 570                   0             99.5206            0.568182             100.089
                  45                 580                   0             99.5384            0.568182             100.107
                  45                 590                   0             99.5561            0.568182             100.124
                  45                 600                   0             99.5739            0.568182             100.142
                  45                 610                   0             99.6804            0.568182             100.249
                  45                 620                   0             99.6804            0.568182             100.249
                  45                 630                   0             99.6804            0.568182             100.249
                  45                 640                   0             99.6804            0.568182             100.249
                  45                 650                   0             99.6804            0.568182             100.249
                  45                 660                   0             99.6982            0.568182             100.266
                  45                 670                   0             99.6982            0.568182             100.266
                  45                 680                   0             99.6982            0.568182             100.266
                  45                 690                   0             99.7159            0.568182             100.284
                  45                 700                   0             99.7159            0.568182             100.284
                  45                 710                   0             99.7159            0.568182             100.284
                  45                 720                   0             99.7159            0.568182             100.284
                  45                 730                   0             99.7159            0.568182             100.284
                  45                 740                   0             99.7159            0.568182             100.284
                  45                 750                   0             99.7159            0.568182             100.284
                  45                 760                   0             99.7159            0.568182             100.284
                  45                 770                   0             99.7159            0.568182             100.284
                  45                 780                   0             99.7159            0.568182             100.284
                  45                 790                   0             99.7159            0.568182             100.284
                  45                 800                   0             99.7159            0.568182             100.284
                  45                 810                   0             99.7159            0.568182             100.284
                  45                 820                   0             99.8757            0.568182             100.444
                  45                 830                   0             99.8935            0.568182             100.462
                  45                 840                   0             99.8935            0.568182             100.462
                  45                 850                   0             99.8935            0.568182             100.462
                  45                 860                   0             99.8935            0.568182             100.462
                  45                 870                   0             99.8935            0.568182             100.462
                  45                 880                   0              99.929            0.568182             100.497
                  45                 890                   0              99.929            0.568182             100.497
                  45                 900                   0              99.929            0.568182             100.497
                  45                 910                   0              99.929            0.568182             100.497
                  45                 920                   0              99.929            0.568182             100.497
                  45                 930                   0              99.929                   0              99.929
                  45                 940                   0              99.929                   0              99.929
                  45                 950                   0              99.929                   0              99.929
                  45                 960                   0              99.929                   0              99.929
                  45                 970                   0              99.929                   0              99.929
                  45                 980                   0              99.929                   0              99.929
                  45                 990                   0              99.929                   0              99.929
                  45                1000                   0              99.929                   0              99.929
