                  85                   0                   0             61.0085             36.9318             97.9403
                  85                  10                   0             78.0007             9.09091             87.0916
                  85                  20                   0             80.2912             6.81818             87.1094
                  85                  30                   0             82.5639             4.54545             87.1094
                  85                  40                   0             83.4695             4.54545             88.0149
                  85                  50                   0             84.6946             2.84091             87.5355
                  85                  60                   0              85.174             2.84091             88.0149
                  85                  70                   0             85.8842             2.27273              88.157
                  85                  80                   0             86.9141             2.27273             89.1868
                  85                  90                   0             87.8729             1.70455             89.5774
                  85                 100                   0             88.6719             1.13636             89.8082
                  85                 110                   0              89.755             1.13636             90.8913
                  85                 120                   0             91.2109             1.13636             92.3473
                  85                 130                   0             92.6847            0.568182             93.2528
                  85                 140                   0              93.608            0.568182             94.1761
                  85                 150                   0             94.4602            0.568182             95.0284
                  85                 160                   0             95.7031            0.568182             96.2713
                  85                 170                   0             96.9283            0.568182             97.4964
                  85                 180                   0              97.745            0.568182             98.3132
                  85                 190                   0             98.2422            0.568182             98.8104
                  85                 200                   0             98.5263            0.568182             99.0945
                  85                 210                   0             98.8459            0.568182             99.4141
                  85                 220                   0              99.201            0.568182             99.7692
                  85                 230                   0             99.4851            0.568182             100.053
                  85                 240                   0             99.6271            0.568182             100.195
                  85                 250                   0             99.6449            0.568182             100.213
                  85                 260                   0             99.6626            0.568182             100.231
                  85                 270                   0             99.7692            0.568182             100.337
                  85                 280                   0             99.7869            0.568182             100.355
                  85                 290                   0             99.8047            0.568182             100.373
                  85                 300                   0             99.8224            0.568182             100.391
                  85                 310                   0             99.8224            0.568182             100.391
                  85                 320                   0             99.8402            0.568182             100.408
                  85                 330                   0             99.8402            0.568182             100.408
                  85                 340                   0             99.8402            0.568182             100.408
                  85                 350                   0             99.8402            0.568182             100.408
                  85                 360                   0             99.8757            0.568182             100.444
                  85                 370                   0             99.8757            0.568182             100.444
                  85                 380                   0             99.8757            0.568182             100.444
                  85                 390                   0             99.8757            0.568182             100.444
                  85                 400                   0             99.8757            0.568182             100.444
                  85                 410                   0             99.8935            0.568182             100.462
                  85                 420                   0             99.8935            0.568182             100.462
                  85                 430                   0             99.8935            0.568182             100.462
                  85                 440                   0             99.8935            0.568182             100.462
                  85                 450                   0             99.8935            0.568182             100.462
                  85                 460                   0             99.8935            0.568182             100.462
                  85                 470                   0             99.8935            0.568182             100.462
                  85                 480                   0             99.8935            0.568182             100.462
                  85                 490                   0             99.8935            0.568182             100.462
                  85                 500                   0             99.8935            0.568182             100.462
                  85                 510                   0             99.8935            0.568182             100.462
                  85                 520                   0             99.8935            0.568182             100.462
                  85                 530                   0             99.8935            0.568182             100.462
                  85                 540                   0             99.8935            0.568182             100.462
                  85                 550                   0             99.9467                   0             99.9467
                  85                 560                   0             99.9467                   0             99.9467
                  85                 570                   0             99.9467                   0             99.9467
                  85                 580                   0             99.9467                   0             99.9467
                  85                 590                   0             99.9467                   0             99.9467
                  85                 600                   0             99.9467                   0             99.9467
                  85                 610                   0             99.9467                   0             99.9467
                  85                 620                   0             99.9467                   0             99.9467
                  85                 630                   0             99.9467                   0             99.9467
                  85                 640                   0             99.9467                   0             99.9467
                  85                 650                   0             99.9467                   0             99.9467
                  85                 660                   0             99.9467                   0             99.9467
                  85                 670                   0             99.9467                   0             99.9467
                  85                 680                   0             99.9822                   0             99.9822
                  85                 690                   0             99.9822                   0             99.9822
                  85                 700                   0             99.9822                   0             99.9822
                  85                 710                   0             99.9822                   0             99.9822
                  85                 720                   0             99.9822                   0             99.9822
                  85                 730                   0             99.9822                   0             99.9822
                  85                 740                   0             99.9822                   0             99.9822
                  85                 750                   0             99.9822                   0             99.9822
                  85                 760                   0             99.9822                   0             99.9822
                  85                 770                   0             99.9822                   0             99.9822
                  85                 780                   0             99.9822                   0             99.9822
                  85                 790                   0             99.9822                   0             99.9822
                  85                 800                   0             99.9822                   0             99.9822
                  85                 810                   0             99.9822                   0             99.9822
                  85                 820                   0             99.9822                   0             99.9822
                  85                 830                   0             99.9822                   0             99.9822
                  85                 840                   0             99.9822                   0             99.9822
                  85                 850                   0             99.9822                   0             99.9822
                  85                 860                   0             99.9822                   0             99.9822
                  85                 870                   0             99.9822                   0             99.9822
                  85                 880                   0             99.9822                   0             99.9822
                  85                 890                   0             99.9822                   0             99.9822
                  85                 900                   0             99.9822                   0             99.9822
                  85                 910                   0             99.9822                   0             99.9822
                  85                 920                   0             99.9822                   0             99.9822
                  85                 930                   0             99.9822                   0             99.9822
                  85                 940                   0             99.9822                   0             99.9822
                  85                 950                   0             99.9822                   0             99.9822
                  85                 960                   0             99.9822                   0             99.9822
                  85                 970                   0             99.9822                   0             99.9822
                  85                 980                   0             99.9822                   0             99.9822
                  85                 990                   0             99.9822                   0             99.9822
                  85                1000                   0             99.9822                   0             99.9822
