                  30                   0                   0             21.5199             63.6364             85.1562
                  30                  10                   0             21.9638             63.6364             85.6001
                  30                  20                   0             22.2479             64.2045             86.4524
                  30                  30                   0             22.3011             63.6364             85.9375
                  30                  40                   0              22.603             63.6364             86.2393
                  30                  50                   0             23.6683             60.7955             84.4638
                  30                  60                   0             24.6982             60.7955             85.4936
                  30                  70                   0               25.87             60.2273             86.0973
                  30                  80                   0             27.0064             59.0909             86.0973
                  30                  90                   0             28.1072             58.5227               86.63
                  30                 100                   0             29.2081             57.9545             87.1626
                  30                 110                   0             30.6641             56.8182             87.4822
                  30                 120                   0             33.1676               56.25             89.4176
                  30                 130                   0              34.304               56.25              90.554
                  30                 140                   0             35.4226               56.25             91.6726
                  30                 150                   0             36.9496             51.1364             88.0859
                  30                 160                   0             40.7493             48.8636             89.6129
                  30                 170                   0              46.147             48.2955             94.4425
                  30                 180                   0             47.8871             47.1591             95.0462
                  30                 190                   0             52.0419             39.7727             91.8146
                  30                 200                   0             52.9297             38.6364             91.5661
                  30                 210                   0             56.7294             33.5227             90.2521
                  30                 220                   0             59.6946             31.8182             91.5128
                  30                 230                   0             60.7067             30.6818             91.3885
                  30                 240                   0             64.8615             24.4318             89.2933
                  30                 250                   0             67.4716             21.5909             89.0625
                  30                 260                   0             69.2472             21.5909             90.8381
                  30                 270                   0             74.3786             17.0455              91.424
                  30                 280                   0             75.3906             15.9091             91.2997
                  30                 290                   0             78.0362             13.6364             91.6726
                  30                 300                   0             78.4268             13.6364             92.0632
                  30                 310                   0             78.6577             13.6364              92.294
                  30                 320                   0             78.7997             13.6364             92.4361
                  30                 330                   0             78.8352             13.6364             92.4716
                  30                 340                   0              78.924             13.6364             92.5604
                  30                 350                   0             79.7408             13.6364             93.3771
                  30                 360                   0             79.8295             13.6364             93.4659
                  30                 370                   0             81.6051             13.6364             95.2415
                  30                 380                   0             82.6705             13.6364             96.3068
                  30                 390                   0             82.7592             13.6364             96.3956
                  30                 400                   0             85.0142             11.3636             96.3778
                  30                 410                   0             85.0852             11.3636             96.4489
                  30                 420                   0             89.6484             6.81818             96.4666
                  30                 430                   0             89.6484             6.81818             96.4666
                  30                 440                   0             92.0987             5.11364             97.2124
                  30                 450                   0             92.1342             5.11364             97.2479
                  30                 460                   0             93.7322             5.11364             98.8459
                  30                 470                   0               93.75             5.11364             98.8636
                  30                 480                   0               93.75             5.11364             98.8636
                  30                 490                   0             93.7678             5.11364             98.8814
                  30                 500                   0             93.8033             5.11364             98.9169
                  30                 510                   0              93.821             5.11364             98.9347
                  30                 520                   0              93.821             5.11364             98.9347
                  30                 530                   0             98.2955            0.568182             98.8636
                  30                 540                   0             98.3665            0.568182             98.9347
                  30                 550                   0             98.4197            0.568182             98.9879
                  30                 560                   0             98.4375            0.568182             99.0057
                  30                 570                   0             98.4375            0.568182             99.0057
                  30                 580                   0             98.4375            0.568182             99.0057
                  30                 590                   0             98.7571            0.568182             99.3253
                  30                 600                   0             98.7571            0.568182             99.3253
                  30                 610                   0             98.7571            0.568182             99.3253
                  30                 620                   0             98.7926            0.568182             99.3608
                  30                 630                   0             98.8814            0.568182             99.4496
                  30                 640                   0             98.8814            0.568182             99.4496
                  30                 650                   0             99.0234            0.568182             99.5916
                  30                 660                   0             99.0234            0.568182             99.5916
                  30                 670                   0             99.1655            0.568182             99.7337
                  30                 680                   0             99.1655            0.568182             99.7337
                  30                 690                   0             99.1655            0.568182             99.7337
                  30                 700                   0             99.1655            0.568182             99.7337
                  30                 710                   0             99.1655            0.568182             99.7337
                  30                 720                   0             99.1655            0.568182             99.7337
                  30                 730                   0              99.201            0.568182             99.7692
                  30                 740                   0             99.2365            0.568182             99.8047
                  30                 750                   0             99.3253            0.568182             99.8935
                  30                 760                   0             99.3253            0.568182             99.8935
                  30                 770                   0              99.343            0.568182             99.9112
                  30                 780                   0              99.343            0.568182             99.9112
                  30                 790                   0              99.343            0.568182             99.9112
                  30                 800                   0              99.343            0.568182             99.9112
                  30                 810                   0             99.3786            0.568182             99.9467
                  30                 820                   0             99.3786            0.568182             99.9467
                  30                 830                   0             99.3786            0.568182             99.9467
                  30                 840                   0             99.3786            0.568182             99.9467
                  30                 850                   0             99.3786            0.568182             99.9467
                  30                 860                   0             99.3786            0.568182             99.9467
                  30                 870                   0             99.3786            0.568182             99.9467
                  30                 880                   0             99.3786            0.568182             99.9467
                  30                 890                   0             99.4318            0.568182                 100
                  30                 900                   0             99.4318            0.568182                 100
                  30                 910                   0             99.4318            0.568182                 100
                  30                 920                   0             99.4318            0.568182                 100
                  30                 930                   0             99.4496            0.568182             100.018
                  30                 940                   0             99.4496            0.568182             100.018
                  30                 950                   0             99.4496            0.568182             100.018
                  30                 960                   0             99.4496            0.568182             100.018
                  30                 970                   0             99.4496            0.568182             100.018
                  30                 980                   0             99.4496            0.568182             100.018
                  30                 990                   0             99.4851            0.568182             100.053
                  30                1000                   0             99.5206            0.568182             100.089
