                  75                   0                   0             49.3253             52.8409             102.166
                  75                  10                   0             59.1442             34.0909             93.2351
                  75                  20                   0             64.0447             26.7045             90.7493
                  75                  30                   0             65.2699             26.1364             91.4062
                  75                  40                   0             72.2656             17.0455             89.3111
                  75                  50                   0             76.3672             11.9318              88.299
                  75                  60                   0             77.8409             10.2273             88.0682
                  75                  70                   0             78.7642             9.09091             87.8551
                  75                  80                   0             81.2855             6.81818             88.1037
                  75                  90                   0             84.0199             3.97727             87.9972
                  75                 100                   0             85.3161             2.84091              88.157
                  75                 110                   0             86.5945             2.27273             88.8672
                  75                 120                   0             87.5355             2.27273             89.8082
                  75                 130                   0             88.6541             1.13636             89.7905
                  75                 140                   0             89.8615             1.13636             90.9979
                  75                 150                   0             91.5128             1.13636             92.6491
                  75                 160                   0             92.8445            0.568182             93.4126
                  75                 170                   0             93.8743            0.568182             94.4425
                  75                 180                   0             94.6378            0.568182              95.206
                  75                 190                   0             96.0938            0.568182             96.6619
                  75                 200                   0             97.4432            0.568182             98.0114
                  75                 210                   0             97.6385            0.568182             98.2067
                  75                 220                   0             98.1712            0.568182             98.7393
                  75                 230                   0             98.7038            0.568182              99.272
                  75                 240                   0             99.1122            0.568182             99.6804
                  75                 250                   0             99.4673            0.568182             100.036
                  75                 260                   0             99.5739            0.568182             100.142
                  75                 270                   0             99.5739            0.568182             100.142
                  75                 280                   0             99.6271            0.568182             100.195
                  75                 290                   0             99.6271            0.568182             100.195
                  75                 300                   0             99.6449            0.568182             100.213
                  75                 310                   0             99.6449            0.568182             100.213
                  75                 320                   0             99.6626            0.568182             100.231
                  75                 330                   0             99.6626            0.568182             100.231
                  75                 340                   0             99.6626            0.568182             100.231
                  75                 350                   0             99.8224            0.568182             100.391
                  75                 360                   0             99.8224            0.568182             100.391
                  75                 370                   0             99.8224            0.568182             100.391
                  75                 380                   0             99.8402            0.568182             100.408
                  75                 390                   0             99.8402            0.568182             100.408
                  75                 400                   0             99.8402            0.568182             100.408
                  75                 410                   0             99.8757            0.568182             100.444
                  75                 420                   0             99.8757            0.568182             100.444
                  75                 430                   0             99.8757            0.568182             100.444
                  75                 440                   0             99.8757            0.568182             100.444
                  75                 450                   0             99.8757            0.568182             100.444
                  75                 460                   0             99.8935            0.568182             100.462
                  75                 470                   0             99.8935            0.568182             100.462
                  75                 480                   0             99.8935            0.568182             100.462
                  75                 490                   0             99.8935            0.568182             100.462
                  75                 500                   0             99.8935            0.568182             100.462
                  75                 510                   0             99.8935            0.568182             100.462
                  75                 520                   0             99.8935            0.568182             100.462
                  75                 530                   0             99.8935            0.568182             100.462
                  75                 540                   0             99.8935            0.568182             100.462
                  75                 550                   0             99.8935            0.568182             100.462
                  75                 560                   0             99.8935            0.568182             100.462
                  75                 570                   0             99.8935            0.568182             100.462
                  75                 580                   0             99.8935            0.568182             100.462
                  75                 590                   0             99.8935            0.568182             100.462
                  75                 600                   0             99.8935            0.568182             100.462
                  75                 610                   0             99.8935            0.568182             100.462
                  75                 620                   0             99.9112            0.568182             100.479
                  75                 630                   0             99.9467            0.568182             100.515
                  75                 640                   0             99.9467            0.568182             100.515
                  75                 650                   0             99.9467                   0             99.9467
                  75                 660                   0             99.9467                   0             99.9467
                  75                 670                   0             99.9467                   0             99.9467
                  75                 680                   0             99.9467                   0             99.9467
                  75                 690                   0             99.9467                   0             99.9467
                  75                 700                   0             99.9467                   0             99.9467
                  75                 710                   0             99.9467                   0             99.9467
                  75                 720                   0             99.9467                   0             99.9467
                  75                 730                   0             99.9467                   0             99.9467
                  75                 740                   0             99.9467                   0             99.9467
                  75                 750                   0             99.9467                   0             99.9467
                  75                 760                   0             99.9467                   0             99.9467
                  75                 770                   0             99.9467                   0             99.9467
                  75                 780                   0             99.9467                   0             99.9467
                  75                 790                   0             99.9822                   0             99.9822
                  75                 800                   0             99.9822                   0             99.9822
                  75                 810                   0             99.9822                   0             99.9822
                  75                 820                   0             99.9822                   0             99.9822
                  75                 830                   0             99.9822                   0             99.9822
                  75                 840                   0             99.9822                   0             99.9822
                  75                 850                   0             99.9822                   0             99.9822
                  75                 860                   0             99.9822                   0             99.9822
                  75                 870                   0             99.9822                   0             99.9822
                  75                 880                   0             99.9822                   0             99.9822
                  75                 890                   0             99.9822                   0             99.9822
                  75                 900                   0             99.9822                   0             99.9822
                  75                 910                   0             99.9822                   0             99.9822
                  75                 920                   0             99.9822                   0             99.9822
                  75                 930                   0             99.9822                   0             99.9822
                  75                 940                   0             99.9822                   0             99.9822
                  75                 950                   0             99.9822                   0             99.9822
                  75                 960                   0             99.9822                   0             99.9822
                  75                 970                   0             99.9822                   0             99.9822
                  75                 980                   0             99.9822                   0             99.9822
                  75                 990                   0             99.9822                   0             99.9822
                  75                1000                   0             99.9822                   0             99.9822
