                  50                   0                   0             36.5945             55.6818             92.2763
                  50                  10                   0             40.8913             55.1136              96.005
                  50                  20                   0             41.8857             55.1136             96.9993
                  50                  30                   0             42.5426             55.1136             97.6562
                  50                  40                   0             44.8331             55.1136             99.9467
                  50                  50                   0             45.7564             54.5455             100.302
                  50                  60                   0             46.1825             53.9773              100.16
                  50                  70                   0             46.6087             53.4091             100.018
                  50                  80                   0             48.7038             49.4318             98.1357
                  50                  90                   0             50.8878             46.5909             97.4787
                  50                 100                   0             53.1783             42.6136             95.7919
                  50                 110                   0             57.1555             34.0909             91.2464
                  50                 120                   0             58.1676             33.5227             91.6903
                  50                 130                   0             61.2393             28.9773             90.2166
                  50                 140                   0             63.5476             26.7045             90.2521
                  50                 150                   0             64.1513                  25             89.1513
                  50                 160                   0             65.6072             22.1591             87.7663
                  50                 170                   0             70.3125             17.6136             87.9261
                  50                 180                   0             71.2536             17.6136             88.8672
                  50                 190                   0              72.674             16.4773             89.1513
                  50                 200                   0             76.8643             13.6364             90.5007
                  50                 210                   0             78.5689             13.6364             92.2053
                  50                 220                   0             79.6697             13.6364             93.3061
                  50                 230                   0             80.7173             13.6364             94.3537
                  50                 240                   0              82.706             13.6364             96.3423
                  50                 250                   0             85.4226             11.9318             97.3544
                  50                 260                   0             92.6669             5.11364             97.7805
                  50                 270                   0             93.4659             5.11364             98.5795
                  50                 280                   0             93.9098             5.11364             99.0234
                  50                 290                   0             94.0163             5.11364               99.13
                  50                 300                   0             94.3182             5.11364             99.4318
                  50                 310                   0             98.8814            0.568182             99.4496
                  50                 320                   0             98.9524            0.568182             99.5206
                  50                 330                   0             98.9524            0.568182             99.5206
                  50                 340                   0             99.0057            0.568182             99.5739
                  50                 350                   0             99.0589            0.568182             99.6271
                  50                 360                   0             99.0767            0.568182             99.6449
                  50                 370                   0             99.0945            0.568182             99.6626
                  50                 380                   0               99.13            0.568182             99.6982
                  50                 390                   0             99.1832            0.568182             99.7514
                  50                 400                   0             99.1832            0.568182             99.7514
                  50                 410                   0             99.1832            0.568182             99.7514
                  50                 420                   0             99.1832            0.568182             99.7514
                  50                 430                   0              99.201            0.568182             99.7692
                  50                 440                   0              99.201            0.568182             99.7692
                  50                 450                   0             99.2543            0.568182             99.8224
                  50                 460                   0              99.343            0.568182             99.9112
                  50                 470                   0             99.3786            0.568182             99.9467
                  50                 480                   0             99.4141            0.568182             99.9822
                  50                 490                   0             99.4318            0.568182                 100
                  50                 500                   0             99.4496            0.568182             100.018
                  50                 510                   0             99.4496            0.568182             100.018
                  50                 520                   0             99.4851            0.568182             100.053
                  50                 530                   0             99.6094            0.568182             100.178
                  50                 540                   0             99.6449            0.568182             100.213
                  50                 550                   0             99.6626            0.568182             100.231
                  50                 560                   0             99.6626            0.568182             100.231
                  50                 570                   0             99.6804            0.568182             100.249
                  50                 580                   0             99.6804            0.568182             100.249
                  50                 590                   0             99.6804            0.568182             100.249
                  50                 600                   0             99.6804            0.568182             100.249
                  50                 610                   0             99.6804            0.568182             100.249
                  50                 620                   0             99.6982            0.568182             100.266
                  50                 630                   0             99.6982            0.568182             100.266
                  50                 640                   0             99.6982            0.568182             100.266
                  50                 650                   0             99.7159            0.568182             100.284
                  50                 660                   0             99.7159            0.568182             100.284
                  50                 670                   0             99.7159            0.568182             100.284
                  50                 680                   0             99.8757            0.568182             100.444
                  50                 690                   0             99.8757            0.568182             100.444
                  50                 700                   0             99.8757            0.568182             100.444
                  50                 710                   0             99.8757            0.568182             100.444
                  50                 720                   0             99.8757            0.568182             100.444
                  50                 730                   0             99.8757            0.568182             100.444
                  50                 740                   0             99.8757            0.568182             100.444
                  50                 750                   0             99.8757            0.568182             100.444
                  50                 760                   0             99.8757            0.568182             100.444
                  50                 770                   0             99.8757            0.568182             100.444
                  50                 780                   0             99.8757            0.568182             100.444
                  50                 790                   0             99.8757            0.568182             100.444
                  50                 800                   0             99.8935            0.568182             100.462
                  50                 810                   0             99.8935            0.568182             100.462
                  50                 820                   0             99.8935            0.568182             100.462
                  50                 830                   0             99.8935            0.568182             100.462
                  50                 840                   0              99.929            0.568182             100.497
                  50                 850                   0              99.929            0.568182             100.497
                  50                 860                   0              99.929            0.568182             100.497
                  50                 870                   0              99.929            0.568182             100.497
                  50                 880                   0              99.929                   0              99.929
                  50                 890                   0              99.929                   0              99.929
                  50                 900                   0              99.929                   0              99.929
                  50                 910                   0              99.929                   0              99.929
                  50                 920                   0              99.929                   0              99.929
                  50                 930                   0              99.929                   0              99.929
                  50                 940                   0              99.929                   0              99.929
                  50                 950                   0              99.929                   0              99.929
                  50                 960                   0              99.929                   0              99.929
                  50                 970                   0              99.929                   0              99.929
                  50                 980                   0              99.929                   0              99.929
                  50                 990                   0              99.929                   0              99.929
                  50                1000                   0              99.929                   0              99.929
