                  55                   0                   0             27.1662             10.7955             37.9616
                  55                  10                   0             27.9119             8.52273             36.4347
                  55                  20                   0             28.5866             8.52273             37.1094
                  55                  30                   0             28.9595             8.52273             37.4822
                  55                  40                   0             29.3679             7.95455             37.3224
                  55                  50                   0             29.7763             6.81818             36.5945
                  55                  60                   0             30.2202             5.68182              35.902
                  55                  70                   0             30.6286             3.97727             34.6058
                  55                  80                   0             31.1612             3.97727             35.1385
                  55                  90                   0             32.0135             3.97727             35.9908
                  55                 100                   0             31.6051             7.38636             38.9915
                  55                 110                   0             32.3509             7.38636             39.7372
                  55                 120                   0             32.7237             7.38636             40.1101
                  55                 130                   0             33.1499             6.81818              39.968
                  55                 140                   0             33.6825             6.81818             40.5007
                  55                 150                   0             34.1974             6.81818             41.0156
                  55                 160                   0             34.7301             6.81818             41.5483
                  55                 170                   0             34.9254             6.81818             41.7436
                  55                 180                   0             35.2273             6.81818             42.0455
                  55                 190                   0             35.5646             6.81818             42.3828
                  55                 200                   0             37.2692             2.84091             40.1101
                  55                 210                   0             38.1037             2.84091             40.9446
                  55                 220                   0             38.6896             1.70455             40.3942
                  55                 230                   0             39.1513             1.70455             40.8558
                  55                 240                   0             39.3466             1.70455             41.0511
                  55                 250                   0             39.8615             1.70455             41.5661
                  55                 260                   0             40.1456             1.70455             41.8501
                  55                 270                   0             40.5895             1.70455              42.294
                  55                 280                   0             40.8203             1.70455             42.5249
                  55                 290                   0             41.1577             1.70455             42.8622
                  55                 300                   0             41.4062             1.13636             42.5426
                  55                 310                   0             41.6548             1.13636             42.7912
                  55                 320                   0             41.9212             1.13636             43.0575
                  55                 330                   0              42.152             1.13636             43.2884
                  55                 340                   0             42.2585             1.13636             43.3949
                  55                 350                   0             42.8267             1.13636             43.9631
                  55                 360                   0             43.1463             1.13636             44.2827
                  55                 370                   0             43.5369             1.13636             44.6733
                  55                 380                   0             43.9276             1.13636             45.0639
                  55                 390                   0              44.549             1.13636             45.6854
                  55                 400                   0             44.7266             1.13636             45.8629
                  55                 410                   0             44.8864             1.13636             46.0227
                  55                 420                   0             45.0107             1.13636              46.147
                  55                 430                   0             45.1705             1.13636             46.3068
                  55                 440                   0             45.9517             1.13636             47.0881
                  55                 450                   0              46.218             1.13636             47.3544
                  55                 460                   0             46.9283             1.13636             48.0646
                  55                 470                   0             47.0703             1.13636             48.2067
                  55                 480                   0             47.3011             1.13636             48.4375
                  55                 490                   0             47.5142             1.13636             48.6506
                  55                 500                   0             48.1712             1.13636             49.3075
                  55                 510                   0             48.5973             1.13636             49.7337
                  55                 520                   0             49.2543             1.13636             50.3906
                  55                 530                   0             50.5682             1.13636             51.7045
                  55                 540                   0              51.598             1.13636             52.7344
                  55                 550                   0             52.3793             1.13636             53.5156
                  55                 560                   0             53.3381             1.13636             54.4744
                  55                 570                   0             53.7109             1.13636             54.8473
                  55                 580                   0              54.581             1.13636             55.7173
                  55                 590                   0             55.0959             1.13636             56.2322
                  55                 600                   0             55.3622             1.13636             56.4986
                  55                 610                   0             55.8594             1.13636             56.9957
                  55                 620                   0             56.4453             1.13636             57.5817
                  55                 630                   0             56.6406             1.13636              57.777
                  55                 640                   0             56.8892             1.13636             58.0256
                  55                 650                   0             57.3331             1.13636             58.4695
                  55                 660                   0              57.777             1.13636             58.9134
                  55                 670                   0             58.1321             1.13636             59.2685
                  55                 680                   0             58.4339             1.13636             59.5703
                  55                 690                   0              59.446             1.13636             60.5824
                  55                 700                   0             60.5291             1.13636             61.6655
                  55                 710                   0              60.831             1.13636             61.9673
                  55                 720                   0              61.843             1.13636             62.9794
                  55                 730                   0             62.2692             1.13636             63.4055
                  55                 740                   0             62.7841             1.13636             63.9205
                  55                 750                   0             62.8374             1.13636             63.9737
                  55                 760                   0             63.2102             1.13636             64.3466
                  55                 770                   0             63.4588             1.13636             64.5952
                  55                 780                   0             63.5476             1.13636             64.6839
                  55                 790                   0             63.6364             1.13636             64.7727
                  55                 800                   0             63.7429             1.13636             64.8793
                  55                 810                   0             63.9027             1.13636             65.0391
                  55                 820                   0              64.897             1.13636             66.0334
                  55                 830                   0             65.9624             1.13636             67.0987
                  55                 840                   0             66.1044             1.13636             67.2408
                  55                 850                   0             66.1577             1.13636              67.294
                  55                 860                   0              66.353             1.13636             67.4893
                  55                 870                   0              66.424             1.13636             67.5604
                  55                 880                   0             66.5128             1.13636             67.6491
                  55                 890                   0             67.7379             1.13636             68.8743
                  55                 900                   0             68.3239             1.13636             69.4602
                  55                 910                   0             68.4304             1.13636             69.5668
                  55                 920                   0             68.9276             1.13636             70.0639
                  55                 930                   0             68.9986             1.13636             70.1349
                  55                 940                   0             70.0284             1.13636             71.1648
                  55                 950                   0             71.3778             1.13636             72.5142
                  55                 960                   0             71.6619             1.13636             72.7983
                  55                 970                   0             71.8572             1.13636             72.9936
                  55                 980                   0             71.8928             1.13636             73.0291
                  55                 990                   0             71.9105             1.13636             73.0469
                  55                1000                   0             72.1413             1.13636             73.2777
