                   0                   0                   0                   0                 100                 100
                   0                  10                   0                   0             99.4318             99.4318
                   0                  20                   0                   0             99.4318             99.4318
                   0                  30                   0                   0             99.4318             99.4318
                   0                  40                   0                   0             99.4318             99.4318
                   0                  50                   0                   0                 100                 100
                   0                  60                   0                   0             99.4318             99.4318
                   0                  70                   0                   0                 100                 100
                   0                  80                   0                   0                 100                 100
                   0                  90                   0                   0                 100                 100
                   0                 100                   0                   0                 100                 100
                   0                 110                   0                   0             97.7273             97.7273
                   0                 120                   0           0.0177557             98.8636             98.8814
                   0                 130                   0           0.0177557             96.5909             96.6087
                   0                 140                   0           0.0887784             96.0227             96.1115
                   0                 150                   0            0.230824             92.6136             92.8445
                   0                 160                   0            0.355114             84.6591             85.0142
                   0                 170                   0            0.443892               81.25             81.6939
                   0                 180                   0             1.59801             67.0455             68.6435
                   0                 190                   0            0.976562             61.3636             62.3402
                   0                 200                   0              1.5625             53.4091             54.9716
                   0                 210                   0             1.81108             50.5682             52.3793
                   0                 220                   0             1.38494             48.8636             50.2486
                   0                 230                   0             1.63352             40.9091             42.5426
                   0                 240                   0             1.65128             43.1818             44.8331
                   0                 250                   0             1.82884             39.7727             41.6016
                   0                 260                   0             1.93537             36.9318             38.8672
                   0                 270                   0             2.21946             36.9318             39.1513
                   0                 280                   0             2.53906             36.9318             39.4709
                   0                 290                   0             1.98864             40.3409             42.3295
                   0                 300                   0             2.27273             33.5227             35.7955
                   0                 310                   0             2.62784             32.3864             35.0142
                   0                 320                   0             2.61009             29.5455             32.1555
                   0                 330                   0             2.78764             29.5455             32.3331
                   0                 340                   0              2.9652             28.4091             31.3743
                   0                 350                   0             3.08949             28.4091             31.4986
                   0                 360                   0             3.16051             28.4091             31.5696
                   0                 370                   0             3.08949             23.8636             26.9531
                   0                 380                   0             3.14276                  25             28.1428
                   0                 390                   0             3.30256             24.4318             27.7344
                   0                 400                   0             3.78196             21.5909             25.3729
                   0                 410                   0             4.06605             21.5909              25.657
                   0                 420                   0             3.99503             21.5909             25.5859
                   0                 430                   0             4.13707             21.0227             25.1598
                   0                 440                   0             4.45668             20.4545             24.9112
                   0                 450                   0             4.59872               18.75             23.3487
                   0                 460                   0             4.79403             18.1818             22.9759
                   0                 470                   0             4.79403             18.1818             22.9759
                   0                 480                   0             5.02486             18.1818             23.2067
                   0                 490                   0              5.7706               18.75             24.5206
                   0                 500                   0             6.46307             17.0455             23.5085
                   0                 510                   0             6.96023             17.0455             24.0057
                   0                 520                   0             7.19105             17.0455             24.2365
                   0                 530                   0             7.43963             17.0455             24.4851
                   0                 540                   0             7.86577             14.7727             22.6385
                   0                 550                   0             8.04332             14.7727             22.8161
                   0                 560                   0             8.68253             13.6364             22.3189
                   0                 570                   0             8.80682             13.0682              21.875
                   0                 580                   0             9.00213             13.0682             22.0703
                   0                 590                   0             7.90128             15.3409             23.2422
                   0                 600                   0             8.46946             15.3409             23.8104
                   0                 610                   0             8.52273             15.3409             23.8636
                   0                 620                   0             8.54048             15.9091             24.4496
                   0                 630                   0             8.71804             15.9091             24.6271
                   0                 640                   0             9.80114             15.9091             25.7102
                   0                 650                   0             9.96094             15.9091               25.87
                   0                 660                   0             10.4048             15.9091             26.3139
                   0                 670                   0             10.6001             14.7727             25.3729
                   0                 680                   0             11.1328             14.7727             25.9055
                   0                 690                   0             11.3814             14.7727             26.1541
                   0                 700                   0                12.5             14.7727             27.2727
                   0                 710                   0             12.7486             14.2045             26.9531
                   0                 720                   0              14.098             14.2045             28.3026
                   0                 730                   0             16.3175             11.3636             27.6811
                   0                 740                   0             17.1875             11.3636             28.5511
                   0                 750                   0             17.6847             11.3636             29.0483
                   0                 760                   0             18.3594             11.3636              29.723
                   0                 770                   0              18.608             10.7955             29.4034
                   0                 780                   0             20.0639             10.7955             30.8594
                   0                 790                   0             20.0994             10.7955             30.8949
                   0                 800                   0             20.1705             10.7955             30.9659
                   0                 810                   0             20.7741             10.7955             31.5696
                   0                 820                   0             21.3246             10.2273             31.5518
                   0                 830                   0             21.4489             10.2273             31.6761
                   0                 840                   0             23.2244             10.2273             33.4517
                   0                 850                   0             23.6151             10.2273             33.8423
                   0                 860                   0             24.9822             10.2273             35.2095
                   0                 870                   0             25.1065             10.2273             35.3338
                   0                 880                   0             24.7692             11.3636             36.1328
                   0                 890                   0             24.9467             11.3636             36.3104
                   0                 900                   0             26.0121             11.3636             37.3757
                   0                 910                   0             26.4737             11.3636             37.8374
                   0                 920                   0             26.7578             11.3636             38.1214
                   0                 930                   0              27.326             11.3636             38.6896
                   0                 940                   0             28.2315             11.3636             39.5952
                   0                 950                   0             28.6577             11.3636             40.0213
                   0                 960                   0             29.0305             11.3636             40.3942
                   0                 970                   0             29.4389             11.3636             40.8026
                   0                 980                   0             31.1612             10.7955             41.9567
                   0                 990                   0             31.4631             10.7955             42.2585
                   0                1000                   0             31.6406             10.7955             42.4361
