                  75                   0                   0             34.3928             5.68182             40.0746
                  75                  10                   0             35.0852             3.97727             39.0625
                  75                  20                   0             35.4936             3.97727             39.4709
                  75                  30                   0             36.0795             3.97727             40.0568
                  75                  40                   0             36.3281             3.97727             40.3054
                  75                  50                   0             35.2095             7.95455             43.1641
                  75                  60                   0             35.3871             7.38636             42.7734
                  75                  70                   0             35.5469             7.95455             43.5014
                  75                  80                   0             37.1626             5.11364             42.2763
                  75                  90                   0             37.7841             5.11364             42.8977
                  75                 100                   0             38.7962             5.11364             43.9098
                  75                 110                   0             39.4709             5.11364             44.5845
                  75                 120                   0             39.9325             5.11364             45.0462
                  75                 130                   0             40.3942             5.11364             45.5078
                  75                 140                   0             40.6428             5.11364             45.7564
                  75                 150                   0             41.0334             5.11364              46.147
                  75                 160                   0             41.2997             5.11364             46.4134
                  75                 170                   0             41.6016             5.11364             46.7152
                  75                 180                   0             41.8857             5.11364             46.9993
                  75                 190                   0             42.1165             5.11364             47.2301
                  75                 200                   0             42.8089             5.11364             47.9226
                  75                 210                   0             42.8089             1.13636             43.9453
                  75                 220                   0             42.8622             1.13636             43.9986
                  75                 230                   0             43.0398             1.13636             44.1761
                  75                 240                   0             43.1818             1.13636             44.3182
                  75                 250                   0             43.3416             1.13636              44.478
                  75                 260                   0             43.4482             1.13636             44.5845
                  75                 270                   0             44.2116             1.13636              45.348
                  75                 280                   0              44.549             1.13636             45.6854
                  75                 290                   0             45.1705             1.13636             46.3068
                  75                 300                   0             45.6854             1.13636             46.8217
                  75                 310                   0             45.7209             1.13636             46.8572
                  75                 320                   0             46.0227             1.13636             47.1591
                  75                 330                   0             46.1648             1.13636             47.3011
                  75                 340                   0             46.2358             1.13636             47.3722
                  75                 350                   0             46.5554             1.13636             47.6918
                  75                 360                   0             46.9105             1.13636             48.0469
                  75                 370                   0             47.3011             1.13636             48.4375
                  75                 380                   0             48.1712             1.13636             49.3075
                  75                 390                   0             48.6151             1.13636             49.7514
                  75                 400                   0             49.8935             1.13636             51.0298
                  75                 410                   0             50.4616             1.13636              51.598
                  75                 420                   0              50.799             1.13636             51.9354
                  75                 430                   0              51.456             1.13636             52.5923
                  75                 440                   0             52.4503             1.13636             53.5866
                  75                 450                   0             52.7876             1.13636              53.924
                  75                 460                   0             54.2791             1.13636             55.4155
                  75                 470                   0             55.2379             1.13636             56.3743
                  75                 480                   0             55.3089             1.13636             56.4453
                  75                 490                   0             56.0014             1.13636             57.1378
                  75                 500                   0             56.6051             1.13636             57.7415
                  75                 510                   0             58.2209             1.13636             59.3572
                  75                 520                   0             59.1974             1.13636             60.3338
                  75                 530                   0             59.3217             1.13636             60.4581
                  75                 540                   0             60.4048             1.13636             61.5412
                  75                 550                   0             61.3991             1.13636             62.5355
                  75                 560                   0             62.9616             1.13636              64.098
                  75                 570                   0             63.6364             1.13636             64.7727
                  75                 580                   0             63.9205             1.13636             65.0568
                  75                 590                   0             65.6072             1.13636             66.7436
                  75                 600                   0             66.6016             1.13636             67.7379
                  75                 610                   0             67.0099             1.13636             68.1463
                  75                 620                   0             67.0099             1.13636             68.1463
                  75                 630                   0             68.1996             1.13636             69.3359
                  75                 640                   0             69.4425             1.13636             70.5788
                  75                 650                   0             69.7621             1.13636             70.8984
                  75                 660                   0             71.0405             1.13636             72.1768
                  75                 670                   0              71.218             1.13636             72.3544
                  75                 680                   0             71.4844             1.13636             72.6207
                  75                 690                   0             72.8516             1.13636             73.9879
                  75                 700                   0             73.6328             1.13636             74.7692
                  75                 710                   0             73.8281             1.13636             74.9645
                  75                 720                   0             73.9347             1.13636              75.071
                  75                 730                   0             74.0589             1.13636             75.1953
                  75                 740                   0             74.1122             1.13636             75.2486
                  75                 750                   0             74.3608             1.13636             75.4972
                  75                 760                   0             75.4616             1.13636              76.598
                  75                 770                   0             75.5682             1.13636             76.7045
                  75                 780                   0             75.8345             1.13636             76.9709
                  75                 790                   0             76.1186             1.13636              77.255
                  75                 800                   0             76.2251             1.13636             77.3615
                  75                 810                   0             76.5625             1.13636             77.6989
                  75                 820                   0             77.0419             1.13636             78.1783
                  75                 830                   0             78.1428             1.13636             79.2791
                  75                 840                   0             78.1605             1.13636             79.2969
                  75                 850                   0             78.2315             1.13636             79.3679
                  75                 860                   0             78.7642             1.13636             79.9006
                  75                 870                   0             78.8352             1.13636             79.9716
                  75                 880                   0             79.1548             1.13636             80.2912
                  75                 890                   0             79.1903             1.13636             80.3267
                  75                 900                   0             79.9716             1.13636              81.108
                  75                 910                   0             80.7351             1.13636             81.8714
                  75                 920                   0             80.9837             1.13636               82.12
                  75                 930                   0             81.2322             1.13636             82.3686
                  75                 940                   0              81.321             1.13636             82.4574
                  75                 950                   0             81.4808             1.13636             82.6172
                  75                 960                   0             81.5874             1.13636             82.7237
                  75                 970                   0             81.6406             1.13636              82.777
                  75                 980                   0             81.9602             1.13636             83.0966
                  75                 990                   0              82.049             1.13636             83.1854
                  75                1000                   0             83.3097             1.13636              84.446
