                   5                   0                   0             2.09517             42.0455             44.1406
                   5                  10                   0             2.34375             40.9091             43.2528
                   5                  20                   0             2.52131             40.3409             42.8622
                   5                  30                   0             2.73438             38.6364             41.3707
                   5                  40                   0             2.82315                37.5             40.3232
                   5                  50                   0             2.85866             36.3636             39.2223
                   5                  60                   0             2.75213             35.2273             37.9794
                   5                  70                   0             2.98295             34.6591              37.642
                   5                  80                   0             3.14276             31.8182             34.9609
                   5                  90                   0             3.14276             30.1136             33.2564
                   5                 100                   0             3.26705             28.9773             32.2443
                   5                 110                   0             3.39134             27.8409             31.2322
                   5                 120                   0             3.49787             25.5682             29.0661
                   5                 130                   0             3.71094                  25             28.7109
                   5                 140                   0             3.92401             23.8636             27.7876
                   5                 150                   0             3.92401             24.4318             28.3558
                   5                 160                   0             4.26136             22.7273             26.9886
                   5                 170                   0             4.54545               18.75             23.2955
                   5                 180                   0             5.14915             18.1818              23.331
                   5                 190                   0             5.39773             18.1818             23.5795
                   5                 200                   0             5.75284             16.4773             22.2301
                   5                 210                   0              5.9304             14.7727             20.7031
                   5                 220                   0             5.62855             17.0455              22.674
                   5                 230                   0             5.87713             13.6364             19.5135
                   5                 240                   0             6.14347             13.0682             19.2116
                   5                 250                   0             6.30327             13.0682             19.3714
                   5                 260                   0             6.39205                12.5              18.892
                   5                 270                   0             6.69389                12.5             19.1939
                   5                 280                   0              6.8892             14.2045             21.0938
                   5                 290                   0             7.08452             13.6364             20.7209
                   5                 300                   0             7.40412             13.6364             21.0405
                   5                 310                   0             7.52841             13.0682             20.5966
                   5                 320                   0             7.56392             13.0682             20.6321
                   5                 330                   0             7.77699             13.0682             20.8452
                   5                 340                   0             8.02557                12.5             20.5256
                   5                 350                   0             8.20312                12.5             20.7031
                   5                 360                   0             8.38068                12.5             20.8807
                   5                 370                   0             8.77131                12.5             21.2713
                   5                 380                   0             9.33949             11.9318             21.2713
                   5                 390                   0             9.48153             11.9318             21.4134
                   5                 400                   0             9.67685             11.9318             21.6087
                   5                 410                   0             10.2983             14.7727              25.071
                   5                 420                   0             10.8665             14.7727             25.6392
                   5                 430                   0             11.1151             14.2045             25.3196
                   5                 440                   0             11.2749             14.7727             26.0476
                   5                 450                   0             11.8608             14.7727             26.6335
                   5                 460                   0             12.0561             14.7727             26.8288
                   5                 470                   0               13.37                12.5               25.87
                   5                 480                   0             13.8849                12.5             26.3849
                   5                 490                   0             14.0803             11.3636             25.4439
                   5                 500                   0             14.1868             11.3636             25.5504
                   5                 510                   0             14.2756             11.3636             25.6392
                   5                 520                   0             14.6484             11.3636             26.0121
                   5                 530                   0             15.3764             10.7955             26.1719
                   5                 540                   0             15.5717             10.7955             26.3672
                   5                 550                   0             15.8381             10.7955             26.6335
                   5                 560                   0             16.9744             10.7955             27.7699
                   5                 570                   0              17.152             10.7955             27.9474
                   5                 580                   0             17.6314             10.7955             28.4268
                   5                 590                   0             17.9688             10.7955             28.7642
                   5                 600                   0             17.9865             10.7955              28.782
                   5                 610                   0             19.3892             10.7955             30.1847
                   5                 620                   0             19.7266             10.7955              30.522
                   5                 630                   0             21.1648             10.7955             31.9602
                   5                 640                   0             22.3011             10.7955             33.0966
                   5                 650                   0             23.1001             10.7955             33.8956
                   5                 660                   0             23.1712             10.7955             33.9666
                   5                 670                   0             23.3487             10.7955             34.1442
                   5                 680                   0             24.5028             10.7955             35.2983
                   5                 690                   0             25.4439             10.2273             35.6712
                   5                 700                   0              25.799             10.2273             36.0263
                   5                 710                   0             26.0121             10.2273             36.2393
                   5                 720                   0             26.2074             10.2273             36.4347
                   5                 730                   0             26.8821             10.2273             37.1094
                   5                 740                   0             27.0064             10.2273             37.2337
                   5                 750                   0             27.0419             10.2273             37.2692
                   5                 760                   0             27.5036             10.2273             37.7308
                   5                 770                   0              28.196             10.2273             38.4233
                   5                 780                   0             29.1548             10.2273             39.3821
                   5                 790                   0              29.794                6.25              36.044
                   5                 800                   0             29.8828                6.25             36.1328
                   5                 810                   0             30.2024                6.25             36.4524
                   5                 820                   0             30.4155                6.25             36.6655
                   5                 830                   0              31.179                6.25              37.429
                   5                 840                   0             31.4453                6.25             37.6953
                   5                 850                   0             31.8182                6.25             38.0682
                   5                 860                   0             32.4751                6.25             38.7251
                   5                 870                   0             32.6172             5.68182              38.299
                   5                 880                   0             32.6349             5.68182             38.3168
                   5                 890                   0              32.777             5.68182             38.4588
                   5                 900                   0             34.1974             5.68182             39.8793
                   5                 910                   0             34.3928             5.68182             40.0746
                   5                 920                   0             34.6946             5.68182             40.3764
                   5                 930                   0             36.4169             5.68182             42.0987
                   5                 940                   0             36.7543             5.68182             42.4361
                   5                 950                   0             37.3047             5.68182             42.9865
                   5                 960                   0             38.0682             5.68182               43.75
                   5                 970                   0             38.6719             5.68182             44.3537
                   5                 980                   0             38.8317             5.68182             44.5135
                   5                 990                   0             38.9027             5.68182             44.5845
                   5                1000                   0             39.3821             5.68182             45.0639
