                  35                   0                   0             18.4837             15.3409             33.8246
                  35                  10                   0             18.9631             14.7727             33.7358
                  35                  20                   0              19.478             14.7727             34.2507
                  35                  30                   0             19.8509             14.7727             34.6236
                  35                  40                   0             20.1705             14.7727             34.9432
                  35                  50                   0             20.5611             13.6364             34.1974
                  35                  60                   0             20.7741             10.7955             31.5696
                  35                  70                   0              21.218             10.2273             31.4453
                  35                  80                   0             21.6442             10.2273             31.8714
                  35                  90                   0             22.0703             10.2273             32.2976
                  35                 100                   0              22.674             9.65909             32.3331
                  35                 110                   0             23.2599             9.65909              32.919
                  35                 120                   0             23.7393             9.65909             33.3984
                  35                 130                   0             24.6449             9.09091             33.7358
                  35                 140                   0             25.4261             7.38636             32.8125
                  35                 150                   0                  25             10.7955             35.7955
                  35                 160                   0              25.799             9.65909             35.4581
                  35                 170                   0             26.2962             6.81818             33.1143
                  35                 180                   0             27.0241             6.81818             33.8423
                  35                 190                   0             27.4503             6.81818             34.2685
                  35                 200                   0             28.0007             6.81818             34.8189
                  35                 210                   0             28.3736             6.81818             35.1918
                  35                 220                   0             29.8651             2.27273             32.1378
                  35                 230                   0             30.3267             1.70455             32.0312
                  35                 240                   0             30.5753             1.70455             32.2798
                  35                 250                   0             31.0902             1.70455             32.7947
                  35                 260                   0              31.392             1.70455             33.0966
                  35                 270                   0             31.9425             1.70455              33.647
                  35                 280                   0             32.2976             1.70455             34.0021
                  35                 290                   0             32.5994             1.70455              34.304
                  35                 300                   0             32.9013             1.70455             34.6058
                  35                 310                   0             33.5582             1.70455             35.2628
                  35                 320                   0             34.0376             1.13636              35.174
                  35                 330                   0             34.8544             1.13636             35.9908
                  35                 340                   0             35.0142             1.13636             36.1506
                  35                 350                   0             35.4936             1.13636               36.63
                  35                 360                   0              36.044             1.13636             37.1804
                  35                 370                   0             36.2038             1.13636             37.3402
                  35                 380                   0             36.5234             1.13636             37.6598
                  35                 390                   0             37.4467             1.13636             38.5831
                  35                 400                   0             38.0327             1.13636              39.169
                  35                 410                   0             38.4943             1.13636             39.6307
                  35                 420                   0             38.6541             1.13636             39.7905
                  35                 430                   0             38.7784             1.13636             39.9148
                  35                 440                   0             39.2401             1.13636             40.3764
                  35                 450                   0             40.3587             1.13636              41.495
                  35                 460                   0             40.5185             1.13636             41.6548
                  35                 470                   0             40.6605             1.13636             41.7969
                  35                 480                   0             41.0156             1.13636              42.152
                  35                 490                   0             41.3885             1.13636             42.5249
                  35                 500                   0             41.5483             1.13636             42.6847
                  35                 510                   0             41.7436             1.13636               42.88
                  35                 520                   0             42.7024             1.13636             43.8388
                  35                 530                   0             43.3949             1.13636             44.5312
                  35                 540                   0             43.5724             1.13636             44.7088
                  35                 550                   0             43.6967             1.13636             44.8331
                  35                 560                   0             43.9098             1.13636             45.0462
                  35                 570                   0             44.2472             1.13636             45.3835
                  35                 580                   0             44.5845             1.13636             45.7209
                  35                 590                   0             44.8864             1.13636             46.0227
                  35                 600                   0             45.2947             1.13636             46.4311
                  35                 610                   0             45.7386             1.13636              46.875
                  35                 620                   0             46.7152             1.13636             47.8516
                  35                 630                   0             47.4432             1.13636             48.5795
                  35                 640                   0             49.3075             1.13636             50.4439
                  35                 650                   0             49.8047             1.13636             50.9411
                  35                 660                   0             51.2962             1.13636             52.4325
                  35                 670                   0             51.4915             1.13636             52.6278
                  35                 680                   0              51.598             1.13636             52.7344
                  35                 690                   0             52.1307             1.13636              53.267
                  35                 700                   0             52.5568             1.13636             53.6932
                  35                 710                   0             52.7699             1.13636             53.9062
                  35                 720                   0             53.0007             1.13636             54.1371
                  35                 730                   0             53.4446             1.13636              54.581
                  35                 740                   0              53.995             1.13636             55.1314
                  35                 750                   0             54.7408             1.13636             55.8771
                  35                 760                   0              55.451             1.13636             56.5874
                  35                 770                   0             55.7884             1.13636             56.9247
                  35                 780                   0             57.1911             1.13636             58.3274
                  35                 790                   0             57.7237             1.13636             58.8601
                  35                 800                   0             59.0909             1.13636             60.2273
                  35                 810                   0             59.1442             1.13636             60.2805
                  35                 820                   0             60.0852             1.13636             61.2216
                  35                 830                   0             60.9375             1.13636             62.0739
                  35                 840                   0             61.1683             1.13636             62.3047
                  35                 850                   0             61.4702             1.13636             62.6065
                  35                 860                   0             61.9496             1.13636             63.0859
                  35                 870                   0             62.0916             1.13636              63.228
                  35                 880                   0             62.2514             1.13636             63.3878
                  35                 890                   0              62.642             1.13636             63.7784
                  35                 900                   0              62.642             1.13636             63.7784
                  35                 910                   0             62.6953             1.13636             63.8317
                  35                 920                   0              63.299             1.13636             64.4354
                  35                 930                   0             63.4055             1.13636             64.5419
                  35                 940                   0             63.7962             1.13636             64.9325
                  35                 950                   0              64.169             1.13636             65.3054
                  35                 960                   0             64.3466             1.13636              65.483
                  35                 970                   0             64.9325             1.13636             66.0689
                  35                 980                   0             64.9858             1.13636             66.1222
                  35                 990                   0             64.9858             1.13636             66.1222
                  35                1000                   0             65.0213             1.13636             66.1577
