                  95                   0                   0             37.7663             5.68182             43.4482
                  95                  10                   0             38.0504             5.11364             43.1641
                  95                  20                   0              39.169             5.11364             44.2827
                  95                  30                   0             40.2344             5.11364              45.348
                  95                  40                   0             40.4474             5.11364             45.5611
                  95                  50                   0              40.554             5.11364             45.6676
                  95                  60                   0              40.767             5.11364             45.8807
                  95                  70                   0             41.5128             5.11364             46.6264
                  95                  80                   0             41.9389             5.11364             47.0526
                  95                  90                   0             42.4361             5.11364             47.5497
                  95                 100                   0             42.6847             5.11364             47.7983
                  95                 110                   0             43.0398             5.11364             48.1534
                  95                 120                   0             43.1108             5.11364             48.2244
                  95                 130                   0             43.1108             5.11364             48.2244
                  95                 140                   0             43.1818             5.11364             48.2955
                  95                 150                   0             43.3239             5.11364             48.4375
                  95                 160                   0             43.5724             5.11364             48.6861
                  95                 170                   0             44.0696             5.11364             49.1832
                  95                 180                   0             44.3359             5.11364             49.4496
                  95                 190                   0               44.62             5.11364             49.7337
                  95                 200                   0             45.1349             5.11364             50.2486
                  95                 210                   0             45.2947             1.13636             46.4311
                  95                 220                   0             45.8452             1.13636             46.9815
                  95                 230                   0             46.5909             1.13636             47.7273
                  95                 240                   0             47.3366             1.13636              48.473
                  95                 250                   0             48.4197             1.13636             49.5561
                  95                 260                   0             49.1655             1.13636             50.3018
                  95                 270                   0             50.5504             1.13636             51.6868
                  95                 280                   0             51.4915             1.13636             52.6278
                  95                 290                   0             52.3082             1.13636             53.4446
                  95                 300                   0             54.0483             1.13636             55.1847
                  95                 310                   0             56.6939             1.13636             57.8303
                  95                 320                   0             58.6825             1.13636             59.8189
                  95                 330                   0             59.7124             1.13636             60.8487
                  95                 340                   0             60.2983             1.13636             61.4347
                  95                 350                   0             62.2159             1.13636             63.3523
                  95                 360                   0             63.4766             1.13636             64.6129
                  95                 370                   0             64.7372             1.13636             65.8736
                  95                 380                   0             65.6783             1.13636             66.8146
                  95                 390                   0             67.6491             1.13636             68.7855
                  95                 400                   0             67.8622             1.13636             68.9986
                  95                 410                   0             68.6435             1.13636             69.7798
                  95                 420                   0             70.1882             1.13636             71.3246
                  95                 430                   0             71.2358             1.13636             72.3722
                  95                 440                   0             71.5199             1.13636             72.6562
                  95                 450                   0             72.1236             1.13636             73.2599
                  95                 460                   0             72.7805             1.13636             73.9169
                  95                 470                   0             73.6328             1.13636             74.7692
                  95                 480                   0             75.7457             1.13636             76.8821
                  95                 490                   0             76.8466             1.13636              77.983
                  95                 500                   0             76.9176             1.13636              78.054
                  95                 510                   0             77.5568             1.13636             78.6932
                  95                 520                   0             77.9119             1.13636             79.0483
                  95                 530                   0             79.8295             1.13636             80.9659
                  95                 540                   0             80.1314             1.13636             81.2678
                  95                 550                   0              81.978             1.13636             83.1143
                  95                 560                   0             82.1911             1.13636             83.3274
                  95                 570                   0             82.3864             1.13636             83.5227
                  95                 580                   0             83.1499             1.13636             84.2862
                  95                 590                   0             84.7834             1.13636             85.9197
                  95                 600                   0             84.9964             1.13636             86.1328
                  95                 610                   0              85.103             1.13636             86.2393
                  95                 620                   0             85.5824             1.13636             86.7188
                  95                 630                   0             86.1328             1.13636             87.2692
                  95                 640                   0               86.63             1.13636             87.7663
                  95                 650                   0             86.7543             1.13636             87.8906
                  95                 660                   0             86.9318             1.13636             88.0682
                  95                 670                   0             87.1271             1.13636             88.2635
                  95                 680                   0             87.1982             1.13636             88.3345
                  95                 690                   0             87.3224             1.13636             88.4588
                  95                 700                   0             87.7486             1.13636             88.8849
                  95                 710                   0             87.8729             1.13636             89.0092
                  95                 720                   0             87.9439             1.13636             89.0803
                  95                 730                   0             88.0504             1.13636             89.1868
                  95                 740                   0             89.3466            0.568182             89.9148
                  95                 750                   0             90.0568            0.568182              90.625
                  95                 760                   0             90.0568            0.568182              90.625
                  95                 770                   0             90.2521            0.568182             90.8203
                  95                 780                   0             90.3232            0.568182             90.8913
                  95                 790                   0             90.3409            0.568182             90.9091
                  95                 800                   0             90.3764            0.568182             90.9446
                  95                 810                   0             90.3764            0.568182             90.9446
                  95                 820                   0             90.7138            0.568182              91.282
                  95                 830                   0             90.7848            0.568182              91.353
                  95                 840                   0             90.7848            0.568182              91.353
                  95                 850                   0             92.3118            0.568182               92.88
                  95                 860                   0             92.6847            0.568182             93.2528
                  95                 870                   0             92.7734            0.568182             93.3416
                  95                 880                   0             92.8445            0.568182             93.4126
                  95                 890                   0             92.9865            0.568182             93.5547
                  95                 900                   0             93.0043            0.568182             93.5724
                  95                 910                   0             93.0043            0.568182             93.5724
                  95                 920                   0              93.022            0.568182             93.5902
                  95                 930                   0             93.4837            0.568182             94.0518
                  95                 940                   0             93.5192            0.568182             94.0874
                  95                 950                   0             93.5369            0.568182             94.1051
                  95                 960                   0             93.6612            0.568182             94.2294
                  95                 970                   0             93.6612            0.568182             94.2294
                  95                 980                   0             93.6612            0.568182             94.2294
                  95                 990                   0             93.6612            0.568182             94.2294
                  95                1000                   0             93.9631            0.568182             94.5312
