                  60                   0                   0             28.7464             10.2273             38.9737
                  60                  10                   0             29.4744             8.52273             37.9972
                  60                  20                   0             29.9716             7.95455             37.9261
                  60                  30                   0             30.4865             6.81818             37.3047
                  60                  40                   0             30.9837             5.11364             36.0973
                  60                  50                   0              31.978             3.97727             35.9553
                  60                  60                   0             32.5107             3.97727             36.4879
                  60                  70                   0             33.6293             3.97727             37.6065
                  60                  80                   0             34.1442             3.97727             38.1214
                  60                  90                   0             33.4162             7.38636             40.8026
                  60                 100                   0              33.718             7.38636             41.1044
                  60                 110                   0             34.1087             7.38636              41.495
                  60                 120                   0             34.6236             6.81818             41.4418
                  60                 130                   0             34.7834             6.81818             41.6016
                  60                 140                   0             34.9964             6.81818             41.8146
                  60                 150                   0             35.2805             6.81818             42.0987
                  60                 160                   0               36.63             2.84091             39.4709
                  60                 170                   0             37.1982             2.84091             40.0391
                  60                 180                   0             38.2102             2.84091             41.0511
                  60                 190                   0             38.9027             2.84091             41.7436
                  60                 200                   0             39.5241             2.84091             42.3651
                  60                 210                   0             39.7017             2.84091             42.5426
                  60                 220                   0             39.9325             1.70455             41.6371
                  60                 230                   0             40.1101             1.70455             41.8146
                  60                 240                   0             40.7848             1.13636             41.9212
                  60                 250                   0             41.1399             1.13636             42.2763
                  60                 260                   0              41.353             1.13636             42.4893
                  60                 270                   0             41.5838             1.13636             42.7202
                  60                 280                   0             41.7791             1.13636             42.9155
                  60                 290                   0             42.1342             1.13636             43.2706
                  60                 300                   0             42.8445             1.13636             43.9808
                  60                 310                   0             42.9332             1.13636             44.0696
                  60                 320                   0             43.0753             1.13636             44.2116
                  60                 330                   0             43.3594             1.13636             44.4957
                  60                 340                   0              43.608             1.13636             44.7443
                  60                 350                   0             43.9631             1.13636             45.0994
                  60                 360                   0             44.7621             1.13636             45.8984
                  60                 370                   0             44.8686             1.13636              46.005
                  60                 380                   0             45.0994             1.13636             46.2358
                  60                 390                   0             45.6676             1.13636              46.804
                  60                 400                   0             45.7564             1.13636             46.8928
                  60                 410                   0             46.1115             1.13636             47.2479
                  60                 420                   0             46.3778             1.13636             47.5142
                  60                 430                   0              46.804             1.13636             47.9403
                  60                 440                   0             46.9993             1.13636             48.1357
                  60                 450                   0             47.4077             1.13636              48.544
                  60                 460                   0             47.7983             1.13636             48.9347
                  60                 470                   0             48.5618             1.13636             49.6982
                  60                 480                   0               49.13             1.13636             50.2663
                  60                 490                   0             49.6094             1.13636             50.7457
                  60                 500                   0             51.4737             1.13636             52.6101
                  60                 510                   0             52.0419             1.13636             53.1783
                  60                 520                   0             52.5036             1.13636             53.6399
                  60                 530                   0             53.1783             1.13636             54.3146
                  60                 540                   0             54.2259             1.13636             55.3622
                  60                 550                   0             55.1847             1.13636              56.321
                  60                 560                   0             55.5398             1.13636             56.6761
                  60                 570                   0             55.6996             1.13636             56.8359
                  60                 580                   0             56.3565             1.13636             57.4929
                  60                 590                   0             56.5341             1.13636             57.6705
                  60                 600                   0              57.706             1.13636             58.8423
                  60                 610                   0             58.2919             1.13636             59.4283
                  60                 620                   0             59.1087             1.13636              60.245
                  60                 630                   0             59.4815             1.13636             60.6179
                  60                 640                   0             59.5526             1.13636             60.6889
                  60                 650                   0             60.3338             1.13636             61.4702
                  60                 660                   0             60.5114             1.13636             61.6477
                  60                 670                   0             60.9908             1.13636             62.1271
                  60                 680                   0             61.8786             1.13636             63.0149
                  60                 690                   0             62.5888             1.13636             63.7251
                  60                 700                   0             62.8196             1.13636              63.956
                  60                 710                   0             63.3168             1.13636             64.4531
                  60                 720                   0             63.4943             1.13636             64.6307
                  60                 730                   0             63.6186             1.13636              64.755
                  60                 740                   0             63.9737             1.13636             65.1101
                  60                 750                   0             65.1456             1.13636              66.282
                  60                 760                   0             65.3232             1.13636             66.4595
                  60                 770                   0             65.3232             1.13636             66.4595
                  60                 780                   0              65.696             1.13636             66.8324
                  60                 790                   0             66.2642             1.13636             67.4006
                  60                 800                   0             66.3885             1.13636             67.5249
                  60                 810                   0             67.4716             1.13636              68.608
                  60                 820                   0             67.5071             1.13636             68.6435
                  60                 830                   0             67.5959             1.13636             68.7322
                  60                 840                   0             67.7379             1.13636             68.8743
                  60                 850                   0             67.8089             1.13636             68.9453
                  60                 860                   0             69.9751             1.13636             71.1115
                  60                 870                   0             70.2237             1.13636             71.3601
                  60                 880                   0             70.7386             1.13636              71.875
                  60                 890                   0             70.9162             1.13636             72.0526
                  60                 900                   0             71.3778             1.13636             72.5142
                  60                 910                   0             71.3956             1.13636              72.532
                  60                 920                   0             73.7038             1.13636             74.8402
                  60                 930                   0             73.7926             1.13636              74.929
                  60                 940                   0             73.8991             1.13636             75.0355
                  60                 950                   0             74.1477             1.13636             75.2841
                  60                 960                   0             75.3018             1.13636             76.4382
                  60                 970                   0             75.3196             1.13636              76.456
                  60                 980                   0             75.5327             1.13636              76.669
                  60                 990                   0             75.8168             1.13636             76.9531
                  60                1000                   0             77.1307             1.13636              78.267
