                 100                   0                   0              39.098             7.95455             47.0526
                 100                  10                   0             40.1456             5.11364             45.2592
                 100                  20                   0             40.4119             5.11364             45.5256
                 100                  30                   0             40.5362             5.11364             45.6499
                 100                  40                   0             41.0866             5.11364             46.2003
                 100                  50                   0             41.4418             5.11364             46.5554
                 100                  60                   0             41.9212             5.11364             47.0348
                 100                  70                   0             42.5604             5.11364              47.674
                 100                  80                   0               42.88             5.11364             47.9936
                 100                  90                   0             43.0753             5.11364             48.1889
                 100                 100                   0             43.1108             5.11364             48.2244
                 100                 110                   0             43.1108             5.11364             48.2244
                 100                 120                   0             43.1996             5.11364             48.3132
                 100                 130                   0             43.7145             5.11364             48.8281
                 100                 140                   0             44.5312             5.11364             49.6449
                 100                 150                   0             45.0817             5.11364             50.1953
                 100                 160                   0             46.2003             5.11364             51.3139
                 100                 170                   0             47.3366             5.11364             52.4503
                 100                 180                   0             48.1889             5.11364             53.3026
                 100                 190                   0             48.8104             5.11364              53.924
                 100                 200                   0             49.0057             5.11364             54.1193
                 100                 210                   0             49.1477             1.13636             50.2841
                 100                 220                   0             49.7869             1.13636             50.9233
                 100                 230                   0             50.2308             1.13636             51.3672
                 100                 240                   0             52.0419             1.13636             53.1783
                 100                 250                   0             54.5455             1.13636             55.6818
                 100                 260                   0             56.4453             1.13636             57.5817
                 100                 270                   0             59.6058             1.13636             60.7422
                 100                 280                   0             61.3636             1.13636                62.5
                 100                 290                   0                62.5             1.13636             63.6364
                 100                 300                   0             63.4233             1.13636             64.5597
                 100                 310                   0             64.4709             1.13636             65.6072
                 100                 320                   0             64.7905             1.13636             65.9268
                 100                 330                   0             65.4119             1.13636             66.5483
                 100                 340                   0             66.8501             1.13636             67.9865
                 100                 350                   0             69.1406             1.13636              70.277
                 100                 360                   0             70.7209             1.13636             71.8572
                 100                 370                   0             72.2656             1.13636              73.402
                 100                 380                   0              72.674             1.13636             73.8104
                 100                 390                   0             73.1001             1.13636             74.2365
                 100                 400                   0             73.9879             1.13636             75.1243
                 100                 410                   0             76.4737             1.13636             77.6101
                 100                 420                   0             76.7223             1.13636             77.8587
                 100                 430                   0             77.4503             1.13636             78.5866
                 100                 440                   0             77.6989             1.13636             78.8352
                 100                 450                   0             78.6577             1.13636              79.794
                 100                 460                   0             79.4922             1.13636             80.6286
                 100                 470                   0             81.2322             1.13636             82.3686
                 100                 480                   0             81.4631             1.13636             82.5994
                 100                 490                   0             82.0845             1.13636             83.2209
                 100                 500                   0             82.3686             1.13636              83.505
                 100                 510                   0             82.6705             1.13636             83.8068
                 100                 520                   0             83.7358            0.568182              84.304
                 100                 530                   0             83.9666            0.568182             84.5348
                 100                 540                   0             84.2152            0.568182             84.7834
                 100                 550                   0             84.8899            0.568182             85.4581
                 100                 560                   0             85.2273            0.568182             85.7955
                 100                 570                   0             85.7955            0.568182             86.3636
                 100                 580                   0             86.2393            0.568182             86.8075
                 100                 590                   0             86.5412            0.568182             87.1094
                 100                 600                   0              86.701            0.568182             87.2692
                 100                 610                   0             87.0739            0.568182              87.642
                 100                 620                   0             87.2869            0.568182             87.8551
                 100                 630                   0             87.5888            0.568182              88.157
                 100                 640                   0             87.8196            0.568182             88.3878
                 100                 650                   0             88.0149            0.568182             88.5831
                 100                 660                   0             88.0682            0.568182             88.6364
                 100                 670                   0             88.5653            0.568182             89.1335
                 100                 680                   0             88.7074            0.568182             89.2756
                 100                 690                   0             88.9382            0.568182             89.5064
                 100                 700                   0             88.9737            0.568182             89.5419
                 100                 710                   0             89.0803            0.568182             89.6484
                 100                 720                   0             89.5419            0.568182             90.1101
                 100                 730                   0             89.8082            0.568182             90.3764
                 100                 740                   0             90.3587            0.568182             90.9268
                 100                 750                   0             90.3587            0.568182             90.9268
                 100                 760                   0             90.6605            0.568182             91.2287
                 100                 770                   0             90.6783            0.568182             91.2464
                 100                 780                   0              90.696            0.568182             91.2642
                 100                 790                   0             90.7138            0.568182              91.282
                 100                 800                   0             90.7848            0.568182              91.353
                 100                 810                   0             92.4183            0.568182             92.9865
                 100                 820                   0             92.4183            0.568182             92.9865
                 100                 830                   0             92.5426            0.568182             93.1108
                 100                 840                   0             92.9332            0.568182             93.5014
                 100                 850                   0             93.0043            0.568182             93.5724
                 100                 860                   0             93.1818            0.568182               93.75
                 100                 870                   0             93.2351            0.568182             93.8033
                 100                 880                   0             93.2351            0.568182             93.8033
                 100                 890                   0             93.7145            0.568182             94.2827
                 100                 900                   0             93.7322            0.568182             94.3004
                 100                 910                   0             93.7322            0.568182             94.3004
                 100                 920                   0             93.7322            0.568182             94.3004
                 100                 930                   0             93.7855            0.568182             94.3537
                 100                 940                   0             93.7855            0.568182             94.3537
                 100                 950                   0             93.9098            0.568182              94.478
                 100                 960                   0             93.9098            0.568182              94.478
                 100                 970                   0             93.9098            0.568182              94.478
                 100                 980                   0             93.9098            0.568182              94.478
                 100                 990                   0             94.1761            0.568182             94.7443
                 100                1000                   0             94.3359            0.568182             94.9041
