                  65                   0                   0             30.6108             8.52273             39.1335
                  65                  10                   0             32.1733                6.25             38.4233
                  65                  20                   0             32.8125             5.11364             37.9261
                  65                  30                   0             32.8835             3.97727             36.8608
                  65                  40                   0             33.8068             3.97727             37.7841
                  65                  50                   0              34.304             3.97727             38.2812
                  65                  60                   0             34.7834             3.97727             38.7607
                  65                  70                   0             35.1918             3.97727              39.169
                  65                  80                   0             34.1619             7.95455             42.1165
                  65                  90                   0             34.6591             7.38636             42.0455
                  65                 100                   0             35.2628             7.38636             42.6491
                  65                 110                   0             35.3516             6.81818             42.1697
                  65                 120                   0             35.5469             6.81818             42.3651
                  65                 130                   0             36.9673             2.84091             39.8082
                  65                 140                   0             37.2692             2.84091             40.1101
                  65                 150                   0             37.9616             2.84091             40.8026
                  65                 160                   0             38.7607             2.84091             41.6016
                  65                 170                   0             39.5419             2.84091             42.3828
                  65                 180                   0             39.7372             2.84091             42.5781
                  65                 190                   0             40.1101             5.11364             45.2237
                  65                 200                   0             40.3232             5.11364             45.4368
                  65                 210                   0              40.696             5.11364             45.8097
                  65                 220                   0             41.6016             1.13636             42.7379
                  65                 230                   0             41.7969             1.13636             42.9332
                  65                 240                   0             41.9212             1.13636             43.0575
                  65                 250                   0             42.0632             1.13636             43.1996
                  65                 260                   0             42.5959             1.13636             43.7322
                  65                 270                   0             42.8622             1.13636             43.9986
                  65                 280                   0             43.0398             1.13636             44.1761
                  65                 290                   0             43.1286             1.13636             44.2649
                  65                 300                   0             43.2528             1.13636             44.3892
                  65                 310                   0             43.4837             1.13636               44.62
                  65                 320                   0               43.75             1.13636             44.8864
                  65                 330                   0             43.9808             1.13636             45.1172
                  65                 340                   0             44.9041             1.13636             46.0405
                  65                 350                   0             45.4545             1.13636             46.5909
                  65                 360                   0             45.4901             1.13636             46.6264
                  65                 370                   0             45.6499             1.13636             46.7862
                  65                 380                   0             45.9517             1.13636             47.0881
                  65                 390                   0             46.2003             1.13636             47.3366
                  65                 400                   0              46.733             1.13636             47.8693
                  65                 410                   0             46.8928             1.13636             48.0291
                  65                 420                   0             47.1591             1.13636             48.2955
                  65                 430                   0              47.745             1.13636             48.8814
                  65                 440                   0             48.6328             1.13636             49.7692
                  65                 450                   0             49.1832             1.13636             50.3196
                  65                 460                   0             49.7159             1.13636             50.8523
                  65                 470                   0             50.9588             1.13636             52.0952
                  65                 480                   0             51.5092             1.13636             52.6456
                  65                 490                   0             52.1129             1.13636             53.2493
                  65                 500                   0             52.9119             1.13636             54.0483
                  65                 510                   0             53.6222             1.13636             54.7585
                  65                 520                   0             54.4567             1.13636              55.593
                  65                 530                   0             54.9716             1.13636              56.108
                  65                 540                   0              55.593             1.13636             56.7294
                  65                 550                   0              56.179             1.13636             57.3153
                  65                 560                   0             56.7472             1.13636             57.8835
                  65                 570                   0              56.907             1.13636             58.0433
                  65                 580                   0             58.1321             1.13636             59.2685
                  65                 590                   0             58.6825             1.13636             59.8189
                  65                 600                   0             60.0142             1.13636             61.1506
                  65                 610                   0             60.8132             1.13636             61.9496
                  65                 620                   0             61.0263             1.13636             62.1626
                  65                 630                   0             61.6655             1.13636             62.8018
                  65                 640                   0             62.4112             1.13636             63.5476
                  65                 650                   0                62.5             1.13636             63.6364
                  65                 660                   0             62.6065             1.13636             63.7429
                  65                 670                   0             64.0625             1.13636             65.1989
                  65                 680                   0              64.098             1.13636             65.2344
                  65                 690                   0             64.3999             1.13636             65.5362
                  65                 700                   0             64.6662             1.13636             65.8026
                  65                 710                   0             64.7017             1.13636             65.8381
                  65                 720                   0             66.0511             1.13636             67.1875
                  65                 730                   0             66.2642             1.13636             67.4006
                  65                 740                   0             66.4062             1.13636             67.5426
                  65                 750                   0             66.7614             1.13636             67.8977
                  65                 760                   0             67.2763             1.13636             68.4126
                  65                 770                   0             69.3004             1.13636             70.4368
                  65                 780                   0             69.5135             1.13636             70.6499
                  65                 790                   0             69.6023             1.13636             70.7386
                  65                 800                   0             69.6911             1.13636             70.8274
                  65                 810                   0             70.0284             1.13636             71.1648
                  65                 820                   0             72.0348             1.13636             73.1712
                  65                 830                   0             72.2124             1.13636             73.3487
                  65                 840                   0             72.4432             1.13636             73.5795
                  65                 850                   0             72.5852             1.13636             73.7216
                  65                 860                   0             74.1477             1.13636             75.2841
                  65                 870                   0             74.3253             1.13636             75.4616
                  65                 880                   0                  75             1.13636             76.1364
                  65                 890                   0             76.0831             1.13636             77.2195
                  65                 900                   0             76.3672             1.13636             77.5036
                  65                 910                   0              76.456             1.13636             77.5923
                  65                 920                   0              76.527             1.13636             77.6634
                  65                 930                   0             76.7933             1.13636             77.9297
                  65                 940                   0             77.0952             1.13636             78.2315
                  65                 950                   0             77.1129             1.13636             78.2493
                  65                 960                   0             77.3438             1.13636             78.4801
                  65                 970                   0             77.3438             1.13636             78.4801
                  65                 980                   0             77.3438             1.13636             78.4801
                  65                 990                   0             77.6456             1.13636              78.782
                  65                1000                   0             77.8764             1.13636             79.0128
