                  40                   0                   0             20.9695             14.2045              35.174
                  40                  10                   0              21.733             13.0682             34.8011
                  40                  20                   0             22.0526             11.9318             33.9844
                  40                  30                   0             22.3011             11.3636             33.6648
                  40                  40                   0              22.745             11.3636             34.1087
                  40                  50                   0             23.2599             10.2273             33.4872
                  40                  60                   0             23.8281             9.65909             33.4872
                  40                  70                   0              24.201             9.65909             33.8601
                  40                  80                   0             25.0178             9.65909             34.6768
                  40                  90                   0             25.6925             9.65909             35.3516
                  40                 100                   0             26.1186             8.52273             34.6413
                  40                 110                   0             26.7933             7.95455             34.7479
                  40                 120                   0             27.6634             7.38636             35.0497
                  40                 130                   0             27.0064             9.09091             36.0973
                  40                 140                   0             27.4325             7.38636             34.8189
                  40                 150                   0             27.9297             6.81818             34.7479
                  40                 160                   0             28.2138             6.81818              35.032
                  40                 170                   0             28.3736             6.81818             35.1918
                  40                 180                   0              28.782             6.81818             35.6001
                  40                 190                   0             29.4212             6.81818             36.2393
                  40                 200                   0             29.9183             6.81818             36.7365
                  40                 210                   0               30.38             6.81818             37.1982
                  40                 220                   0             32.3509             2.27273             34.6236
                  40                 230                   0             32.5994             1.70455              34.304
                  40                 240                   0             32.8835             1.70455             34.5881
                  40                 250                   0             33.1676             1.70455             34.8722
                  40                 260                   0             33.4339             1.70455             35.1385
                  40                 270                   0             34.0732             1.70455             35.7777
                  40                 280                   0             34.7301             1.70455             36.4347
                  40                 290                   0              35.245             1.70455             36.9496
                  40                 300                   0             36.5057             1.70455             38.2102
                  40                 310                   0             36.9141             1.70455             38.6186
                  40                 320                   0             37.1449             1.13636             38.2812
                  40                 330                   0             37.7131             1.13636             38.8494
                  40                 340                   0             38.0327             1.13636              39.169
                  40                 350                   0             38.3523             1.13636             39.4886
                  40                 360                   0             38.7074             1.13636             39.8438
                  40                 370                   0             38.9737             1.13636             40.1101
                  40                 380                   0             39.0625             1.13636             40.1989
                  40                 390                   0             39.2578             1.13636             40.3942
                  40                 400                   0             39.9325             1.13636             41.0689
                  40                 410                   0             40.0568             1.13636             41.1932
                  40                 420                   0             40.7493             1.13636             41.8857
                  40                 430                   0             41.7436             1.13636               42.88
                  40                 440                   0             41.8501             1.13636             42.9865
                  40                 450                   0             42.7202             1.13636             43.8565
                  40                 460                   0              42.951             1.13636             44.0874
                  40                 470                   0             43.1641             1.13636             44.3004
                  40                 480                   0             44.0341             1.13636             45.1705
                  40                 490                   0             44.2649             1.13636             45.4013
                  40                 500                   0             44.3892             1.13636             45.5256
                  40                 510                   0             44.8686             1.13636              46.005
                  40                 520                   0             45.1172             1.13636             46.2536
                  40                 530                   0             45.2947             1.13636             46.4311
                  40                 540                   0             45.6854             1.13636             46.8217
                  40                 550                   0             45.7564             1.13636             46.8928
                  40                 560                   0             45.8629             1.13636             46.9993
                  40                 570                   0             46.1293             1.13636             47.2656
                  40                 580                   0             47.0526             1.13636             48.1889
                  40                 590                   0             47.5675             1.13636             48.7038
                  40                 600                   0             48.7393             1.13636             49.8757
                  40                 610                   0             51.1541             1.13636             52.2905
                  40                 620                   0             51.6868             1.13636             52.8232
                  40                 630                   0             52.2727             1.13636             53.4091
                  40                 640                   0             52.5391             1.13636             53.6754
                  40                 650                   0             52.7699             1.13636             53.9062
                  40                 660                   0             53.0007             1.13636             54.1371
                  40                 670                   0             53.0895             1.13636             54.2259
                  40                 680                   0             53.1605             1.13636             54.2969
                  40                 690                   0             53.3558             1.13636             54.4922
                  40                 700                   0             53.6222             1.13636             54.7585
                  40                 710                   0             54.0838             1.13636             55.2202
                  40                 720                   0             55.9482             1.13636             57.0845
                  40                 730                   0             56.4098             1.13636             57.5462
                  40                 740                   0             56.8537             1.13636             57.9901
                  40                 750                   0             57.3686             1.13636              58.505
                  40                 760                   0             58.0433             1.13636             59.1797
                  40                 770                   0             58.2209             1.13636             59.3572
                  40                 780                   0             58.9666             1.13636              60.103
                  40                 790                   0             60.2273             1.13636             61.3636
                  40                 800                   0              60.973             1.13636             62.1094
                  40                 810                   0             61.6122             1.13636             62.7486
                  40                 820                   0             61.8253             1.13636             62.9616
                  40                 830                   0             62.6598             1.13636             63.7962
                  40                 840                   0             62.7486             1.13636             63.8849
                  40                 850                   0             62.9261             1.13636             64.0625
                  40                 860                   0             63.1037             1.13636             64.2401
                  40                 870                   0             63.5476             1.13636             64.6839
                  40                 880                   0             63.6186             1.13636              64.755
                  40                 890                   0             63.6364             1.13636             64.7727
                  40                 900                   0             63.8494             1.13636             64.9858
                  40                 910                   0             64.5241             1.13636             65.6605
                  40                 920                   0             64.6307             1.13636              65.767
                  40                 930                   0             64.6307             1.13636              65.767
                  40                 940                   0             64.7372             1.13636             65.8736
                  40                 950                   0             65.2521             1.13636             66.3885
                  40                 960                   0             65.2521             1.13636             66.3885
                  40                 970                   0             65.3054             1.13636             66.4418
                  40                 980                   0             65.3409             1.13636             66.4773
                  40                 990                   0             65.7493             1.13636             66.8857
                  40                1000                   0             66.2642             1.13636             67.4006
