                  20                   0                   0             11.1683             17.0455             28.2138
                  20                  10                   0             11.3104             15.9091             27.2195
                  20                  20                   0             11.5589             15.3409             26.8999
                  20                  30                   0             11.8608             15.3409             27.2017
                  20                  40                   0             12.2869             15.3409             27.6278
                  20                  50                   0              12.571             15.3409             27.9119
                  20                  60                   0             12.7841             14.7727             27.5568
                  20                  70                   0             12.9794             14.7727             27.7521
                  20                  80                   0             13.2812             14.2045             27.4858
                  20                  90                   0             13.4411             14.2045             27.6456
                  20                 100                   0             13.7962             14.2045             28.0007
                  20                 110                   0              14.098             14.2045             28.3026
                  20                 120                   0             14.3466             14.2045             28.5511
                  20                 130                   0             14.5952             14.2045             28.7997
                  20                 140                   0             14.8793             13.6364             28.5156
                  20                 150                   0             15.1811             13.6364             28.8175
                  20                 160                   0             15.3587                12.5             27.8587
                  20                 170                   0             15.6783                12.5             28.1783
                  20                 180                   0             15.6783             11.9318             27.6101
                  20                 190                   0             15.9624             11.9318             27.8942
                  20                 200                   0             16.4418             11.9318             28.3736
                  20                 210                   0             16.7259             11.9318             28.6577
                  20                 220                   0             16.9567             11.9318             28.8885
                  20                 230                   0             17.7734             11.3636             29.1371
                  20                 240                   0             18.2528             11.3636             29.6165
                  20                 250                   0             18.6612             11.3636             30.0249
                  20                 260                   0              19.407             11.3636             30.7706
                  20                 270                   0             19.9574             11.3636              31.321
                  20                 280                   0             20.6321             10.7955             31.4276
                  20                 290                   0             20.8097             10.7955             31.6051
                  20                 300                   0             21.0938             10.7955             31.8892
                  20                 310                   0             21.3068             10.7955             32.1023
                  20                 320                   0             21.8395                6.25             28.0895
                  20                 330                   0             22.5675                6.25             28.8175
                  20                 340                   0             22.9936                6.25             29.2436
                  20                 350                   0             23.2955             5.11364             28.4091
                  20                 360                   0             23.7749             5.11364             28.8885
                  20                 370                   0              24.201             5.11364             29.3146
                  20                 380                   0             25.0888             5.11364             30.2024
                  20                 390                   0             25.7812             5.11364             30.8949
                  20                 400                   0              26.598             5.11364             31.7116
                  20                 410                   0              27.468             5.11364             32.5817
                  20                 420                   0             28.0717             5.11364             33.1854
                  20                 430                   0              28.995             5.11364             34.1087
                  20                 440                   0             29.6342             5.11364             34.7479
                  20                 450                   0             30.4865             5.11364             35.6001
                  20                 460                   0             30.7351             5.11364             35.8487
                  20                 470                   0             31.4986             5.11364             36.6122
                  20                 480                   0             31.8182             5.11364             36.9318
                  20                 490                   0             31.9425             5.11364             37.0561
                  20                 500                   0             32.2443             5.11364              37.358
                  20                 510                   0             33.1143             5.11364              38.228
                  20                 520                   0             33.3807             5.11364             38.4943
                  20                 530                   0             33.7003             5.11364             38.8139
                  20                 540                   0             34.0909             5.11364             39.2045
                  20                 550                   0             34.5348             5.11364             39.6484
                  20                 560                   0             35.1207             1.13636             36.2571
                  20                 570                   0             35.3516             1.13636             36.4879
                  20                 580                   0             35.3871             1.13636             36.5234
                  20                 590                   0             35.6712             1.13636             36.8075
                  20                 600                   0             35.7955             1.13636             36.9318
                  20                 610                   0             35.9375             1.13636             37.0739
                  20                 620                   0             36.4702             1.13636             37.6065
                  20                 630                   0             37.7308             1.13636             38.8672
                  20                 640                   0             38.0859             1.13636             39.2223
                  20                 650                   0             38.6896             1.13636              39.826
                  20                 660                   0             39.2401             1.13636             40.3764
                  20                 670                   0              39.897             1.13636             41.0334
                  20                 680                   0             40.3054             1.13636             41.4418
                  20                 690                   0             40.3942             1.13636             41.5305
                  20                 700                   0              40.554             1.13636             41.6903
                  20                 710                   0              41.282             1.13636             42.4183
                  20                 720                   0             41.9212             1.13636             43.0575
                  20                 730                   0             42.8622             1.13636             43.9986
                  20                 740                   0             42.9865             1.13636             44.1229
                  20                 750                   0             43.3061             1.13636             44.4425
                  20                 760                   0               43.75             1.13636             44.8864
                  20                 770                   0              43.821             1.13636             44.9574
                  20                 780                   0              44.478             1.13636             45.6143
                  20                 790                   0             45.1172             1.13636             46.2536
                  20                 800                   0             46.5376             1.13636              47.674
                  20                 810                   0              46.946             1.13636             48.0824
                  20                 820                   0             47.7983             1.13636             48.9347
                  20                 830                   0             47.8161             1.13636             48.9524
                  20                 840                   0             48.2777             1.13636             49.4141
                  20                 850                   0             48.9347             1.13636              50.071
                  20                 860                   0             49.7869             1.13636             50.9233
                  20                 870                   0             50.1953             1.13636             51.3317
                  20                 880                   0             50.6392             1.13636             51.7756
                  20                 890                   0             51.0298             1.13636             52.1662
                  20                 900                   0             51.3139             1.13636             52.4503
                  20                 910                   0             52.2195             1.13636             53.3558
                  20                 920                   0             52.7699             1.13636             53.9062
                  20                 930                   0             53.4801             1.13636             54.6165
                  20                 940                   0             54.4567             1.13636              55.593
                  20                 950                   0             55.4332             1.13636             56.5696
                  20                 960                   0             55.6463             1.13636             56.7827
                  20                 970                   0             55.8771             1.13636             57.0135
                  20                 980                   0             56.0192             1.13636             57.1555
                  20                 990                   0             56.1257             1.13636             57.2621
                  20                1000                   0             58.4517             1.13636             59.5881
