                  90                   0                   0             37.1804             3.97727             41.1577
                  90                  10                   0             37.1094             5.68182             42.7912
                  90                  20                   0             37.5178             5.68182             43.1996
                  90                  30                   0             38.2102             5.68182              43.892
                  90                  40                   0             39.3288             5.11364             44.4425
                  90                  50                   0             40.1634             5.11364              45.277
                  90                  60                   0             40.4474             5.11364             45.5611
                  90                  70                   0             40.5895             5.11364             45.7031
                  90                  80                   0             40.8558             5.11364             45.9695
                  90                  90                   0              41.282             5.11364             46.3956
                  90                 100                   0             42.0455             5.11364             47.1591
                  90                 110                   0             42.2585             5.11364             47.3722
                  90                 120                   0             42.6669             5.11364             47.7805
                  90                 130                   0             42.8089             5.11364             47.9226
                  90                 140                   0               42.88             5.11364             47.9936
                  90                 150                   0             43.1286             5.11364             48.2422
                  90                 160                   0             43.2173             5.11364              48.331
                  90                 170                   0             43.3416             5.11364             48.4553
                  90                 180                   0             43.4659             5.11364             48.5795
                  90                 190                   0             43.7145             5.11364             48.8281
                  90                 200                   0             44.3182             5.11364             49.4318
                  90                 210                   0             44.6378             1.13636             45.7741
                  90                 220                   0             45.0462             1.13636             46.1825
                  90                 230                   0              45.206             1.13636             46.3423
                  90                 240                   0             45.5788             1.13636             46.7152
                  90                 250                   0             45.7741             1.13636             46.9105
                  90                 260                   0             46.0227             1.13636             47.1591
                  90                 270                   0             46.3956             1.13636              47.532
                  90                 280                   0             46.9815             1.13636             48.1179
                  90                 290                   0             47.4254             1.13636             48.5618
                  90                 300                   0              48.331             1.13636             49.4673
                  90                 310                   0             49.0234             1.13636             50.1598
                  90                 320                   0             50.4616             1.13636              51.598
                  90                 330                   0             52.1484             1.13636             53.2848
                  90                 340                   0             53.2315             1.13636             54.3679
                  90                 350                   0             54.5099             1.13636             55.6463
                  90                 360                   0             55.6286             1.13636             56.7649
                  90                 370                   0              57.049             1.13636             58.1854
                  90                 380                   0             59.8899             1.13636             61.0263
                  90                 390                   0             60.9375             1.13636             62.0739
                  90                 400                   0             62.6953             1.13636             63.8317
                  90                 410                   0             63.1392             1.13636             64.2756
                  90                 420                   0             63.3878             1.13636             64.5241
                  90                 430                   0             64.2223             1.13636             65.3587
                  90                 440                   0             64.7017             1.13636             65.8381
                  90                 450                   0             67.4361             1.13636             68.5724
                  90                 460                   0             68.2528             1.13636             69.3892
                  90                 470                   0              68.608             1.13636             69.7443
                  90                 480                   0             69.3892             1.13636             70.5256
                  90                 490                   0             70.5788             1.13636             71.7152
                  90                 500                   0             72.0348             1.13636             73.1712
                  90                 510                   0             72.9403             1.13636             74.0767
                  90                 520                   0             73.0114             1.13636             74.1477
                  90                 530                   0             73.6861             1.13636             74.8224
                  90                 540                   0             75.5149             1.13636             76.6513
                  90                 550                   0             75.6214             1.13636             76.7578
                  90                 560                   0             75.6747             1.13636             76.8111
                  90                 570                   0             75.6925             1.13636             76.8288
                  90                 580                   0             76.1541             1.13636             77.2905
                  90                 590                   0             76.2429             1.13636             77.3793
                  90                 600                   0             77.4148             1.13636             78.5511
                  90                 610                   0              78.196             1.13636             79.3324
                  90                 620                   0             79.3857             1.13636              80.522
                  90                 630                   0             79.4922             1.13636             80.6286
                  90                 640                   0             80.1491             1.13636             81.2855
                  90                 650                   0             80.6996             1.13636             81.8359
                  90                 660                   0             80.6996             1.13636             81.8359
                  90                 670                   0             81.0902             1.13636             82.2266
                  90                 680                   0             81.4098             1.13636             82.5462
                  90                 690                   0             81.6229             1.13636             82.7592
                  90                 700                   0             81.7649             1.13636             82.9013
                  90                 710                   0             81.8004             1.13636             82.9368
                  90                 720                   0             82.8303             1.13636             83.9666
                  90                 730                   0             83.2741             1.13636             84.4105
                  90                 740                   0             83.3452             1.13636             84.4815
                  90                 750                   0             83.4872             1.13636             84.6236
                  90                 760                   0             85.4581             1.13636             86.5945
                  90                 770                   0             86.3814             1.13636             87.5178
                  90                 780                   0              88.299             1.13636             89.4354
                  90                 790                   0             88.4411             1.13636             89.5774
                  90                 800                   0             89.3999             1.13636             90.5362
                  90                 810                   0             89.3999             1.13636             90.5362
                  90                 820                   0             89.4531             1.13636             90.5895
                  90                 830                   0             89.4709             1.13636             90.6072
                  90                 840                   0             89.4709             1.13636             90.6072
                  90                 850                   0             89.4886             1.13636              90.625
                  90                 860                   0             89.5597             1.13636              90.696
                  90                 870                   0             89.5952             1.13636             90.7315
                  90                 880                   0             90.1811             1.13636             91.3175
                  90                 890                   0             91.7259             1.13636             92.8622
                  90                 900                   0             91.8679             1.13636             93.0043
                  90                 910                   0             92.0099             1.13636             93.1463
                  90                 920                   0             92.0277             1.13636             93.1641
                  90                 930                   0             92.0277             1.13636             93.1641
                  90                 940                   0             92.1342             1.13636             93.2706
                  90                 950                   0              92.152             1.13636             93.2884
                  90                 960                   0             93.5192            0.568182             94.0874
                  90                 970                   0             93.5192            0.568182             94.0874
                  90                 980                   0             93.5369            0.568182             94.1051
                  90                 990                   0             93.5369            0.568182             94.1051
                  90                1000                   0             93.5369            0.568182             94.1051
