                  80                   0                   0             35.8842             5.68182             41.5661
                  80                  10                   0             36.3636             3.97727             40.3409
                  80                  20                   0             36.5234             3.97727             40.5007
                  80                  30                   0              36.701             3.97727             40.6783
                  80                  40                   0             36.8608             3.97727             40.8381
                  80                  50                   0             37.1449             3.97727             41.1222
                  80                  60                   0             37.5355             5.11364             42.6491
                  80                  70                   0              38.228             5.11364             43.3416
                  80                  80                   0             39.1158             5.11364             44.2294
                  80                  90                   0             39.7195             5.11364             44.8331
                  80                 100                   0             40.3409             5.11364             45.4545
                  80                 110                   0             40.6428             5.11364             45.7564
                  80                 120                   0             40.8381             5.11364             45.9517
                  80                 130                   0             41.1044             5.11364              46.218
                  80                 140                   0             41.6016             5.11364             46.7152
                  80                 150                   0             41.7969             5.11364             46.9105
                  80                 160                   0             42.0632             5.11364             47.1768
                  80                 170                   0             42.7734             5.11364             47.8871
                  80                 180                   0             42.8622             5.11364             47.9759
                  80                 190                   0             42.9155             5.11364             48.0291
                  80                 200                   0             43.0398             5.11364             48.1534
                  80                 210                   0             43.1108             1.13636             44.2472
                  80                 220                   0             43.2884             1.13636             44.4247
                  80                 230                   0             43.6435             1.13636             44.7798
                  80                 240                   0             43.8033             1.13636             44.9396
                  80                 250                   0             44.6555             1.13636             45.7919
                  80                 260                   0             44.9751             1.13636             46.1115
                  80                 270                   0             45.6676             1.13636              46.804
                  80                 280                   0             45.7386             1.13636              46.875
                  80                 290                   0             45.8807             1.13636              47.017
                  80                 300                   0             46.3068             1.13636             47.4432
                  80                 310                   0             46.5554             1.13636             47.6918
                  80                 320                   0             46.6087             1.13636              47.745
                  80                 330                   0              46.875             1.13636             48.0114
                  80                 340                   0             46.9815             1.13636             48.1179
                  80                 350                   0             48.2599             1.13636             49.3963
                  80                 360                   0              49.272             1.13636             50.4084
                  80                 370                   0              50.657             1.13636             51.7933
                  80                 380                   0             50.9233             1.13636             52.0597
                  80                 390                   0             51.2074             1.13636             52.3438
                  80                 400                   0             51.6335             1.13636             52.7699
                  80                 410                   0             52.0241             1.13636             53.1605
                  80                 420                   0              53.054             1.13636             54.1903
                  80                 430                   0             53.6044             1.13636             54.7408
                  80                 440                   0             55.6996             1.13636             56.8359
                  80                 450                   0             55.8061             1.13636             56.9425
                  80                 460                   0             56.3743             1.13636             57.5107
                  80                 470                   0              57.848             1.13636             58.9844
                  80                 480                   0              58.576             1.13636             59.7124
                  80                 490                   0              59.304             1.13636             60.4403
                  80                 500                   0             61.1328             1.13636             62.2692
                  80                 510                   0             62.5888             1.13636             63.7251
                  80                 520                   0              63.228             1.13636             64.3643
                  80                 530                   0             63.9027             1.13636             65.0391
                  80                 540                   0             66.8146             1.13636              67.951
                  80                 550                   0             67.5781             1.13636             68.7145
                  80                 560                   0             68.7145             1.13636             69.8509
                  80                 570                   0             69.7443             1.13636             70.8807
                  80                 580                   0             70.8629             1.13636             71.9993
                  80                 590                   0             71.3423             1.13636             72.4787
                  80                 600                   0             71.5021             1.13636             72.6385
                  80                 610                   0             71.5909             1.13636             72.7273
                  80                 620                   0             71.8217             1.13636             72.9581
                  80                 630                   0              72.745             1.13636             73.8814
                  80                 640                   0             73.2244             1.13636             74.3608
                  80                 650                   0             73.4908             1.13636             74.6271
                  80                 660                   0             73.7216             1.13636              74.858
                  80                 670                   0             74.3963             1.13636             75.5327
                  80                 680                   0             74.8224             1.13636             75.9588
                  80                 690                   0              74.929             1.13636             76.0653
                  80                 700                   0             75.2308             1.13636             76.3672
                  80                 710                   0             75.3374             1.13636             76.4737
                  80                 720                   0             75.4972             1.13636             76.6335
                  80                 730                   0             75.6747             1.13636             76.8111
                  80                 740                   0             76.1719             1.13636             77.3082
                  80                 750                   0             77.1662             1.13636             78.3026
                  80                 760                   0              78.196             1.13636             79.3324
                  80                 770                   0             78.3026             1.13636             79.4389
                  80                 780                   0             78.6754             1.13636             79.8118
                  80                 790                   0             78.8707             1.13636             80.0071
                  80                 800                   0             79.4389             1.13636             80.5753
                  80                 810                   0             80.4865             1.13636             81.6229
                  80                 820                   0             80.4865             1.13636             81.6229
                  80                 830                   0             80.8239             1.13636             81.9602
                  80                 840                   0             80.9659             1.13636             82.1023
                  80                 850                   0             81.0369             1.13636             82.1733
                  80                 860                   0             81.0369             1.13636             82.1733
                  80                 870                   0             81.0902             1.13636             82.2266
                  80                 880                   0             81.0902             1.13636             82.2266
                  80                 890                   0             81.0902             1.13636             82.2266
                  80                 900                   0             82.8835             1.13636             84.0199
                  80                 910                   0             83.1854             1.13636             84.3217
                  80                 920                   0             83.2031             1.13636             84.3395
                  80                 930                   0             83.3629             1.13636             84.4993
                  80                 940                   0             83.4339             1.13636             84.5703
                  80                 950                   0             83.5227             1.13636             84.6591
                  80                 960                   0             84.9077             1.13636              86.044
                  80                 970                   0             84.9432             1.13636             86.0795
                  80                 980                   0             84.9432             1.13636             86.0795
                  80                 990                   0             85.1562             1.13636             86.2926
                  80                1000                   0             85.9197             1.13636             87.0561
