                  15                   0                   0             8.14986             19.8864             28.0362
                  15                  10                   0             8.39844               18.75             27.1484
                  15                  20                   0             8.57599               18.75              27.326
                  15                  30                   0             8.82457             18.1818             27.0064
                  15                  40                   0             8.96662             18.1818             27.1484
                  15                  50                   0             9.10866             17.6136             26.7223
                  15                  60                   0             9.33949             17.0455             26.3849
                  15                  70                   0              9.5348             17.0455             26.5803
                  15                  80                   0             9.73011             15.3409              25.071
                  15                  90                   0             10.1562             14.2045             24.3608
                  15                 100                   0             10.4226             14.2045             24.6271
                  15                 110                   0             10.8842             14.2045             25.0888
                  15                 120                   0             11.4879             14.2045             25.6925
                  15                 130                   0             11.6832             14.2045             25.8878
                  15                 140                   0             11.9673             14.2045             26.1719
                  15                 150                   0             12.3402             14.2045             26.5447
                  15                 160                   0             12.5533             14.2045             26.7578
                  15                 170                   0             12.7486             13.6364             26.3849
                  15                 180                   0             13.0682             13.0682             26.1364
                  15                 190                   0             13.1037                12.5             25.6037
                  15                 200                   0             13.5121                12.5             26.0121
                  15                 210                   0              13.956                12.5              26.456
                  15                 220                   0             14.0092             11.9318             25.9411
                  15                 230                   0             14.6484             11.9318             26.5803
                  15                 240                   0             14.9148             11.3636             26.2784
                  15                 250                   0             15.1811             11.3636             26.5447
                  15                 260                   0             15.3409             11.3636             26.7045
                  15                 270                   0              15.483             11.3636             26.8466
                  15                 280                   0             15.7315             11.3636             27.0952
                  15                 290                   0             16.1399             11.3636             27.5036
                  15                 300                   0             16.4418             11.3636             27.8054
                  15                 310                   0             17.0455             11.3636             28.4091
                  15                 320                   0             18.1463             11.3636             29.5099
                  15                 330                   0              18.608             11.3636             29.9716
                  15                 340                   0             18.8743             11.3636             30.2379
                  15                 350                   0             19.3537             11.3636             30.7173
                  15                 360                   0             19.7976             11.3636             31.1612
                  15                 370                   0             20.5256             10.7955              31.321
                  15                 380                   0             20.6499             10.7955             31.4453
                  15                 390                   0             20.8807             10.7955             31.6761
                  15                 400                   0             21.2003             5.11364             26.3139
                  15                 410                   0             21.3601             5.11364             26.4737
                  15                 420                   0             21.4311             5.11364             26.5447
                  15                 430                   0             21.9815             5.11364             27.0952
                  15                 440                   0             22.2656             5.11364             27.3793
                  15                 450                   0             22.6562             5.11364             27.7699
                  15                 460                   0             23.1179             5.11364             28.2315
                  15                 470                   0             24.3253             5.11364             29.4389
                  15                 480                   0             25.1776             5.11364             30.2912
                  15                 490                   0              26.598             5.11364             31.7116
                  15                 500                   0             27.5568             5.11364             32.6705
                  15                 510                   0              28.196             5.11364             33.3097
                  15                 520                   0             28.5866             5.11364             33.7003
                  15                 530                   0             28.7997             5.11364             33.9134
                  15                 540                   0             29.7053             5.11364             34.8189
                  15                 550                   0             29.8828             5.11364             34.9964
                  15                 560                   0             30.2379             5.11364             35.3516
                  15                 570                   0             30.6108             5.11364             35.7244
                  15                 580                   0             31.1435             5.11364             36.2571
                  15                 590                   0             31.1612             5.11364             36.2749
                  15                 600                   0             31.3565             5.11364             36.4702
                  15                 610                   0             31.5518             5.11364             36.6655
                  15                 620                   0             32.3686             5.11364             37.4822
                  15                 630                   0             32.6349             5.11364             37.7486
                  15                 640                   0             33.3984             5.11364             38.5121
                  15                 650                   0             33.4339             5.11364             38.5476
                  15                 660                   0             33.6115             5.11364             38.7251
                  15                 670                   0             33.6825             5.11364             38.7962
                  15                 680                   0             34.1797             5.11364             39.2933
                  15                 690                   0             34.9254             5.11364             40.0391
                  15                 700                   0             35.2273             5.11364             40.3409
                  15                 710                   0             35.2983             5.11364             40.4119
                  15                 720                   0             35.5469             5.11364             40.6605
                  15                 730                   0             36.3814             5.11364              41.495
                  15                 740                   0             37.2869             5.11364             42.4006
                  15                 750                   0             37.7308             5.11364             42.8445
                  15                 760                   0             38.4411             5.11364             43.5547
                  15                 770                   0             38.5653             5.11364              43.679
                  15                 780                   0             39.2756             5.11364             44.3892
                  15                 790                   0             39.3288             5.11364             44.4425
                  15                 800                   0             39.8615             5.11364             44.9751
                  15                 810                   0             40.6605             1.13636             41.7969
                  15                 820                   0             40.8736             1.13636             42.0099
                  15                 830                   0             41.3175             1.13636             42.4538
                  15                 840                   0             42.5781             1.13636             43.7145
                  15                 850                   0             42.9155             1.13636             44.0518
                  15                 860                   0              43.608             1.13636             44.7443
                  15                 870                   0             44.1406             1.13636              45.277
                  15                 880                   0             44.5135             1.13636             45.6499
                  15                 890                   0             44.8864             1.13636             46.0227
                  15                 900                   0             45.7564             1.13636             46.8928
                  15                 910                   0             46.0938             1.13636             47.2301
                  15                 920                   0             46.5021             1.13636             47.6385
                  15                 930                   0             47.0703             1.13636             48.2067
                  15                 940                   0             47.9403             1.13636             49.0767
                  15                 950                   0             48.4553             1.13636             49.5916
                  15                 960                   0              48.473             1.13636             49.6094
                  15                 970                   0             49.4318             1.13636             50.5682
                  15                 980                   0             50.2131             1.13636             51.3494
                  15                 990                   0             51.2962             1.13636             52.4325
                  15                1000                   0             51.7223             1.13636             52.8587
