                  70                   0                   0             32.5817             6.81818             39.3999
                  70                  10                   0             33.6293             3.97727             37.6065
                  70                  20                   0             34.2507             3.97727              38.228
                  70                  30                   0             34.7834             3.97727             38.7607
                  70                  40                   0              35.174             3.97727             39.1513
                  70                  50                   0             35.5291             3.97727             39.5064
                  70                  60                   0             34.7124             7.95455             42.6669
                  70                  70                   0              35.032             7.95455             42.9865
                  70                  80                   0             35.2095             7.95455             43.1641
                  70                  90                   0             36.5057             3.40909             39.9148
                  70                 100                   0             36.7898             3.40909             40.1989
                  70                 110                   0             37.3757             2.84091             40.2166
                  70                 120                   0             38.0504             2.84091             40.8913
                  70                 130                   0             38.5298             2.84091             41.3707
                  70                 140                   0             39.4886             5.11364             44.6023
                  70                 150                   0             39.8438             5.11364             44.9574
                  70                 160                   0             40.0923             5.11364              45.206
                  70                 170                   0             40.4119             5.11364             45.5256
                  70                 180                   0             40.7315             5.11364             45.8452
                  70                 190                   0             40.9979             5.11364             46.1115
                  70                 200                   0             41.7614             5.11364              46.875
                  70                 210                   0             41.8857             1.13636              43.022
                  70                 220                   0             42.0987             1.13636             43.2351
                  70                 230                   0             42.4538             1.13636             43.5902
                  70                 240                   0             42.8445             1.13636             43.9808
                  70                 250                   0             42.8977             1.13636             44.0341
                  70                 260                   0             43.1641             1.13636             44.3004
                  70                 270                   0             43.2706             1.13636              44.407
                  70                 280                   0             43.3239             1.13636             44.4602
                  70                 290                   0             43.5192             1.13636             44.6555
                  70                 300                   0             43.7678             1.13636             44.9041
                  70                 310                   0             44.2472             1.13636             45.3835
                  70                 320                   0             45.3125             1.13636             46.4489
                  70                 330                   0             45.5256             1.13636             46.6619
                  70                 340                   0             45.5788             1.13636             46.7152
                  70                 350                   0             45.6321             1.13636             46.7685
                  70                 360                   0             46.2358             1.13636             47.3722
                  70                 370                   0             46.4666             1.13636              47.603
                  70                 380                   0              46.733             1.13636             47.8693
                  70                 390                   0              47.017             1.13636             48.1534
                  70                 400                   0             47.3722             1.13636             48.5085
                  70                 410                   0             48.2955             1.13636             49.4318
                  70                 420                   0             48.9347             1.13636              50.071
                  70                 430                   0             49.3963             1.13636             50.5327
                  70                 440                   0             50.7635             1.13636             51.8999
                  70                 450                   0             51.2784             1.13636             52.4148
                  70                 460                   0             51.7401             1.13636             52.8764
                  70                 470                   0             52.5391             1.13636             53.6754
                  70                 480                   0             53.6044             1.13636             54.7408
                  70                 490                   0             54.1726             1.13636             55.3089
                  70                 500                   0             55.0781             1.13636             56.2145
                  70                 510                   0             55.1314             1.13636             56.2678
                  70                 520                   0             56.0192             1.13636             57.1555
                  70                 530                   0             56.9247             1.13636             58.0611
                  70                 540                   0             58.0433             1.13636             59.1797
                  70                 550                   0             58.2031             1.13636             59.3395
                  70                 560                   0             58.9134             1.13636             60.0497
                  70                 570                   0             59.8722             1.13636             61.0085
                  70                 580                   0             60.6712             1.13636             61.8075
                  70                 590                   0             62.5178             1.13636             63.6541
                  70                 600                   0             62.6065             1.13636             63.7429
                  70                 610                   0             63.5121             1.13636             64.6484
                  70                 620                   0             63.6896             1.13636              64.826
                  70                 630                   0             63.7962             1.13636             64.9325
                  70                 640                   0             64.8615             1.13636             65.9979
                  70                 650                   0             65.1634             1.13636             66.2997
                  70                 660                   0             65.3764             1.13636             66.5128
                  70                 670                   0              65.554             1.13636             66.6903
                  70                 680                   0             67.7557             1.13636              68.892
                  70                 690                   0              68.022             1.13636             69.1584
                  70                 700                   0             68.1108             1.13636             69.2472
                  70                 710                   0             68.6435             1.13636             69.7798
                  70                 720                   0             68.8565             1.13636             69.9929
                  70                 730                   0             71.5909             1.13636             72.7273
                  70                 740                   0             71.6974             1.13636             72.8338
                  70                 750                   0             71.7685             1.13636             72.9048
                  70                 760                   0             73.0291             1.13636             74.1655
                  70                 770                   0             73.1001             1.13636             74.2365
                  70                 780                   0             73.3132             1.13636             74.4496
                  70                 790                   0             74.5028             1.13636             75.6392
                  70                 800                   0             74.6626             1.13636              75.799
                  70                 810                   0             74.8047             1.13636             75.9411
                  70                 820                   0             74.8935             1.13636             76.0298
                  70                 830                   0             75.2663             1.13636             76.4027
                  70                 840                   0             75.7457             1.13636             76.8821
                  70                 850                   0             75.8345             1.13636             76.9709
                  70                 860                   0             76.4205             1.13636             77.5568
                  70                 870                   0             76.8643             1.13636             78.0007
                  70                 880                   0             77.8942             1.13636             79.0305
                  70                 890                   0             78.0362             1.13636             79.1726
                  70                 900                   0             78.2315             1.13636             79.3679
                  70                 910                   0             78.3381             1.13636             79.4744
                  70                 920                   0             78.3381             1.13636             79.4744
                  70                 930                   0             78.6044             1.13636             79.7408
                  70                 940                   0             78.6044             1.13636             79.7408
                  70                 950                   0             79.0838             1.13636             80.2202
                  70                 960                   0             79.1016             1.13636             80.2379
                  70                 970                   0             79.3857             1.13636              80.522
                  70                 980                   0             79.3857             1.13636              80.522
                  70                 990                   0             79.7408             1.13636             80.8771
                  70                1000                   0             79.7585             1.13636             80.8949
