                  25                   0                   0             13.5476             15.3409             28.8885
                  25                  10                   0             13.8672             15.3409             29.2081
                  25                  20                   0             14.2045             15.3409             29.5455
                  25                  30                   0             14.3999             15.3409             29.7408
                  25                  40                   0             14.6484             15.3409             29.9893
                  25                  50                   0             15.0391             15.3409               30.38
                  25                  60                   0             15.3409             14.7727             30.1136
                  25                  70                   0             15.7315             14.2045             29.9361
                  25                  80                   0             15.9979             14.2045             30.2024
                  25                  90                   0             16.6193             13.6364             30.2557
                  25                 100                   0             16.8324             13.6364             30.4688
                  25                 110                   0             17.0099             13.6364             30.6463
                  25                 120                   0             17.5249             13.6364             31.1612
                  25                 130                   0              17.951             13.6364             31.5874
                  25                 140                   0             18.1641             13.0682             31.2322
                  25                 150                   0             18.4837                12.5             30.9837
                  25                 160                   0             18.7322                12.5             31.2322
                  25                 170                   0             18.5192                12.5             31.0192
                  25                 180                   0              18.679             11.3636             30.0426
                  25                 190                   0             19.3359             11.3636             30.6996
                  25                 200                   0             20.0462             11.3636             31.4098
                  25                 210                   0             20.2237             11.3636             31.5874
                  25                 220                   0             20.5078             10.2273             30.7351
                  25                 230                   0             21.8395             8.52273             30.3622
                  25                 240                   0             22.9048                6.25             29.1548
                  25                 250                   0              23.473             3.40909             26.8821
                  25                 260                   0              24.343             2.84091             27.1839
                  25                 270                   0             24.5916             2.27273             26.8643
                  25                 280                   0             26.0121             2.27273             28.2848
                  25                 290                   0             26.7933             2.27273             29.0661
                  25                 300                   0             27.6989             1.70455             29.4034
                  25                 310                   0             27.9652             1.70455             29.6697
                  25                 320                   0             28.4624             1.70455             30.1669
                  25                 330                   0             28.6932             1.13636             29.8295
                  25                 340                   0             29.1016             1.13636             30.2379
                  25                 350                   0             29.8295             1.13636             30.9659
                  25                 360                   0             30.2557             1.13636              31.392
                  25                 370                   0             31.0014             1.13636             32.1378
                  25                 380                   0             31.4098             1.13636             32.5462
                  25                 390                   0             31.9602             1.13636             33.0966
                  25                 400                   0             32.1555             1.13636             33.2919
                  25                 410                   0             32.7237             1.13636             33.8601
                  25                 420                   0             32.9545             1.13636             34.0909
                  25                 430                   0             33.4695             1.13636             34.6058
                  25                 440                   0             33.7713             1.13636             34.9077
                  25                 450                   0             33.8601             1.13636             34.9964
                  25                 460                   0             34.3395             1.13636             35.4759
                  25                 470                   0             34.4993             1.13636             35.6357
                  25                 480                   0             34.8722             1.13636             36.0085
                  25                 490                   0             35.9375             1.13636             37.0739
                  25                 500                   0             36.6655             1.13636             37.8018
                  25                 510                   0             37.1982             1.13636             38.3345
                  25                 520                   0              37.571             1.13636             38.7074
                  25                 530                   0             37.7841             1.13636             38.9205
                  25                 540                   0             38.0327             1.13636              39.169
                  25                 550                   0              38.157             1.13636             39.2933
                  25                 560                   0             38.2635             1.13636             39.3999
                  25                 570                   0               38.37             1.13636             39.5064
                  25                 580                   0             39.1335             1.13636             40.2699
                  25                 590                   0             39.7905             1.13636             40.9268
                  25                 600                   0             40.4297             1.13636             41.5661
                  25                 610                   0             40.8381             1.13636             41.9744
                  25                 620                   0             41.3175             1.13636             42.4538
                  25                 630                   0              41.353             1.13636             42.4893
                  25                 640                   0             41.8146             1.13636              42.951
                  25                 650                   0             42.2408             1.13636             43.3771
                  25                 660                   0             43.1818             1.13636             44.3182
                  25                 670                   0             43.2351             1.13636             44.3714
                  25                 680                   0             43.5902             1.13636             44.7266
                  25                 690                   0             43.7322             1.13636             44.8686
                  25                 700                   0             44.3714             1.13636             45.5078
                  25                 710                   0              45.348             1.13636             46.4844
                  25                 720                   0             45.9162             1.13636             47.0526
                  25                 730                   0             45.9162             1.13636             47.0526
                  25                 740                   0             46.3246             1.13636             47.4609
                  25                 750                   0             47.2479             1.13636             48.3842
                  25                 760                   0             47.6385             1.13636             48.7749
                  25                 770                   0             48.1889             1.13636             49.3253
                  25                 780                   0             48.7393             1.13636             49.8757
                  25                 790                   0             48.9169             1.13636             50.0533
                  25                 800                   0             50.3729             1.13636             51.5092
                  25                 810                   0             51.1896             1.13636              52.326
                  25                 820                   0             52.2372             1.13636             53.3736
                  25                 830                   0             53.0895             1.13636             54.2259
                  25                 840                   0             54.0305             1.13636             55.1669
                  25                 850                   0             54.6875             1.13636             55.8239
                  25                 860                   0             55.0426             1.13636              56.179
                  25                 870                   0             55.8416             1.13636              56.978
                  25                 880                   0             57.0135             1.13636             58.1499
                  25                 890                   0             57.9368             1.13636             59.0732
                  25                 900                   0             58.1321             1.13636             59.2685
                  25                 910                   0             58.3807             1.13636              59.517
                  25                 920                   0             58.4872             1.13636             59.6236
                  25                 930                   0             59.3217             1.13636             60.4581
                  25                 940                   0             59.4815             1.13636             60.6179
                  25                 950                   0             59.8011             1.13636             60.9375
                  25                 960                   0             60.0142             1.13636             61.1506
                  25                 970                   0             60.2273             1.13636             61.3636
                  25                 980                   0             60.3516             1.13636             61.4879
                  25                 990                   0             60.4403             1.13636             61.5767
                  25                1000                   0             60.8487             1.13636             61.9851
