                  30                   0                   0             15.8736             15.3409             31.2145
                  30                  10                   0             16.3352             15.3409             31.6761
                  30                  20                   0             16.6371             15.3409              31.978
                  30                  30                   0              17.223             15.3409             32.5639
                  30                  40                   0             17.6314             15.3409             32.9723
                  30                  50                   0             17.9688             14.7727             32.7415
                  30                  60                   0             18.2351             13.6364             31.8714
                  30                  70                   0             18.4482             13.0682             31.5163
                  30                  80                   0             18.8743             13.0682             31.9425
                  30                  90                   0              19.407                12.5              31.907
                  30                 100                   0             19.7266             11.9318             31.6584
                  30                 110                   0             19.8686             10.2273             30.0959
                  30                 120                   0             20.1527             10.2273               30.38
                  30                 130                   0             20.6499             10.2273             30.8771
                  30                 140                   0              21.218             9.09091             30.3089
                  30                 150                   0             21.7685             9.09091             30.8594
                  30                 160                   0             21.5376             11.9318             33.4695
                  30                 170                   0             21.8928             11.3636             33.2564
                  30                 180                   0             23.0824             10.2273             33.3097
                  30                 190                   0             23.8991             9.65909             33.5582
                  30                 200                   0             24.8224             9.09091             33.9134
                  30                 210                   0             25.4084             6.81818             32.2266
                  30                 220                   0             27.0597             2.27273             29.3324
                  30                 230                   0             27.8054             2.27273             30.0781
                  30                 240                   0             28.1783             2.27273              30.451
                  30                 250                   0             28.5156             1.70455             30.2202
                  30                 260                   0             28.9418             1.70455             30.6463
                  30                 270                   0             29.2791             1.70455             30.9837
                  30                 280                   0             29.8828             1.70455             31.5874
                  30                 290                   0             30.2202             1.70455             31.9247
                  30                 300                   0             30.9659             1.70455             32.6705
                  30                 310                   0             31.6406             1.70455             33.3452
                  30                 320                   0             32.3864             1.13636             33.5227
                  30                 330                   0             32.7947             1.13636             33.9311
                  30                 340                   0             33.0966             1.13636              34.233
                  30                 350                   0             33.6648             1.13636             34.8011
                  30                 360                   0             34.0554             1.13636             35.1918
                  30                 370                   0             34.4105             1.13636             35.5469
                  30                 380                   0             34.6413             1.13636             35.7777
                  30                 390                   0              35.245             1.13636             36.3814
                  30                 400                   0             35.5469             1.13636             36.6832
                  30                 410                   0             35.9908             1.13636             37.1271
                  30                 420                   0             36.1683             1.13636             37.3047
                  30                 430                   0             36.2926             1.13636              37.429
                  30                 440                   0             36.4347             1.13636              37.571
                  30                 450                   0             36.5234             1.13636             37.6598
                  30                 460                   0             37.1449             1.13636             38.2812
                  30                 470                   0             38.0327             1.13636              39.169
                  30                 480                   0             38.5121             1.13636             39.6484
                  30                 490                   0             38.5831             1.13636             39.7195
                  30                 500                   0             38.9382             1.13636             40.0746
                  30                 510                   0             39.7905             1.13636             40.9268
                  30                 520                   0             40.0746             1.13636             41.2109
                  30                 530                   0             40.1989             1.13636             41.3352
                  30                 540                   0             40.1989             1.13636             41.3352
                  30                 550                   0              40.554             1.13636             41.6903
                  30                 560                   0             41.5483             1.13636             42.6847
                  30                 570                   0             41.7791             1.13636             42.9155
                  30                 580                   0             41.7791             1.13636             42.9155
                  30                 590                   0             41.9034             1.13636             43.0398
                  30                 600                   0             42.7379             1.13636             43.8743
                  30                 610                   0             43.5724             1.13636             44.7088
                  30                 620                   0             43.8565             1.13636             44.9929
                  30                 630                   0             44.6911             1.13636             45.8274
                  30                 640                   0             45.8097             1.13636              46.946
                  30                 650                   0             46.0938             1.13636             47.2301
                  30                 660                   0             46.5732             1.13636             47.7095
                  30                 670                   0              47.532             1.13636             48.6683
                  30                 680                   0             48.4375             1.13636             49.5739
                  30                 690                   0             48.5263             1.13636             49.6626
                  30                 700                   0             48.8281             1.13636             49.9645
                  30                 710                   0             49.7869             1.13636             50.9233
                  30                 720                   0             49.8757             1.13636             51.0121
                  30                 730                   0             50.2308             1.13636             51.3672
                  30                 740                   0             50.4616             1.13636              51.598
                  30                 750                   0             51.0121             1.13636             52.1484
                  30                 760                   0             51.8466             1.13636              52.983
                  30                 770                   0              52.326             1.13636             53.4624
                  30                 780                   0             52.9297             1.13636             54.0661
                  30                 790                   0             53.2848             1.13636             54.4212
                  30                 800                   0             53.5866             1.13636              54.723
                  30                 810                   0             54.6342             1.13636             55.7706
                  30                 820                   0             55.1136             1.13636               56.25
                  30                 830                   0             56.1612             1.13636             57.2976
                  30                 840                   0             56.7649             1.13636             57.9013
                  30                 850                   0             58.3274             1.13636             59.4638
                  30                 860                   0             58.8778             1.13636             60.0142
                  30                 870                   0             60.3871             1.13636             61.5234
                  30                 880                   0             60.5824             1.13636             61.7188
                  30                 890                   0             60.7955             1.13636             61.9318
                  30                 900                   0             61.2571             1.13636             62.3935
                  30                 910                   0             61.5767             1.13636             62.7131
                  30                 920                   0             61.7365             1.13636             62.8729
                  30                 930                   0             61.8253             1.13636             62.9616
                  30                 940                   0             61.9141             1.13636             63.0504
                  30                 950                   0             62.0916             1.13636              63.228
                  30                 960                   0             62.1804             1.13636             63.3168
                  30                 970                   0             62.9972             1.13636             64.1335
                  30                 980                   0             63.6186             1.13636              64.755
                  30                 990                   0             64.2578             1.13636             65.3942
                  30                1000                   0             64.3466             1.13636              65.483
